12.7824
6.2521
14.1541
10.1742
2.33594
3.48391
16.4205
3.80068
14.0267
14.6897
8.26478
12.1547
7.01864
5.4418
6.98169
15.1339
18.4024
0.33668
9.63404
7.72907
9.93561
6.06616
19.3121
14.7032
6.2928
4.80934
9.23289
10.044
14.045
6.32342
1.71719
6.09878
14.1188
1.61521
2.39481
9.2333
18.6607
6.25555
8.46678
5.37912
1.2009
13.2413
17.2852
17.6501
15.1475
1.15983
10.3016
14.4379
13.6569
11.5356
14.776
1.45999
19.0315
0.438539
16.7859
11.0325
9.1506
15.498
5.87384
17.2896
0.914134
1.10348
17.6514
14.7107
13.2266
1.27328
13.2275
3.42983
11.2255
14.3854
10.7182
16.7209
15.3879
5.21529
18.496
1.47797
4.3269
17.4578
1.99292
10.2652
7.887
1.68602
19.7451
7.56309
19.8828
0.235578
6.84145
7.96258
7.16818
6.867
7.87331
19.9097
19.6131
3.67406
2.20776
17.764
8.94865
16.8204
7.33606
14.2984
15.2089
12.3868
18.8382
3.07334
2.7921
10.2932
1.26442
15.4297
14.6725
5.98587
8.31618
9.82053
9.31573
8.91837
11.2274
3.41835
17.2458
3.0958
19.3701
0.446615
3.57894
7.45736
1.69199
5.88509
5.78757
6.91512
16.3826
14.2436
2.35385
1.73134
5.86064
12.674
3.2115
18.1629
19.1397
0.669204
8.90586
19.0796
13.5031
8.72408
2.42069
14.1381
5.66055
11.2403
10.7833
17.3098
11.3081
1.51962
9.50973
2.26079
1.36078
13.8627
2.25899
2.58723
15.3677
2.50939
18.3353
3.64148
15.3442
0.0311436
10.5066
12.0168
7.34992
1.90782
18.0399
13.7083
17.4127
6.1616
14.9942
12.2146
2.41632
11.1757
14.804
8.76835
0.106726
11.259
0.933432
13.3046
4.56883
11.9769
18.8764
0.102401
1.57535
6.58058
9.19771
2.46142
16.8103
8.6238
18.8232
15.6899
1.34085
12.3247
1.67236
5.09701
4.43066
8.95548
17.9587
13.102
6.23678
14.8342
15.6403
5.06435
12.9481
14.8999
17.2512
0.242163
3.94541
1.98516
15.0843
13.137
0.908325
11.0813
4.19415
7.25519
18.4139
17.7318
8.96788
6.4685
4.44926
4.11934
18.2518
16.7683
8.66707
6.91831
18.2016
2.40643
19.5007
16.7417
7.40571
8.67313
8.3653
16.3034
15.1361
7.3586
19.6935
1.26029
17.7623
9.01632
7.85355
10.0453
13.0043
2.29298
1.93407
6.17236
3.89822
14.1549
8.13073
11.1171
16.2964
10.5219
17.868
17.2897
10.2678
4.81769
9.60364
2.29201
1.84359
16.4668
5.69053
8.6453
8.82919
0.0114031
0.379744
11.5394
17.1381
19.4763
3.17947
18.5883
13.8596
13.0172
19.3156
2.45266
3.48761
16.4758
5.74113
13.9431
7.68377
0.202794
12.2627
11.1771
8.57423
14.0796
13.8173
6.56681
3.98376
5.05159
6.94456
0.837889
2.85291
8.6678
15.2036
11.1122
4.87039
11.6595
19.5159
5.5497
10.3151
15.1288
12.6799
18.3164
18.3566
7.37921
8.25826
5.30576
18.9499
5.02179
8.26927
19.949
19.4671
11.8041
12.3166
1.01286
16.1637
4.30073
13.1036
16.8724
5.14701
8.2754
8.90209
16.9449
14.9186
9.85424
1.48446
10.2238
0.811586
0.130558
4.53486
9.47147
19.5597
8.60957
12.8255
10.7908
14.9521
8.00208
3.16467
19.3911
15.3377
2.96886
14.1819
6.85927
9.14458
12.725
19.0781
5.72455
19.3977
5.49357
7.66704
8.08091
5.51388
5.78814
6.83936
11.1779
9.29554
11.3347
4.34207
10.0197
7.73807
3.20795
8.39849
7.45352
11.1605
14.322
8.43894
19.8909
4.22309
3.38622
12.0675
10.2286
15.0607
4.40865
6.37058
5.18609
7.53037
6.90276
2.03847
6.43915
8.79557
12.0487
9.13734
19.5647
6.55032
4.55024
7.72897
19.5323
6.2315
0.620998
16.4684
10.3595
13.2419
11.9174
7.6805
17.3587
4.83401
14.1377
18.6899
15.0251
7.43338
17.9629
15.5334
16.5451
4.39893
1.55127
14.3643
1.19603
3.15877
15.7463
9.19504
5.29393
7.32347
11.5092
6.89208
10.7992
10.8699
19.464
8.60669
1.39857
6.41809
12.8869
13.0731
15.5874
19.2309
14.9551
5.69157
1.18587
17.701
9.3246
11.3715
1.3071
17.6785
5.47195
12.7919
4.51301
7.68287
3.50827
12.6638
7.97988
12.1219
16.5779
4.30842
4.49857
13.6784
1.93608
5.97265
19.1395
4.88122
15.6723
4.63302
6.15268
13.7227
8.66998
9.61574
9.39907
0.0821242
5.21533
5.82747
10.6789
7.00595
13.9024
5.86532
5.21464
6.68813
17.7248
9.82884
14.2207
3.2412
6.65348
17.3309
18.8038
15.3132
4.04478
0.792033
8.45974
15.1413
1.19708
18.4102
15.16
13.1137
19.7471
10.441
8.72697
19.3647
1.94464
5.4733
6.34978
12.7191
11.3745
10.7607
6.63323
19.8816
7.10466
14.6242
13.842
13.465
1.81172
7.32158
14.9866
4.81114
11.8512
0.749162
6.73069
0.29809
18.9742
9.18434
13.8748
8.88304
16.0631
14.1438
19.812
9.43499
2.37265
12.7814
19.8748
18.7144
19.5467
3.78565
13.6477
5.10196
7.21004
2.8818
8.23949
13.6491
1.67312
19.9166
6.97704
18.8134
5.82504
14.2271
0.832702
6.84361
3.32828
4.27275
1.26239
12.7753
3.42513
17.3974
8.77964
5.53083
15.5748
18.2976
16.8856
19.33
10.8385
0.892023
12.6013
12.5271
2.40927
0.61555
9.72074
17.5546
9.79534
11.1257
14.5602
5.17339
11.1619
4.63747
4.89082
7.03016
4.6245
4.26522
2.59544
13.236
5.79083
0.752803
4.37269
0.58068
14.0804
15.8595
2.1448
11.8843
2.36405
13.5829
17.0717
0.420573
12.9016
18.9439
15.3908
3.60727
11.7307
17.3247
2.87586
2.11831
18.0794
15.6475
19.2045
5.58875
9.84187
15.5943
5.2268
7.55634
16.3125
16.4504
12.7011
2.61841
7.01398
6.28299
4.00187
9.2806
7.92488
3.57487
4.29321
10.8947
1.47217
7.88037
10.6947
15.429
8.25052
16.896
10.6272
6.59491
18.4143
16.7905
14.9759
8.1117
17.5624
14.3906
4.28716
2.68938
11.9185
12.7606
3.55713
17.5898
2.208
15.5142
19.5296
3.55065
19.758
4.48035
7.75492
3.21622
11.6512
3.6917
0.0236927
16.9696
18.6971
4.87278
15.3115
12.9645
1.8899
7.32247
4.28831
13.4812
2.19163
9.48539
9.31056
14.8606
9.84695
13.3045
12.8298
18.7019
11.5274
10.0116
11.0589
16.4956
7.66375
12.8702
19.2291
1.32133
1.82872
6.76832
11.321
6.56584
3.59585
4.91763
1.06564
1.15167
14.9521
15.2966
15.0435
19.0363
4.23337
17.0515
9.09302
6.26294
4.31198
15.3788
18.9445
16.2355
17.5164
3.0081
17.4781
17.7261
16.734
6.30162
16.5991
13.0405
7.73552
10.1334
9.54211
14.7649
13.3456
0.132996
12.9133
1.19892
16.8895
15.9402
17.7188
3.34386
8.07835
17.7748
7.34222
7.46619
3.80481
1.42937
2.94018
10.4001
1.78533
18.9095
16.399
5.79817
17.9736
5.49544
17.9096
0.141843
14.659
0.770515
19.7717
2.97666
19.9114
6.44306
16.9151
3.52734
10.0627
17.3064
5.94875
13.6043
0.171274
6.28548
18.2996
11.7443
8.36321
17.1967
11.9881
7.82983
13.6925
0.438481
13.7684
12.1227
17.2654
12.1251
8.97156
2.6691
10.5613
18.425
16.0886
1.46195
7.89131
4.84176
12.0321
3.56628
18.7873
9.14264
16.1637
13.8717
17.3608
2.26738
9.88673
13.0813
19.463
17.7575
16.7264
1.11382
3.13616
19.9018
9.69407
16.7134
11.4538
0.512344
8.49181
18.9692
13.7589
11.5869
15.8163
3.19608
1.06588
3.51774
18.1087
5.38481
0.456011
13.4195
19.5945
3.40672
7.49999
1.18393
9.86774
19.3454
5.96033
18.1687
19.1554
3.35269
7.28452
13.8336
6.51219
11.281
18.509
8.0213
5.41746
16.1153
5.43563
0.902808
14.491
7.51633
4.49519
7.06746
6.74637
15.9208
7.99995
6.98245
15.7733
7.02215
19.2611
17.1359
17.9998
18.5656
13.0274
12.307
5.80676
4.16122
17.1629
8.82107
10.859
6.74323
14.7778
14.0837
17.5921
10.8596
0.606983
0.359773
16.8532
16.9431
15.3754
9.99297
3.44276
0.795163
3.15525
18.0387
1.07331
1.14281
1.13533
6.19541
8.43686
6.10058
9.01189
2.25151
18.0778
17.2337
6.99837
10.7456
15.3244
18.9187
14.1053
15.8075
15.2116
0.533975
9.91682
15.3271
13.5841
5.08841
14.8939
11.141
12.7916
8.17338
6.6543
1.97296
19.4689
9.51553
15.9896
8.32088
12.7596
2.96482
2.07243
16.06
12.1756
12.251
11.5236
19.7088
16.2337
14.892
4.51748
16.682
14.3681
9.59287
11.4235
2.72347
18.9628
13.9333
17.282
14.3106
19.98
1.88112
16.8619
10.0549
3.70869
8.47699
16.2431
12.3752
6.22538
3.95519
6.90211
1.91135
5.21211
12.7221
16.2791
12.4965
9.11354
17.3878
14.4286
19.5423
8.01488
18.2098
7.22555
18.8821
3.95392
7.13476
1.52098
13.8323
14.048
15.1075
18.2704
13.835
18.3289
11.0152
11.2988
9.68757
5.28223
16.8775
18.9545
17.7889
11.1816
10.9276
10.6811
0.728385
3.56287
7.29599
18.641
4.82969
10.7654
18.8244
19.8621
8.20974
10.1174
16.4919
14.505
16.4608
10.502
0.201128
13.041
8.35283
0.926111
2.80145
6.35843
12.4215
19.8129
6.0775
6.55549
13.1635
6.61064
15.9975
18.0392
4.61553
19.9737
17.7881
18.635
16.3454
11.7493
17.102
16.0226
5.25467
2.40421
17.0145
14.1521
10.2306
8.79176
11.9122
4.22157
1.17656
17.8498
11.4189
10.5292
3.00615
14.0948
3.83616
16.9463
13.4491
10.973
15.8735
4.57643
17.5766
2.14156
15.935
6.62591
3.96287
5.18143
5.58439
11.4624
16.3144
9.08841
10.8586
2.67482
9.95813
15.1503
19.9307
12.6985
18.0321
7.78302
0.638513
15.1061
15.7518
17.975
9.29696
0.0929224
12.8357
11.8722
1.05761
9.80683
19.7309
11.9979
14.3845
13.363
11.1779
19.2674
8.21212
1.45943
12.9142
16.4788
17.6859
3.63142
1.6552
10.3382
2.9905
9.95837
14.6651
1.07892
2.41998
11.7474
18.0814
9.40634
1.9245
10.101
17.9845
16.7284
7.17816
9.85306
19.7206
6.3106
6.20609
1.42146
14.1155
13.7009
5.32551
1.0826
10.2346
7.11199
13.3737
14.176
12.9534
15.2569
17.5109
3.01872
18.3334
14.2018
11.0816
11.3927
8.91914
13.6841
9.6176
9.37363
17.6737
2.19774
3.84685
2.2415
1.86934
8.66895
15.2969
11.2203
19.0392
8.40371
16.1404
15.862
9.86348
12.4625
15.3461
19.6207
14.3625
19.5436
11.0547
15.7001
2.0383
3.97988
13.9546
0.542493
12.4569
7.80564
11.8941
17.0313
9.22567
12.5029
8.01206
16.253
14.1515
17.1663
9.10446
9.95636
9.26706
12.1545
8.27237
9.24065
5.21668
11.6561
4.1778
10.4219
10.9175
0.510643
5.55908
6.76997
6.52339
11.7145
0.677236
5.89039
8.92579
5.28173
14.1849
3.88934
0.0485635
2.52906
16.6287
0.0642379
9.67366
4.07975
6.5957
17.4503
19.3695
14.5449
14.6079
1.4329
9.8795
8.69976
15.9522
2.36197
15.4699
4.76334
3.99691
15.8482
2.28842
10.283
12.7303
13.3862
16.2631
10.8795
5.37007
14.8891
5.77995
6.83055
6.75677
0.51347
19.068
17.3008
18.4167
7.58018
7.76263
10.6332
3.93672
13.2301
14.2289
17.3544
3.1194
8.07582
10.4031
5.96698
13.1444
17.7843
4.33544
3.97549
12.999
18.4419
11.4166
12.167
15.1613
13.9871
6.07215
0.662227
3.66611
3.52879
5.19603
10.9041
14.5174
0.664217
14.859
8.01859
8.60061
17.601
4.91646
17.8445
3.18296
17.9495
16.5555
17.7836
0.766283
12.8738
4.18741
11.6562
7.68436
7.81808
16.1977
2.99475
0.30025
15.4476
7.43983
9.50031
2.54747
14.9028
8.28194
16.6486
15.8293
7.70872
0.863745
11.9364
1.59073
8.47122
3.64241
13.2852
17.6813
7.37265
10.8154
13.0729
7.76519
14.1362
16.0318
5.60947
5.76996
2.00622
17.5684
14.5618
8.91826
13.9395
4.09776
0.832004
9.30302
8.36217
17.4875
11.4605
4.96076
9.64138
17.8532
7.3032
13.3439
1.60122
12.4067
6.6694
7.79828
9.17702
7.69314
4.20135
11.6879
7.86682
0.249008
10.3848
13.1012
3.39914
9.78885
10.3064
6.4056
4.00036
13.8127
17.127
10.5328
10.9387
12.2934
14.2296
1.83016
1.03975
4.92866
15.0334
4.00953
3.02931
19.8295
13.3252
4.92969
3.87902
9.80295
10.7614
18.0255
6.13927
10.5925
2.47034
10.3834
19.658
17.0744
10.0603
16.5632
6.94798
0.330074
19.5704
17.2702
6.5589
13.0633
5.26332
0.317489
1.23948
14.0291
18.0611
18.5743
19.126
18.5963
17.806
18.7711
15.0475
15.2612
14.2439
12.3666
16.2379
3.65566
17.1005
7.20014
11.7686
13.3868
8.10167
13.4093
2.38996
9.6302
3.01549
11.3697
11.0361
2.63068
1.9955
4.85925
16.4271
13.7112
0.728526
8.71944
7.79658
5.21457
16.6701
10.6444
10.7627
0.51523
18.6348
10.0606
18.4237
2.84403
2.55643
8.0776
5.66604
16.5608
4.10872
12.2971
19.5545
8.54518
12.9256
5.46125
18.0215
5.84461
0.412967
10.2388
2.97503
5.45148
4.581
4.76857
12.5736
12.366
1.2468
13.4483
10.5767
18.2004
8.71505
2.43717
11.4125
15.3
5.41676
16.0712
11.4227
8.29694
16.0999
8.49933
18.672
16.089
4.59003
3.57534
17.6008
0.355816
18.0962
6.226
15.4503
16.8116
18.1024
5.47783
4.42437
18.9407
14.5538
8.66193
10.7162
16.3839
17.8554
9.31745
18.2092
14.7132
6.65819
18.1298
8.63362
1.46142
10.0346
19.7579
9.74846
16.7197
11.9462
2.61961
2.84282
12.2962
10.6904
6.82916
11.9091
18.3389
0.233253
7.45759
0.250463
14.7359
5.58405
19.3036
2.6604
2.37215
0.251073
17.7541
7.96735
7.81739
7.31637
2.79722
10.3345
14.5733
11.7508
14.2574
14.9237
6.60666
2.74763
12.8386
1.28755
1.06061
16.6009
6.65938
0.403937
7.39736
6.11038
7.42853
6.64472
13.9994
18.4682
9.96527
14.4307
6.09662
1.29853
3.67738
19.7804
18.2584
13.4784
5.77393
0.430245
3.81005
10.8625
4.47853
12.0613
7.16584
14.435
10.085
1.98172
15.0752
4.42483
15.0447
9.62432
6.14854
14.7491
4.96004
14.4609
12.0041
2.96582
7.56415
9.1773
1.12233
1.67795
10.8221
18.1923
3.55997
9.33611
3.2559
11.5027
4.09964
10.9002
3.45869
12.7113
4.81787
6.52865
8.27281
12.9076
15.2852
4.38505
4.21384
2.61569
7.62632
12.08
13.4622
12.804
0.683231
5.3645
15.5421
4.06467
12.7372
7.00041
9.87868
10.3326
6.8166
6.5214
4.39294
2.54266
15.6984
2.48356
7.47635
7.75345
19.907
0.110062
19.6591
15.2143
18.4191
14.8445
15.9199
7.59999
10.1395
13.6395
17.1385
2.145
13.9052
1.00934
5.10055
9.85054
9.66883
0.261022
5.91172
6.75704
10.7822
7.35325
2.10319
10.7531
10.6171
16.5737
9.1085
15.2927
6.8128
10.5432
17.2698
10.8529
12.6807
17.9934
17.1953
5.73238
14.5413
0.247953
9.79901
15.921
5.94796
4.75252
8.38341
2.09607
18.0136
10.8638
6.48414
1.45184
3.20342
7.07096
8.47734
12.6292
10.5531
3.02676
2.662
0.00558976
14.3518
3.55747
6.00623
11.3204
2.81323
0.980344
11.2357
14.2179
11.1111
4.28733
11.224
13.0594
19.1439
11.1376
2.8393
3.42273
2.48218
11.6222
3.4512
8.90644
14.8561
17.0485
17.1885
1.02689
15.8772
0.00160221
8.88305
2.12085
7.6197
11.1987
7.12103
19.2737
12.3509
13.3205
0.0562894
8.35617
14.6782
9.72651
13.9378
5.26171
2.94828
1.21417
0.754913
5.31538
13.2408
13.757
3.3463
2.50746
4.33221
5.4958
0.896541
15.8026
14.7769
8.33794
7.02092
11.8867
9.47899
16.8389
17.0929
3.20664
4.89632
1.37157
3.42417
18.6574
5.27746
4.43766
10.1224
3.20999
18.2821
19.6554
15.675
9.10349
19.3277
0.95728
18.4325
0.0505542
15.8914
10.011
8.15551
8.41347
6.76981
15.836
2.86295
0.695679
14.6623
16.5319
13.8128
9.0787
12.2005
16.6637
2.52626
13.7825
12.896
6.65498
12.439
11.1832
15.8141
8.41058
6.12566
7.68249
10.7782
8.74528
12.4119
18.665
5.78025
17.719
16.3975
9.08289
19.2947
15.8298
7.88693
18.4883
15.8965
12.2186
17.2392
18.9012
16.2407
19.9986
5.99781
0.404078
0.0217489
5.62218
14.2571
12.1228
12.8512
19.6343
7.43179
17.1596
7.77244
11.0491
2.94685
4.26522
15.0347
18.6978
18.4781
10.1305
3.36037
7.27404
18.656
8.34382
13.88
5.61219
5.48423
8.24382
3.5585
0.701515
14.6946
5.66741
14.03
10.1355
16.6473
4.68545
4.66027
8.94884
18.2083
9.53549
9.70593
12.2651
11.2362
1.64855
10.3798
1.36808
15.64
17.9591
15.5318
17.6606
14.7834
9.88479
9.95509
4.49917
15.3512
14.9735
9.37308
4.04121
4.66206
6.99296
0.329347
3.63003
14.4195
1.81693
14.6642
0.894596
11.9589
10.8907
9.41248
2.01901
8.24886
11.793
19.1601
2.43789
11.3618
18.4446
16.0766
17.105
19.4105
10.6721
19.4524
12.9205
19.766
13.5477
12.0017
13.7452
15.8578
2.10002
5.34635
10.6343
4.54171
5.87104
2.1303
9.56379
7.34782
16.3136
9.50782
10.5685
10.0318
13.4522
3.96178
14.5728
6.95554
18.4248
4.63074
5.30413
6.70184
19.4131
16.8453
11.9199
16.6364
6.50639
15.2925
5.66726
15.2768
6.68971
10.4984
9.01988
11.2264
5.29871
13.7447
17.8187
9.10243
2.09673
2.14868
13.1421
1.11686
0.118127
14.5527
5.00099
4.89399
13.1878
10.1801
11.3319
4.89941
15.698
7.80912
14.4363
2.98223
13.0653
19.5328
14.9569
9.23904
9.9511
9.81833
18.5563
14.1705
15.0489
7.43314
11.9297
5.30891
2.52975
10.2648
17.5475
7.70123
19.912
6.96748
9.92091
7.57842
11.7173
16.9585
15.3248
15.241
1.05693
15.4863
10.5473
1.30484
10.4359
16.9651
9.03412
12.5599
17.8337
15.3106
2.2087
14.5402
10.2706
1.28431
2.13316
3.69421
10.8094
18.6451
9.961
10.3741
9.12318
18.1436
11.1538
5.90952
18.7933
5.72335
6.59174
19.4524
10.6853
1.6998
12.8475
18.4155
13.2704
9.33779
12.9568
7.93646
14.0977
9.53743
19.8486
13.468
5.86897
19.2702
5.58473
4.00413
19.4184
6.38347
11.2527
3.11154
19.4848
4.57088
10.8706
12.0094
2.78615
0.481404
15.3051
13.0114
19.1184
11.4619
8.94208
13.7656
16.1842
18.7933
15.1396
0.390941
1.85228
1.46499
3.34444
1.50114
17.0891
0.725472
7.72102
16.6034
17.5593
3.32953
7.82742
11.6428
18.865
10.1898
1.8523
12.1564
5.18351
19.9762
15.464
17.0498
1.01621
9.93722
6.46778
9.5029
2.64051
0.766152
4.61035
12.0513
6.23962
12.9326
2.99975
10.3596
6.50078
9.95781
0.907188
6.39353
7.13313
6.60317
4.77531
11.7861
13.476
4.24356
16.7739
1.38823
6.36634
13.1086
12.3961
6.06266
3.09723
6.20468
12.5648
4.18108
19.8356
19.0098
13.4519
4.85712
5.64294
17.8432
4.79612
13.4223
8.56445
3.33358
9.03855
1.00445
19.4699
15.9798
0.292375
19.1113
2.52342
16.1771
8.05032
11.7256
5.80653
7.95131
18.1446
19.3465
16.2174
4.83576
19.3401
5.54521
4.33853
18.3181
6.85768
9.56582
6.55271
10.4113
1.88497
2.91833
14.3803
7.08472
17.6516
3.88988
2.01715
9.41681
13.2575
15.2665
1.22145
15.8986
9.10356
6.27595
7.16629
0.757813
5.50236
17.3253
16.3335
2.39004
9.51959
19.318
14.2001
2.39584
10.889
5.97507
7.18559
13.2775
13.5419
12.0175
8.89781
4.17753
18.905
12.2077
11.6207
3.061
18.4568
11.1472
2.03479
14.6526
17.0951
15.1187
18.1631
17.7723
0.934547
9.52255
7.90655
5.47216
9.66373
11.9903
17.0563
8.8442
11.6804
14.7748
17.7269
10.3379
13.8521
0.000829706
1.67263
18.8199
17.8893
16.1572
16.4974
12.2873
18.0943
10.0337
5.35744
5.95138
3.86307
11.5686
17.4196
10.4622
0.99948
5.21383
14.6904
8.50498
15.3281
15.9916
18.2764
1.45654
1.65089
7.8798
6.05378
19.3522
17.7404
4.20757
12.3766
0.287127
19.6292
2.74605
17.8953
9.50496
8.44456
19.2472
10.596
3.88949
2.42264
12.6793
12.043
8.95288
14.3867
17.061
4.06983
18.596
6.66743
6.31048
6.60741
16.7857
16.1931
14.1694
9.05324
11.4535
2.35509
2.97357
13.1446
14.016
4.48885
7.72131
1.66059
14.2231
14.8562
7.45708
1.22519
13.0278
4.96874
14.1798
14.2734
0.281409
15.2324
18.8254
5.34789
0.184943
13.6297
8.08724
17.6051
14.2551
3.32054
0.277023
6.40939
8.82859
7.97933
11.8419
16.5046
17.4686
16.1021
12.2645
3.63494
4.65757
17.9883
14.1168
7.73243
5.99769
8.25
5.6903
10.8093
13.6969
12.2396
10.2958
7.50771
6.49154
16.5256
10.943
6.28456
7.18069
7.72665
10.9976
0.129783
18.3887
7.19169
13.719
13.1163
2.46743
13.4151
2.78766
3.70207
11.0491
17.4291
4.34393
2.04472
1.7041
7.95222
12.9491
18.5516
18.8453
6.30301
15.1395
9.45123
15.178
4.23534
10.6526
16.2168
14.1901
19.6577
16.132
0.16836
3.75279
11.766
18.7867
15.151
0.251637
5.41987
17.5797
3.17359
5.32234
18.3899
3.30231
14.9439
3.94426
5.25584
16.0109
18.6227
12.894
17.0626
14.1092
2.95257
18.4844
4.23492
6.17202
14.2356
1.96072
17.9356
6.33916
7.85019
17.7629
3.07135
5.9298
2.3546
17.6517
8.0844
0.893176
3.52195
5.54653
5.32553
10.3129
4.05148
15.2516
18.0352
2.2092
10.4216
3.30841
13.9379
0.566152
13.6313
0.229704
12.4165
2.39037
3.21117
3.44787
9.75941
15.7581
12.5452
13.637
12.3043
2.2602
1.4685
18.758
9.8996
0.298203
0.220773
14.7131
2.95901
12.765
2.12974
17.6057
7.25631
1.90808
16.5231
6.91131
0.47999
17.8631
6.75093
16.6838
17.1046
15.5391
1.77788
14.8929
13.6225
10.1683
11.185
0.610211
14.9341
13.4567
11.5038
10.0995
9.64583
4.24019
12.5554
1.02111
14.9057
0.392752
9.96011
17.5552
13.2105
6.28878
8.82101
10.2492
16.7894
16.9769
2.02064
5.23958
19.4516
13.3232
2.86583
18.3079
4.54711
2.01093
14.6615
14.3341
13.0554
18.3749
19.0694
7.68476
4.27333
11.9508
16.1153
11.7568
6.33385
7.61556
11.3299
2.42472
7.87181
0.943586
15.5784
5.13135
3.41664
7.8899
5.89256
19.6411
11.1331
11.1515
8.83806
0.69851
7.41684
1.95034
2.27383
12.5748
17.0267
10.5667
17.9498
12.945
0.340754
18.8041
19.2888
12.2438
18.4177
16.47
11.7824
19.6598
14.5497
11.8166
2.34275
2.07712
2.31176
9.07837
13.7402
1.83147
5.79807
2.45826
6.15121
16.7819
1.35548
5.84306
11.4238
11.6088
11.7075
6.18233
18.1532
16.6093
0.663491
7.4391
19.2209
13.6765
3.24845
4.46259
2.01882
12.439
2.77392
17.0554
8.5827
1.80349
15.7464
13.5158
9.47982
3.89724
18.6074
17.2749
18.4238
0.300463
11.0392
8.51301
10.4618
6.77969
8.01567
3.38211
1.33726
19.7792
18.7846
7.53934
12.5889
10.4657
16.2023
14.7884
16.8998
7.75829
5.32416
0.892471
2.59153
14.4028
6.57723
18.0987
10.8904
17.2211
15.7482
17.3529
14.5624
1.68831
14.5412
19.8118
6.78058
16.744
0.0978372
1.93752
6.73782
1.31411
9.858
18.9564
3.09566
5.17064
10.6668
13.9645
14.7089
17.4252
13.8903
8.01036
18.8508
17.8421
1.73567
12.8678
0.686469
13.669
4.72761
4.52913
11.8103
10.2371
1.33507
3.00052
12.5114
15.1191
2.72274
10.4705
14.2452
4.96825
7.13123
6.06006
18.3155
16.23
16.3182
19.0933
3.54814
7.44983
13.8832
10.7851
17.2243
12.5995
3.84221
0.0412685
19.8247
9.74314
1.79738
8.01883
17.7626
2.80369
16.4277
15.1398
3.04963
14.3673
15.4119
19.6925
18.8092
9.22403
7.16192
18.4377
14.3931
12.9975
7.61422
4.87605
16.4536
2.60827
1.72122
1.65635
2.49744
15.7695
7.96399
15.4461
14.6157
1.84238
14.7995
10.2651
11.9576
11.578
4.77381
19.0529
2.89335
10.7229
18.2838
10.5484
0.759256
15.5978
17.5742
15.7189
1.55358
16.3906
12.8554
12.9043
2.54978
0.407165
5.9522
2.8028
8.49076
10.1737
16.9291
17.4781
11.5724
13.4562
19.1358
9.44398
8.91296
2.62132
6.98521
11.0991
14.575
1.52828
15.4503
12.6408
13.8295
8.12174
2.80558
3.91506
2.92093
2.75249
12.2369
12.724
5.58153
15.2289
5.11841
14.4026
8.21309
11.0697
8.89512
2.10338
2.09738
9.93451
3.84344
10.7736
7.88527
11.0555
2.89699
3.90776
13.5665
8.09593
17.2296
12.3594
9.26859
3.85781
3.57978
6.92275
17.7185
11.2491
1.6973
5.67753
13.1998
6.52361
18.4835
1.80486
19.1788
10.3198
13.7627
17.608
9.5015
1.69316
1.6977
6.55826
19.9482
17.7243
12.9691
4.81173
15.7933
17.182
18.0757
3.86281
11.6236
3.60064
4.35328
3.16641
7.22135
8.25228
4.55295
15.9463
6.69403
15.9161
13.5619
12.1644
9.13492
18.8495
18.6379
2.13328
17.5991
4.44776
0.0694521
0.0087196
12.5697
7.58933
12.1725
17.4547
1.55302
0.431823
10.1813
3.61028
12.3125
14.9562
4.41869
1.10515
16.7796
0.219963
7.22117
1.13279
2.19022
3.96684
3.68394
3.69398
11.3081
4.87681
17.3807
16.0204
8.08401
12.086
8.88955
6.60835
11.3172
0.0274441
2.3277
10.3873
1.14731
14.6203
10.8439
18.6495
18.707
6.54023
10.2993
12.5609
12.2996
4.16495
4.09114
4.18854
17.5368
10.5964
11.073
16.6877
1.15548
4.43624
0.612531
18.1703
11.3118
7.12022
15.0175
3.25993
14.7889
19.8718
13.1391
10.0876
17.5186
2.91102
15.2518
1.87173
5.21116
12.0313
6.22042
15.8026
1.77937
12.7942
9.44735
3.87526
0.873657
15.7731
7.24367
0.2989
3.48418
1.1097
1.75298
2.64006
9.40032
14.5981
8.78527
12.778
2.41043
9.10263
8.1873
9.54735
14.7427
5.80601
17.2913
18.5338
11.9451
11.7066
17.9838
6.2053
10.0248
1.04952
3.76009
11.9143
3.1582
10.2009
0.631286
8.01014
3.77899
7.03171
6.00493
7.27807
17.2931
4.43122
1.90007
0.816755
1.35209
6.13975
17.2466
6.75308
7.89909
5.25024
5.4142
8.16958
9.41338
7.1201
9.81292
6.15685
13.2327
9.11087
3.84877
13.754
2.45537
11.8058
3.43677
1.76583
2.18203
19.417
14.602
8.11305
9.36982
12.2973
8.32328
9.25921
2.67037
7.86619
5.7682
13.665
13.5914
1.71929
12.7734
6.70989
1.74297
1.45692
8.32814
7.97986
0.812889
6.85537
9.57361
6.14985
1.94125
10.5763
5.37213
9.24657
13.8086
3.91453
15.8664
4.82195
8.72574
5.4994
14.0398
16.1265
9.88164
2.74412
7.0227
16.1958
2.01399
18.5906
4.93939
18.2801
6.19151
11.6179
9.59808
17.0543
7.65705
6.75896
1.68132
8.05944
4.67643
8.71452
3.69649
19.2183
13.019
1.94219
18.1462
16.1164
19.4961
11.396
2.77668
11.9469
12.03
9.66852
12.3767
7.80645
15.9173
9.63061
14.6493
12.9314
3.45265
6.46583
17.8585
10.4909
8.90752
10.8504
10.3753
13.57
6.15072
15.0422
13.9352
5.04455
4.28677
10.1019
1.81198
4.21627
0.246638
4.50157
5.60547
17.2994
1.29412
16.7989
11.0564
17.4125
14.9414
12.6386
14.2021
6.26601
19.2631
6.44191
9.70394
12.129
14.9438
9.64148
16.1302
5.47442
18.959
15.402
4.60276
17.488
0.374841
5.76992
5.27375
3.41003
16.5948
12.9782
12.6895
19.2955
17.2832
17.7437
3.41426
1.229
7.24553
9.58786
14.4168
6.17734
2.77642
8.69954
5.61891
13.7187
11.1015
7.34785
15.0018
5.69141
5.84341
2.75132
7.60916
16.3801
3.68072
4.56224
6.45619
12.5021
5.53239
19.4699
3.67188
8.58483
3.31093
9.94825
8.59713
8.96492
13.7761
1.33314
17.1416
18.1409
4.06156
12.6654
1.53691
7.65255
0.695333
11.3931
18.2115
9.3822
9.19741
1.124
15.6853
15.9771
14.4267
18.405
10.7462
18.9386
7.50032
19.3425
11.0888
8.65857
0.804905
17.3127
19.6071
5.95335
11.9267
2.32088
13.2031
3.71559
13.8109
13.935
4.73694
13.8281
8.32675
17.9636
14.5921
16.5413
18.0292
1.24181
16.9311
16.3271
6.84339
13.8589
10.979
1.31452
13.0844
4.02903
19.8429
15.5539
10.9411
19.0083
17.9542
7.82759
11.9395
14.9049
18.1039
1.48693
13.0126
4.93479
10.7759
7.88514
11.7154
0.450062
13.43
19.4845
12.9844
2.88771
11.3019
16.5309
1.91985
17.2635
15.6013
17.2247
5.99993
16.1537
7.24289
15.7407
16.8286
12.007
6.3498
17.5125
8.4388
11.934
12.0964
10.275
3.18136
12.3192
9.19161
9.59182
0.843018
0.932749
10.7228
8.77041
1.6015
17.6702
10.2841
10.93
8.94809
7.06637
14.9027
13.4785
1.60628
6.40947
7.09246
0.249906
7.67195
8.59869
0.760846
13.5136
6.11656
7.48103
8.47685
2.28944
8.94134
12.6547
3.215
15.516
12.619
14.0707
19.3774
9.47994
9.39756
0.569153
14.7334
19.1318
9.22639
13.5431
3.01213
13.3454
2.91553
10.1724
0.308968
1.66349
2.80433
17.8922
17.6073
2.72456
0.373623
1.02859
18.469
0.177589
11.0122
5.61695
10.7976
6.51285
4.40686
19.9747
7.804
6.9315
18.6072
17.2194
3.71255
2.49033
11.7309
12.3526
4.05322
6.59749
7.40395
17.4921
0.530696
5.48016
12.5356
15.371
15.7481
7.7168
3.81097
6.96906
5.87059
9.38201
19.3355
16.0425
15.9054
18.8052
13.7533
11.6676
2.89013
5.91307
0.197158
10.8871
0.319112
19.5967
10.9948
7.49251
17.5469
5.51063
8.12412
19.564
10.2641
18.017
17.7043
7.91316
6.70047
18.5345
5.12501
4.80439
18.2654
14.9338
18.1252
5.4463
7.76245
3.36925
2.57675
4.24984
17.2709
3.76762
11.9024
11.9435
11.7228
16.9521
13.3698
18.7355
15.9421
12.4289
16.4278
18.9287
3.0913
11.6515
7.50372
17.1659
1.33485
19.2324
16.0392
4.98015
17.3236
16.4385
18.9619
19.2977
0.959056
5.37337
19.141
18.8205
15.0408
8.38783
14.8076
12.8339
13.9405
0.65725
19.2202
19.7417
10.0186
9.63558
7.74804
19.0642
11.7823
16.7428
14.3444
8.24565
12.0807
15.2244
12.8208
10.9252
18.9807
19.6541
4.31261
5.51296
0.390558
10.542
0.0387337
14.8874
19.5125
7.30165
12.2079
11.157
14.965
16.2761
8.4283
2.19075
10.4263
16.1455
18.402
18.1079
11.031
5.88865
5.59541
10.1932
11.6383
9.22043
6.02373
15.8063
5.52883
3.88351
19.7884
1.96317
6.98243
15.4607
14.4622
2.61645
17.7614
8.38337
3.22546
19.0686
2.3951
11.3888
9.75785
18.0088
12.9184
19.8231
13.3952
10.9301
10.3693
17.3172
8.20091
14.1493
9.06811
19.723
13.2233
1.21619
10.139
14.9718
16.9718
9.45739
10.1813
18.9467
10.0391
7.16134
6.80205
5.60435
8.73168
17.5572
9.03291
14.9463
18.4851
11.4248
8.46122
5.00851
13.421
6.93563
11.4836
6.08719
6.81024
19.1363
17.9152
12.3325
13.0905
9.03142
9.43302
12.0176
9.31783
17.3493
11.0973
10.9501
15.3959
5.31312
17.8732
12.8563
8.27961
17.7772
10.4628
12.7744
12.8035
14.4356
15.1821
13.3705
13.3151
19.9498
15.788
15.8808
9.53629
12.4034
8.53889
13.0948
9.74663
5.65868
11.4379
13.9907
10.0665
9.67634
7.48537
10.7826
16.5753
13.9439
19.1002
11.254
1.69639
15.6504
15.2356
3.27919
19.9816
9.8113
13.0071
0.754431
16.972
15.4851
5.72686
11.9931
3.39579
3.01272
16.9594
12.2403
16.4147
2.07442
10.2571
16.5993
1.08752
11.197
6.03064
11.7897
17.2402
3.56838
3.60666
10.2556
11.5374
4.50126
2.46683
0.483546
12.9178
15.7157
7.22484
11.2243
15.0623
9.55695
0.885378
6.15907
2.28884
16.8521
5.14679
9.92259
18.9994
1.63733
16.7492
10.9964
19.2973
16.7296
7.9776
19.7888
1.31369
16.652
5.97157
13.9857
14.9862
14.6322
0.757809
4.67373
14.3789
0.338302
10.6251
8.46021
18.7672
12.5457
14.2562
12.8557
18.7427
11.5129
6.12472
10.3673
1.31414
11.3678
12.8785
11.4158
5.48327
19.0259
9.00786
0.972968
8.05368
0.0997506
2.5671
17.0149
19.85
18.6226
5.84656
6.19493
17.3399
4.88479
6.77875
6.94042
6.27149
19.7232
18.3702
9.77049
19.055
3.51546
15.579
19.0339
13.9179
14.6309
18.7721
6.30314
5.82722
17.654
5.83481
5.61577
1.23296
5.111
9.12919
9.84137
13.5801
15.5682
6.80858
10.4353
16.313
1.36234
9.50155
0.0862256
10.3427
14.1944
9.4236
0.242094
5.79708
9.7649
8.65871
1.31671
0.467171
5.41646
7.0246
18.5494
10.9479
4.58439
10.1558
15.572
10.9028
3.42492
5.00364
16.481
19.0742
2.28224
6.91445
13.2369
9.65137
17.1349
14.3943
15.2231
15.9697
19.635
9.14666
1.69092
0.803671
5.7747
5.63525
10.5427
12.4344
6.04658
11.985
11.9953
0.372684
5.86869
11.1897
8.2944
4.90401
1.54626
9.20956
6.48847
9.34122
5.27892
3.4701
2.68072
7.32563
19.1666
2.22775
7.27364
12.2348
7.73692
0.957718
2.24345
6.45839
18.8507
11.2756
1.92807
10.4081
10.6967
19.6957
12.4848
19.5568
1.92751
19.947
3.15985
1.02371
10.2049
19.4418
13.0761
12.9136
1.73379
13.4183
5.51088
2.06053
19.0267
19.4244
13.7562
8.76574
13.6621
9.47876
0.617108
10.6099
3.8288
11.4389
17.2005
17.7088
9.54055
2.81426
14.8846
13.3005
9.78616
6.38361
12.4057
14.2537
16.5072
7.67311
8.97136
12.2956
2.00274
10.3328
12.5496
18.7069
7.55271
11.3073
17.7281
10.8387
4.62235
3.75232
5.62904
15.4088
19.8812
10.1364
7.36085
5.2552
13.801
18.1008
10.171
1.51385
7.94709
17.911
14.4425
17.2276
3.90908
17.574
1.35487
19.1193
0.495502
17.4215
10.3603
15.7691
12.8139
15.2354
2.19455
13.5924
8.96276
4.06165
0.565496
9.3263
2.36971
17.7442
0.392387
11.0374
16.7542
8.17309
16.4783
12.197
12.0201
11.9187
1.83931
0.511218
11.0137
9.0931
14.3839
9.00532
14.8944
13.8199
6.82339
19.8731
18.1631
10.2503
10.1174
4.5346
15.5102
5.52324
10.8868
11.5911
8.03571
12.1345
0.198311
9.666
4.80389
14.5968
2.97014
2.45841
12.7513
19.9453
0.99031
5.33566
12.2514
4.74195
3.26709
1.52905
9.98552
0.549685
7.96508
8.62032
7.71563
2.17291
2.25965
11.6988
17.9052
6.75489
10.5672
16.0141
10.5672
8.1088
5.86101
7.32121
7.22554
15.8434
10.971
15.7458
6.48566
3.78203
7.41941
15.5844
19.4795
19.8676
3.98108
16.3471
8.48614
17.6349
1.4118
0.776057
5.60009
18.7512
0.658986
8.26614
2.43587
2.18647
17.8133
4.33992
6.50758
2.0531
19.2679
17.6907
10.0685
17.3303
14.757
14.2449
7.83841
8.32476
1.97496
3.04631
3.825
13.7468
1.8049
15.1036
3.03598
0.729659
7.37715
1.67133
3.8396
4.7974
6.58446
2.62802
9.22729
15.5098
14.9593
12.5091
14.8385
9.7225
12.3394
9.02229
5.7358
2.71068
4.12231
18.0444
12.6338
15.3219
3.54184
9.05623
2.60398
12.9061
18.5204
14.3091
5.25902
5.09067
16.9066
8.24276
0.0941105
1.09548
4.50579
16.749
14.0711
8.65543
10.0734
9.05077
3.53134
7.02816
13.1752
15.5188
1.75951
12.1527
4.95986
11.4813
5.39892
15.402
2.05769
16.6795
5.41956
8.61223
11.3875
11.1467
6.89331
7.53167
14.016
5.05502
14.106
17.2089
0.913033
14.2494
9.62611
15.5725
5.24249
0.784897
16.2799
9.48796
17.8446
8.14923
1.24072
9.04459
10.4926
15.7714
12.8492
14.891
14.8514
3.2882
9.05556
10.1414
15.1044
8.46522
3.86708
8.32456
16.2362
0.26
1.95734
2.43118
17.2503
8.09015
19.1686
16.1879
8.03573
18.7396
0.180573
3.64799
14.0633
2.14236
6.02593
7.88244
8.21752
2.86782
9.09827
1.80033
16.8513
10.9998
5.45876
11.6474
13.242
19.922
9.72885
2.03852
15.1912
13.8589
3.67888
14.0282
7.12822
11.1658
14.3526
8.22282
15.7437
10.4249
9.26923
13.7307
9.67665
1.58346
16.2942
17.398
6.21291
18.2011
6.92719
15.0164
14.7045
6.25495
2.72811
17.8089
11.8964
18.9213
2.56456
3.11733
10.3364
6.57225
16.5881
1.04569
17.018
18.6172
11.3463
1.17759
19.5379
9.55442
1.86721
14.0393
12.2089
1.71718
2.1716
11.1105
19.5243
3.49466
11.257
1.47303
12.1027
13.3188
4.14945
8.24526
3.19953
8.29197
11.5977
6.90411
7.32734
19.4259
10.8892
4.67098
15.9587
8.86392
15.4645
4.03175
4.71917
13.6287
6.18713
1.36458
17.618
14.9576
18.3988
12.8276
17.4189
2.51781
11.685
7.72377
16.0203
16.8377
5.90812
7.08351
16.3975
15.2472
11.365
11.7474
9.96078
6.04277
2.51552
5.81785
2.39486
11.5402
2.25288
7.27229
13.0672
5.65848
11.65
18.1696
17.5734
3.13842
10.3956
7.16806
18.037
4.03975
8.88613
10.7207
5.13029
5.51341
16.54
12.3716
15.4045
3.60737
12.9948
12.3069
16.6255
13.7276
2.8137
19.2919
5.07449
7.2916
5.20999
10.8307
8.04707
4.1064
17.7425
2.47517
5.54228
11.0327
16.1571
0.161555
17.8351
9.68034
13.5168
8.74663
14.7575
18.5146
13.1372
11.7405
19.2289
4.8796
19.1301
12.0532
18.3319
8.27123
12.6343
17.3016
19.6514
12.655
16.3088
11.1268
11.8586
18.6522
15.9504
10.0353
17.4014
10.4468
16.9713
3.89131
8.14679
11.03
19.0961
2.20014
18.8437
17.8547
2.73633
4.33556
6.05336
15.7652
14.2517
7.62379
3.81069
8.57395
13.3622
11.6025
6.56008
18.235
18.8719
2.10842
11.1755
10.7864
19.7513
6.36306
15.3812
0.508397
17.8269
4.96138
5.7418
4.89941
5.32285
4.05202
18.0653
6.27532
6.16079
3.32769
8.08032
14.7928
2.22449
6.48852
0.373927
5.85028
16.8654
11.3071
0.515457
12.908
16.5856
1.03037
11.2499
4.44135
9.20246
19.1599
12.6247
16.7289
19.538
4.71265
9.54976
11.7261
5.92764
16.1608
10.4543
14.3857
5.44732
15.8007
8.03482
5.74758
7.34981
14.1326
17.9227
1.57989
1.47741
12.1766
5.494
10.3774
17.8482
4.19484
19.6788
18.3515
3.1569
5.55986
13.2174
11.4469
13.9113
1.42705
17.4916
14.2447
7.85946
4.80005
8.61673
15.2198
13.4787
13.1578
14.04
11.9255
15.854
16.3156
13.8513
3.44074
8.95945
12.2514
10.4583
3.7682
14.8791
12.3681
7.25296
2.79298
19.4417
1.98577
7.46739
9.38814
16.7573
14.2393
8.86952
7.67814
13.9545
16.6967
8.94993
3.39883
7.30347
18.8279
9.73173
11.4914
7.35674
5.48149
13.7686
11.0495
7.74386
4.26313
11.2925
8.84548
11.6501
10.6017
8.30029
15.5296
18.1503
1.48773
1.67849
1.80979
7.05285
8.25515
11.7132
0.723781
11.0852
12.5644
11.0112
15.6521
2.72024
2.57773
2.5779
6.2935
14.0509
5.86973
6.64904
18.1834
0.818422
11.1992
6.27067
7.72688
16.6945
15.8657
10.5018
6.40953
11.6735
11.3257
17.278
10.292
16.1323
5.16468
18.5696
6.91519
6.85304
12.6718
2.59303
15.0803
0.503266
10.9404
9.01871
2.92663
1.09598
3.6086
4.26181
11.1449
12.7601
11.2385
1.76498
1.40612
9.35119
7.08276
11.6098
11.7042
18.5917
19.8145
7.34777
19.3629
14.0948
6.60884
8.69286
0.761014
6.94458
14.0504
11.4494
9.03334
16.6383
11.3456
13.0205
0.265889
1.24845
8.24027
5.47929
16.4489
2.67174
18.3812
3.10553
0.119568
1.49599
18.0164
19.6682
17.4521
4.54175
12.448
14.5797
16.6606
5.18303
17.9313
7.34536
11.9319
7.45922
2.99106
14.9541
3.49138
8.99125
18.7525
4.19211
1.03865
14.8751
19.8811
3.11441
10.2539
11.5489
14.6163
14.1113
18.0398
6.5493
4.12637
5.39214
6.28192
9.80007
0.27971
14.2317
0.742284
15.2415
15.7669
11.3767
14.9017
1.28705
0.00487131
7.21194
6.46796
13.5948
10.7476
6.75416
15.5547
19.2621
10.5568
9.07618
14.5231
11.7398
15.2911
10.9847
2.5811
13.693
5.37114
8.24174
1.16622
15.1727
3.68281
14.7767
1.90108
17.9652
3.74754
15.4882
4.32757
19.3278
1.5152
10.3828
1.88635
8.68366
16.3827
14.7131
19.9625
10.6927
5.53516
12.4703
15.9535
3.04743
12.0952
7.79761
6.22795
14.5893
6.20881
14.4299
2.88763
17.7416
11.2939
12.0865
12.0706
5.84104
4.74794
12.7461
2.57422
5.63172
16.4795
8.39186
11.1218
15.6763
6.78783
7.00496
0.879263
0.98964
3.28046
1.58576
1.99464
4.17936
1.16964
3.22596
9.67169
16.0983
13.2246
19.2578
3.68373
12.994
5.52418
16.4858
11.847
18.3839
10.4314
1.57699
13.5053
3.82312
16.3528
14.4665
11.8816
10.5829
7.68272
0.770248
12.3937
17.8827
13.2474
3.82486
10.3437
12.0167
2.27248
11.0142
8.43157
5.41561
18.0099
18.2796
3.35677
9.4975
2.32929
4.50539
6.65336
13.7501
1.57179
18.0032
12.0773
1.41148
10.3582
13.3327
1.93457
15.9459
9.59582
13.1996
5.64346
19.1408
15.548
7.55133
1.88299
4.34033
2.54083
5.05726
7.66209
7.1639
13.392
7.37994
13.9901
2.10196
0.130744
7.60036
18.2147
0.0435755
18.5766
2.28524
15.017
8.85437
4.07759
9.03098
16.7533
19.147
16.6259
11.1145
3.8782
15.9309
2.80515
9.34318
10.3911
10.0447
3.34884
19.8957
19.7215
4.8674
3.10113
7.31231
14.4943
12.0709
7.45927
17.7299
19.8665
12.2586
6.17086
18.4226
2.84396
11.0458
19.1176
8.32688
18.0045
0.253558
13.9793
19.3098
2.80372
5.61677
2.35039
0.117803
9.2749
12.663
13.902
8.99922
6.48508
11.1309
17.8401
11.4296
6.05447
7.46837
18.6826
3.17899
7.21945
4.97884
13.0938
4.74537
19.434
13.6586
1.36279
17.4612
11.493
18.6552
12.2612
13.6773
16.344
6.0406
14.7546
19.573
16.1231
18.6395
10.8188
15.6132
16.9731
18.8619
8.3023
2.9493
3.64035
12.5209
5.49832
17.8697
9.49344
7.17225
2.20846
8.09561
6.28558
1.07573
2.41603
8.74277
9.57144
1.94057
1.7338
19.5453
15.0368
8.65489
14.2203
13.1512
4.92602
19.5912
9.64004
13.58
6.62571
12.0368
16.7066
16.5608
7.95344
18.6649
2.78132
17.373
19.7007
7.30009
13.7041
2.106
10.4269
9.92512
13.6753
11.1439
16.5449
17.0851
17.5375
17.0284
17.2346
0.936608
15.8637
0.544039
5.24859
3.27776
16.4155
17.9988
4.72625
17.281
14.165
12.6639
16.6162
14.5098
0.865473
6.40922
5.86081
1.16344
14.7734
12.0406
11.4523
15.9544
8.93077
15.4656
9.11613
7.70244
10.7294
8.70938
15.497
3.69944
15.2376
17.7427
6.35676
3.39556
9.50658
1.10318
15.1167
19.4835
6.47214
12.8539
0.306307
16.1546
14.0257
10.9014
2.11549
11.0589
8.34382
2.7564
4.36874
7.04065
9.70564
13.7131
17.0772
2.74784
19.4808
0.336772
16.6515
6.91127
7.82565
9.76732
0.101165
11.0449
13.4827
4.94485
1.10239
12.3252
9.17576
10.3707
8.81118
7.51626
12.0664
12.1061
17.4521
11.3671
12.5754
4.02244
18.91
1.2923
19.7857
4.24807
6.32499
9.18247
1.17008
10.6658
13.0981
11.3647
9.17584
3.90556
15.7952
16.4466
7.28152
17.6882
4.31258
12.2786
4.93852
5.79516
0.695644
8.5421
5.75166
10.337
2.65819
11.3357
1.06725
15.4933
13.6683
18.3242
16.4894
13.3689
17.6807
8.83022
15.5123
1.28945
7.10382
2.53753
4.19035
10.8603
11.0653
11.2037
3.60706
9.53181
2.39844
3.38713
0.223554
16.3525
12.2471
19.3254
19.3516
12.1852
18.876
1.8629
6.06004
9.4613
18.5845
2.72204
2.87865
7.34392
5.40841
1.47365
18.0515
3.1457
12.5466
12.7434
15.0842
19.9432
8.1457
7.14533
6.00923
17.5124
12.8885
16.6206
18.0303
15.6252
7.67407
1.82492
16.6384
14.458
16.056
0.185888
1.31209
8.72188
6.3229
0.600732
2.12271
16.0803
9.88589
7.0371
2.99473
10.0797
19.8039
16.8222
13.2776
3.04652
8.96276
5.76895
5.84978
3.14245
0.338773
3.14837
0.350871
7.69248
8.87657
14.5947
5.65522
11.6611
8.93083
10.0705
18.784
19.2834
17.6656
6.34263
13.1267
19.1037
16.8042
14.5284
17.6848
15.5903
10.9741
16.4996
18.4994
16.6017
11.2563
6.00794
14.2357
3.66418
9.07381
11.9823
18.2055
2.44669
6.22567
18.7146
0.960602
17.0457
6.66038
10.8089
13.5756
5.16503
1.15896
4.61302
10.9662
18.9009
5.24971
9.58337
0.157533
14.2929
12.5661
11.3222
0.142465
4.9903
10.4295
7.95433
1.13727
8.99152
0.0878741
2.31143
12.0981
16.9061
0.577253
19.8236
3.43031
11.219
7.98136
3.15628
5.73067
0.940721
17.2963
12.1048
13.9998
15.0604
14.8303
15.693
12.7922
10.6168
8.92829
11.6791
15.1783
6.38188
14.5486
7.67243
5.19293
19.148
4.04421
15.104
18.3489
0.623967
3.44003
2.12076
16.3195
7.90685
7.0408
2.51414
9.89714
18.9457
10.8317
12.1377
16.3114
11.1472
7.58864
19.519
2.42838
2.14293
1.08588
3.70437
15.129
10.8346
15.2255
9.48965
10.6324
6.07352
15.1545
0.275914
17.7278
19.2521
16.0074
7.62468
4.95949
15.9225
10.7665
6.43591
4.26141
11.1538
0.882423
16.3428
18.2057
11.2962
14.6665
7.40393
8.28814
13.9264
13.5286
6.41297
19.3932
11.4647
7.05159
13.6143
3.65521
6.28725
2.55321
12.5424
11.7958
2.63878
15.6229
17.6765
2.34502
14.0165
4.38745
13.5161
18.7612
18.0985
1.3705
7.63586
3.77687
10.0848
5.06865
19.3885
14.6629
17.9404
14.1104
13.9251
13.5269
3.16921
17.536
2.50708
11.7118
9.13557
19.2276
2.37799
18.5217
6.19908
6.5593
3.77571
14.6074
11.0655
2.85153
11.0811
12.6533
14.9208
4.8894
19.7878
17.7053
18.2774
6.44216
5.91303
16.8757
4.69229
0.030188
0.875001
9.23695
2.2504
11.8947
8.69897
4.76495
9.39417
10.4721
12.5519
10.4453
11.6577
8.00851
6.4465
2.65373
0.399581
4.17257
0.737713
15.6104
1.06597
9.73674
1.20942
3.02133
17.8052
3.97033
3.01168
10.2732
14.2727
11.9078
3.003
12.549
14.0747
2.15897
4.2648
15.0291
10.0467
2.67534
14.4453
12.7899
10.6918
4.59177
19.9408
0.181317
10.0945
17.229
1.16332
11.3275
9.53436
9.96702
11.3836
6.9962
1.96798
8.52722
7.99707
2.07052
0.842186
9.85901
15.2717
14.3774
5.12192
4.00227
13.156
14.4728
10.0872
5.58367
14.191
18.1045
2.47908
14.0142
9.97353
13.9973
5.05605
16.5181
9.96338
14.1516
4.95227
12.8354
12.9407
0.490193
8.79955
6.14742
0.418185
0.198698
19.4356
14.3872
13.2011
13.4669
14.2517
12.3059
17.3939
17.4253
1.49357
7.65795
2.21163
7.90736
6.28827
7.89228
14.3997
3.73015
19.6706
11.4948
15.931
16.0493
10.9087
6.52143
14.2288
16.1717
6.60398
5.64106
17.9958
13.8683
12.3465
19.9285
6.26816
7.79211
11.8634
7.74303
11.8971
1.90296
19.3963
3.76145
1.35179
11.1789
8.98994
16.9981
19.7964
16.4488
8.84644
7.44244
10.7027
4.21479
8.76748
16.6311
18.1625
15.3646
19.2309
5.73215
19.5405
7.30492
5.75241
3.74599
10.1098
9.6834
17.4206
0.244327
6.67641
10.0128
2.48728
6.03357
19.5532
2.46649
18.9169
1.57112
13.2522
13.4339
6.30759
18.3293
3.2784
9.18189
0.235506
17.6392
6.03218
1.25049
9.79013
18.3633
6.27811
0.499011
7.59266
6.7304
18.0421
16.0829
0.896042
3.3725
7.08023
10.0626
6.3677
6.58274
8.31914
3.27694
11.0967
12.1668
5.36459
7.96364
18.1606
17.4723
11.0886
2.72234
18.0008
7.72668
15.9671
18.1681
15.742
13.4098
16.8471
13.2562
1.91778
18.1528
3.0954
5.59106
1.85606
3.7249
12.9641
19.7843
19.3587
4.97672
11.1371
9.99222
18.1757
0.794529
14.8688
14.1872
6.12706
13.0452
11.6552
16.141
11.8479
7.90173
17.1288
4.51592
3.99719
10.8913
17.5312
6.19151
11.8467
6.47773
10.4324
15.6014
4.10149
10.3841
11.512
13.7908
4.43676
5.92904
16.922
7.60591
0.486251
5.86649
8.95837
3.05938
5.70291
5.42659
12.192
14.5525
9.2847
15.7238
15.3605
15.2448
11.1099
17.3043
2.10463
10.9122
14.256
0.326939
17.342
18.3447
0.247816
17.8175
9.20865
2.90736
1.43307
13.2492
13.7687
6.23925
0.725651
3.15035
2.85802
11.6711
3.9246
6.85109
14.8926
11.2832
9.96278
5.43446
4.91803
14.9578
14.8335
13.124
19.4027
6.75837
4.78187
2.97382
15.2626
12.3403
4.68123
1.54325
17.9605
15.8032
11.0492
17.1386
3.79213
7.32874
12.6846
10.1429
13.4697
17.0964
12.2452
3.57846
15.969
5.58988
18.7726
12.3556
7.63219
1.1695
19.8695
13.9549
13.2192
17.2622
5.24156
1.25549
10.3387
12.875
19.1856
3.11825
19.2232
11.2937
8.29429
1.60946
12.5451
14.2056
0.0190381
9.61107
16.688
0.859178
13.0626
7.67679
19.5553
13.9244
1.9087
4.81141
12.8051
16.9781
11.7629
2.50279
13.4915
0.198416
1.41417
10.6471
14.8104
5.73115
18.8587
1.58138
11.2031
19.8486
15.5882
10.0158
2.18596
2.09302
12.7649
17.9744
7.3216
7.9935
17.8628
8.56001
15.6306
19.2418
12.9825
6.61456
11.5662
11.5599
14.5984
2.94698
4.06628
13.0776
10.8881
9.58862
15.5256
2.61045
0.606655
4.18673
18.3478
3.20335
17.5904
6.59505
13.4448
2.30772
19.1568
12.5932
6.47716
16.9259
18.4292
17.9564
10.1171
18.9552
2.95177
9.84337
5.85071
6.39034
4.85793
0.246479
7.83135
16.862
17.0543
1.52977
17.5765
3.88954
19.6952
2.29937
2.93999
14.2997
17.2368
18.2728
16.2999
18.5297
7.95554
5.46353
17.9999
16.2222
16.9895
6.09551
1.02417
10.4683
16.2466
10.7724
2.72539
2.25471
7.50752
0.903859
0.749868
11.7578
3.76961
12.2623
16.0796
3.70037
3.99749
19.0749
8.86311
4.99194
2.20735
11.533
16.3974
12.5712
8.46004
16.8566
1.78351
4.53468
8.21238
14.2185
6.13285
11.2976
18.1139
13.384
11.5974
8.37252
8.11249
14.843
6.49028
3.8923
13.3572
3.13038
13.7691
13.3441
6.72924
0.949729
12.5069
12.8283
16.6652
5.74168
10.4105
1.74344
7.17869
1.38322
5.84031
10.8447
5.11156
12.0128
14.145
8.36326
1.95562
7.81967
8.09469
17.5734
4.54542
19.3021
8.81508
19.0345
15.0951
18.435
0.355994
13.5919
8.90669
9.69425
18.7703
9.9272
13.748
6.13019
16.571
14.0082
10.6949
11.5841
6.79954
10.5251
9.85654
6.38653
8.83694
5.66407
8.33442
0.138058
0.175582
19.0535
5.33196
7.24933
19.5283
3.10014
15.0814
14.2962
10.9635
11.5002
19.8876
0.346657
17.712
5.85847
8.08301
3.04018
3.80258
1.53094
12.265
9.30065
11.7521
18.6722
6.43348
4.65165
7.58204
18.3409
16.275
12.1362
16.373
15.3497
11.115
15.1181
14.4174
4.22292
3.8505
13.6795
17.6684
4.91372
14.2459
13.6379
11.538
17.0538
8.79146
9.45128
19.2571
3.95231
16.7249
17.9857
2.03737
8.00422
19.2374
5.12167
18.2987
14.4495
18.8961
10.2357
12.7904
6.54626
6.29903
14.7182
0.949349
13.2051
1.82542
7.91752
0.078545
0.513116
19.0645
6.3675
14.1353
13.8393
8.45852
19.203
4.33408
2.49794
13.0939
9.78094
18.3856
1.17967
17.1165
9.83701
7.11336
12.3403
3.72899
1.2342
8.32916
5.98964
7.6302
11.1198
2.44666
3.77957
13.0456
10.5027
11.502
10.8159
4.34936
19.0476
1.4635
3.9457
18.8502
19.9342
3.43226
12.9686
0.215057
6.31804
1.06504
12.0878
15.071
14.009
14.7216
2.72207
6.72376
9.9653
1.21752
14.7268
12.1637
13.2361
15.0993
16.1697
17.7524
3.60243
16.9752
5.77454
14.5801
17.6496
15.9723
9.4856
11.8968
4.82951
15.1771
4.65312
14.2902
8.97502
4.0942
16.5066
3.70213
11.4466
5.06243
1.1178
7.8564
4.1116
19.4713
19.7816
9.13098
12.7411
10.9709
7.99874
6.74761
3.07871
19.0227
10.0189
12.8205
17.4309
16.215
12.1103
16.7808
0.0158188
7.93143
6.49032
1.27256
7.08831
17.8203
13.1945
8.90233
9.91601
3.41944
10.0487
8.41085
4.02148
11.6161
14.8364
10.7743
19.0845
17.8314
8.32373
16.1152
0.389633
1.72118
17.7323
16.169
14.5881
13.8158
11.0667
5.38544
9.79759
15.111
17.2234
13.807
11.469
19.4937
4.78563
18.2205
2.69648
0.487698
4.04537
16.9734
8.44331
8.07365
8.89705
7.95499
1.4759
7.86559
4.4097
3.53359
7.07598
0.527626
12.4602
1.38541
4.33572
15.4093
4.62084
0.544374
6.51324
2.0313
14.8756
1.04935
8.28916
4.06198
5.33371
7.37249
16.861
10.1186
11.663
7.38715
10.8075
16.4543
0.944923
13.3225
18.6954
10.6071
9.04065
8.12064
9.54887
15.1057
16.0488
9.65166
0.672536
12.6321
10.6026
7.46352
9.35813
8.51379
3.72642
11.2377
12.0684
19.0267
18.997
5.89141
6.0359
18.6481
2.60261
14.6377
11.9167
6.27272
17.3696
19.312
6.17265
18.5111
5.88444
12.86
17.8143
16.9727
19.0965
3.61962
19.5646
13.0935
2.09992
11.3872
2.33865
7.00848
7.90082
17.6444
18.0391
3.32405
6.2471
2.08203
7.53275
18.33
5.84124
5.1746
4.37288
7.02936
12.7234
1.80838
13.6493
13.6561
3.46146
3.53437
18.9294
4.83952
4.28271
17.569
7.62811
13.784
12.1093
7.67004
14.3631
14.1014
11.3327
6.07745
1.55406
17.7728
18.4547
13.6713
14.5804
8.28101
12.9886
12.8198
5.2443
16.2585
5.94573
9.47929
15.948
18.1192
18.8032
4.34052
6.18988
4.3332
5.53445
16.2871
15.1621
10.5814
8.99062
6.62424
3.04835
10.3452
6.52101
0.348337
3.39969
9.80679
5.13754
4.75502
15.374
19.2903
17.5094
0.74224
8.24521
14.0231
10.1236
16.7991
9.93551
2.53565
2.29734
3.62268
14.2226
5.1786
16.3277
11.707
19.7854
6.30951
10.4856
10.3771
4.17283
10.4083
10.0517
11.0443
4.23957
8.28087
11.7546
3.09498
19.5281
14.7038
11.6881
11.3554
2.47594
8.58885
4.3213
4.88825
15.8832
18.1344
7.46713
11.2787
1.31593
4.80516
3.31378
7.62721
7.59084
6.52418
0.150568
16.8242
18.664
16.5084
12.9048
11.5619
15.8882
16.1142
5.8034
13.6523
0.44186
11.46
13.5421
12.6109
10.448
8.19727
3.55011
1.0974
11.7776
13.6379
6.86962
9.23207
19.7192
5.70359
16.4684
19.0877
8.81034
12.6299
1.72906
15.0188
11.2461
14.6549
11.7616
18.4534
18.3403
18.8799
5.52001
18.4105
4.6197
17.5329
14.8288
8.03846
7.53866
19.9186
12.9367
18.3046
7.36588
2.83226
8.31254
16.058
19.0159
19.65
5.22199
15.5352
14.1206
4.00536
18.5655
13.591
2.41653
1.82301
17.4088
14.3062
0.623566
8.78245
2.1776
10.9313
8.7436
18.868
5.76661
17.1367
0.661875
2.87162
15.2104
2.70396
2.95337
5.99902
1.97372
8.71659
10.2862
15.6353
12.6547
11.2718
2.82887
5.55427
15.6304
12.5995
14.0748
0.731401
14.4211
13.8875
1.30288
11.784
12.7614
16.9224
14.8889
19.1295
8.92736
0.749609
2.26034
0.557125
11.798
17.5393
8.42508
5.47387
7.10569
12.9629
2.22126
1.79518
9.54562
14.7864
5.57631
3.80254
6.44181
11.9064
7.86074
9.92695
4.43761
18.8651
10.8406
4.25128
19.8027
6.14948
16.1977
8.37029
3.00603
2.91298
3.15043
2.89273
10.9566
14.2751
8.99627
12.3147
5.44942
9.52939
4.15002
17.3327
11.4183
15.782
6.03923
13.067
2.33317
8.09543
14.5566
4.27143
13.7898
15.345
9.88666
1.71907
11.4704
7.94153
13.9571
15.3941
7.85913
12.0116
19.7218
6.54154
0.760483
17.8802
6.3447
8.8791
4.11399
16.6902
6.10381
15.4085
1.10317
15.599
17.8737
12.4695
7.70647
10.7824
13.9562
12.8641
16.335
5.11309
4.14591
11.8803
3.65999
8.85591
9.57552
2.23788
5.74164
7.0739
0.67051
4.10739
14.8169
16.4372
14.2826
6.78958
8.64141
5.42699
10.9378
15.4203
14.7906
19.645
10.9978
0.691724
3.24596
9.01105
17.1078
8.13169
9.45883
19.1095
4.98695
18.2056
9.25108
12.1563
9.28938
12.7574
4.03761
16.9513
15.8445
7.8151
4.30549
19.9892
15.8689
4.50168
7.24433
4.19662
10.294
8.7483
1.84539
12.9934
5.22957
8.57787
1.1096
1.3615
7.21959
1.0244
12.8743
16.3382
16.1133
2.35787
12.1769
5.02168
5.36088
8.41992
12.3628
3.41626
4.47613
17.3411
1.01644
13.0138
2.73205
14.1195
12.9641
4.4848
14.2386
11.7253
7.87815
15.4914
17.4319
6.78495
7.35748
7.17689
15.5606
14.0162
5.16497
5.12373
3.77046
5.78972
18.0772
4.4525
13.8793
11.2244
2.62268
9.38114
12.9853
6.76338
14.6219
13.6372
16.4112
5.00522
14.8371
9.71694
6.46519
9.3916
0.876689
4.98527
0.646377
11.3547
12.7376
12.7192
3.64939
2.58741
18.3954
17.0878
13.9246
11.8134
16.0266
18.5622
9.88749
13.894
18.0099
5.32439
7.14731
18.1337
3.96982
12.4377
19.8378
9.47889
11.6031
15.8944
6.71854
2.7233
1.96424
19.3392
4.09303
0.775311
14.1321
0.378002
17.6768
15.7467
17.1
14.7561
3.82008
1.96285
2.77278
13.5141
16.9669
7.59876
0.224684
15.6677
1.41416
7.59687
8.86808
19.1189
19.9042
13.4026
8.50807
11.9825
1.42616
11.3397
14.2323
18.8548
12.7304
16.3997
13.2197
13.662
1.29398
14.3676
18.4703
16.348
19.9298
19.7285
13.1822
5.62617
4.99062
11.2625
3.46838
3.71822
4.47104
5.77652
1.7751
10.5606
9.99976
9.54337
16.4429
17.8997
12.6707
12.5728
10.6237
3.03372
1.97147
15.6784
17.2581
13.2227
7.27195
2.85768
16.9203
5.39188
17.8657
3.14929
1.80552
10.2044
4.71771
1.78425
8.51423
1.0344
8.50951
10.8497
15.9281
5.02627
5.25476
6.54239
15.8208
12.4244
19.1959
13.6798
7.21568
13.2903
0.916017
9.91757
17.9192
12.1411
10.8451
2.52131
11.5163
6.74117
14.0882
10.9208
0.492515
2.89737
17.7546
19.9887
1.12327
11.6348
3.66058
1.81895
12.1823
19.5645
8.05006
11.1543
9.45099
14.3681
14.633
1.28054
5.1029
5.29874
9.01879
13.2937
12.111
2.1756
18.5103
19.8244
19.3665
19.0585
14.2272
5.85972
19.1954
11.7083
11.4239
14.2101
17.0456
8.5962
8.87032
0.341736
6.45835
9.63183
9.8719
6.81357
13.3999
17.2521
7.83388
1.74275
19.7961
4.60015
14.767
12.7271
19.3841
19.6558
5.53277
16.8519
10.8001
19.7836
2.135
6.31155
1.79885
5.11542
7.40415
12.3118
12.5634
18.2746
9.07067
8.8989
18.8857
1.56935
14.3555
14.5949
13.6521
11.4468
4.28564
14.1348
4.41216
7.7684
3.47314
9.3368
15.7665
15.7288
0.296211
7.88746
12.4377
12.9773
1.45338
5.22074
3.23251
7.73884
13.4419
19.5302
19.2795
6.54363
15.4423
12.9926
10.9919
12.8361
7.37531
3.04479
12.1131
4.69789
10.1828
10.7974
15.1145
6.86925
14.2032
18.1088
19.066
1.21022
3.37388
18.7736
6.14267
3.66227
17.1233
14.685
18.7069
3.68519
15.2424
10.9897
3.0635
6.55663
1.12026
7.32533
3.54955
11.3268
7.84625
16.0776
11.4394
4.42485
14.9391
6.4723
0.795767
15.6789
3.8282
0.371468
10.7914
8.76496
2.87957
18.1678
5.45115
18.1669
6.10085
6.90848
14.2321
12.1291
2.65855
13.8208
6.12553
4.62244
14.0397
17.2037
15.363
2.37961
10.9105
15.5319
0.0460557
11.015
3.92121
13.0339
18.5019
14.5047
3.51
6.79366
18.9653
7.48277
17.0994
17.4755
18.177
7.96358
10.4396
8.12789
8.47183
11.7752
3.88291
1.13738
6.86547
18.2452
1.56045
9.10067
12.4167
5.12225
10.7708
10.2298
9.83267
16.8513
7.18827
15.1127
5.11385
15.7565
10.3746
19.4695
12.1086
6.28218
19.7775
0.829051
12.8099
3.38363
15.207
3.25501
0.59778
12.0857
5.93427
2.60497
7.64209
19.9975
19.888
11.2031
5.61901
15.8257
15.6826
1.5355
8.2812
15.8962
19.9637
11.6181
18.4888
7.23439
9.26299
8.91327
10.3196
16.6305
18.182
19.7737
5.67925
14.0762
14.7456
6.99141
19.7739
3.17362
4.50839
9.82425
3.85927
5.0193
6.9563
7.94754
5.90141
14.589
4.63534
11.4224
5.15219
1.53537
13.024
11.0288
6.37283
7.50788
15.0209
12.1847
18.1756
16.0093
10.2021
1.74533
13.5613
13.539
12.8309
7.92433
13.1281
2.71934
7.98959
15.2374
10.4798
13.1535
9.52074
17.5403
6.02434
6.81452
1.71304
4.23675
5.1143
0.163875
16.0693
8.35686
9.41616
2.49933
7.20239
16.2181
12.9538
5.86273
12.0434
0.510656
11.5378
1.57495
5.13758
2.11807
0.686498
19.7619
2.99409
5.53443
4.1143
5.06083
5.37526
17.1193
4.38938
2.65995
10.6351
3.57101
1.35174
6.71917
11.735
5.32474
0.316877
2.74835
5.94437
13.4219
10.347
9.94769
16.793
1.07421
15.9152
11.4561
13.4794
17.8525
12.1361
11.8756
9.47277
11.002
6.16926
2.24244
5.5149
0.660163
15.5474
7.97505
14.5824
4.81868
3.3688
19.2866
4.282
10.0705
3.88815
16.7074
4.45198
5.85472
0.264079
15.2557
17.3419
17.1832
4.60479
9.16482
8.95192
17.5905
16.3855
7.66464
17.7308
14.4411
18.9297
11.8303
8.69053
18.945
18.0139
0.615817
19.5094
11.9481
8.20322
10.6332
6.00814
13.2744
0.372448
10.2978
11.6368
4.55154
3.64928
19.2537
3.37138
8.06533
4.72225
6.40852
14.6756
3.13493
11.342
16.0249
15.5704
13.2206
2.19307
15.784
15.3562
4.83169
5.29359
13.5909
11.1255
0.691361
19.1979
6.54304
4.8915
13.1126
5.63839
11.7246
13.5859
12.3361
10.9953
14.5417
6.97201
17.6988
3.66545
1.09285
8.07059
10.6006
4.92364
11.7678
1.80064
16.3758
13.9531
3.15187
0.753604
2.66437
17.8113
9.65723
9.39353
0.89078
16.3109
7.31999
0.179056
11.7557
1.45169
11.1656
13.9111
7.31382
15.6269
0.827999
15.7223
5.05981
12.336
17.9268
16.3321
10.5891
10.6953
3.85145
0.25248
1.62561
4.91852
3.09607
16.9409
0.784573
4.44452
4.63325
19.0829
13.5216
0.308636
8.47114
10.4099
10.2301
4.29003
16.5465
19.394
9.12102
16.9236
19.4266
9.99025
17.6035
3.81733
11.8854
13.8878
3.11486
9.64979
2.3998
7.45201
15.0577
3.44533
4.28998
18.4096
5.23541
0.94371
12.0367
0.158047
19.3843
11.7686
6.08016
17.0037
19.0659
1.02109
9.22933
7.39759
11.61
10.6866
3.56388
10.414
15.8011
5.82242
12.3616
2.90448
17.9336
12.8728
1.99378
19.4876
9.29688
9.35514
3.44463
1.66869
7.61067
8.56021
4.04921
12.9001
7.2799
5.01694
10.4085
2.19223
13.9917
12.9059
19.6272
2.67822
3.23837
16.0315
7.72667
13.6934
9.47563
1.8636
6.18174
6.92773
5.20325
0.641582
10.9132
8.46771
14.9728
5.41004
2.60776
8.7719
15.6415
15.2354
13.4607
19.4943
10.4353
18.9789
19.7124
7.94323
16.9002
15.0157
19.8477
19.6392
19.6233
1.7185
17.9062
18.367
10.5298
2.77899
1.09287
1.41835
3.78931
9.16757
0.0736935
14.8036
16.3104
0.545106
12.04
14.0083
3.58745
8.68842
6.99688
11.4293
14.0519
4.44611
10.8229
1.78002
8.79897
2.74896
2.2479
17.2857
11.811
16.0764
9.00911
11.64
2.23658
0.631047
3.03152
5.15438
16.7187
16.0104
5.1567
4.0986
0.391974
12.7466
10.051
3.21549
12.6791
1.03262
9.96661
8.36619
5.12997
6.18946
12.7241
17.2107
4.14948
17.1305
10.7203
6.57178
19.9736
19.001
3.35351
6.15217
7.83527
19.5517
4.04371
15.9896
7.98084
17.7465
1.31616
11.3102
17.7184
9.73978
11.8234
6.76563
14.9161
4.62288
18.1619
13.6519
13.1502
9.17034
8.683
6.71004
6.60785
10.1728
14.3394
6.35552
15.773
0.00202467
1.70371
19.3741
4.50783
12.1741
2.8201
11.9157
1.87568
10.9289
15.2838
5.92218
16.8511
17.6013
6.52297
17.3016
14.9809
15.0652
18.8287
3.71081
13.1868
13.5157
7.15385
2.60865
18.2002
1.96366
9.59724
8.11821
17.9302
19.0563
0.782819
6.10122
19.5257
11.926
9.94296
0.281164
7.43773
18.1267
7.81648
12.7542
16.4504
17.6551
9.54756
7.6959
6.42968
2.00319
7.37534
13.304
3.36121
3.30699
9.05737
3.15853
3.86632
14.8061
10.0537
8.71139
18.8321
13.2502
11.07
10.4524
15.8443
17.8184
1.34043
14.3364
0.449954
13.5838
7.07572
4.18312
4.99747
14.6995
6.28035
13.8356
5.0624
8.34936
16.9932
12.6137
9.55209
1.37757
11.7001
0.695426
16.1784
8.07863
5.38706
1.38671
15.4806
14.779
3.49949
16.2553
4.18435
5.74601
2.71918
5.47913
18.6229
12.0792
8.40867
12.2738
8.52515
12.5246
2.12253
3.44952
6.51449
8.22338
12.578
5.62726
16.0596
4.81144
9.53134
0.397419
13.7022
7.05987
7.6872
1.33912
7.02981
7.35649
4.53741
2.86001
0.76614
6.58614
9.10116
6.54467
3.48374
2.02683
11.0053
9.10042
6.91641
4.20785
11.1754
5.80377
17.5617
18.8552
6.2239
17.2995
10.6747
1.69632
17.1656
14.4176
16.3092
17.1061
1.56892
6.37695
16.1702
10.5997
14.0854
18.4983
18.8311
1.78466
2.4398
5.40441
3.38351
15.6397
9.3151
19.6785
17.8688
3.04012
1.24236
4.00657
14.6377
18.0301
9.74997
5.39396
16.4297
0.744091
9.57198
17.8684
10.5965
18.8693
19.9173
11.3444
14.2806
7.25531
9.25237
8.43325
4.50805
17.0272
9.53576
11.2983
13.7954
12.5048
15.3011
17.0072
14.6161
2.33526
4.47253
3.06759
12.8485
6.20079
7.58864
19.4025
8.94867
13.2236
7.64888
6.27916
9.82588
2.47831
15.561
8.6321
0.273472
3.35527
19.4805
2.25264
19.8989
1.73213
6.34112
15.858
5.78888
5.03371
17.703
19.1522
11.8005
3.97309
13.6073
10.4436
13.3258
6.41287
2.3324
7.14574
12.6155
10.2032
8.52906
10.083
8.86491
0.206017
17.576
12.259
16.7793
15.7671
17.1928
17.5124
10.0909
17.9567
19.2605
5.6087
16.3843
7.01956
5.90143
0.642783
8.17815
9.21411
16.1831
4.92372
14.2414
8.93435
11.1954
7.43697
3.26006
13.4094
18.4108
6.94807
7.68348
2.98149
5.63827
1.70577
8.70238
6.85911
13.9854
14.1445
19.3882
17.0826
3.29384
10.4379
1.87271
16.1167
14.8216
12.8769
14.3298
16.539
6.19609
2.91814
15.9465
17.3176
16.5579
2.88547
11.4323
15.1071
11.477
5.73454
11.2891
2.09272
15.8243
1.99708
1.41004
3.99612
18.8297
14.5136
13.2455
1.13268
10.642
1.01798
2.47464
17.6609
11.1593
1.86395
8.80578
11.9655
9.10497
15.9533
1.65007
8.70155
4.21868
1.82912
7.05111
12.2967
17.3582
10.9557
10.0403
17.3355
7.29823
5.95621
5.37438
11.0552
7.21826
3.02958
5.55518
6.04755
14.2263
4.33323
0.582779
8.28735
11.4219
2.14755
1.44777
7.09193
9.60784
6.15127
4.60934
2.94833
17.3632
9.17383
19.4164
1.44331
16.4069
12.2957
7.67231
19.5312
9.20281
8.10686
15.32
3.30493
1.56058
7.07288
19.4255
1.34626
10.7022
12.4089
18.0947
4.62334
14.7859
5.38359
8.36426
5.45434
11.2285
13.4542
9.01533
14.6367
4.89058
9.74185
18.5847
15.2878
13.2049
7.58737
8.58744
14.0027
1.38069
5.95715
16.4715
2.04433
0.0480487
1.0785
12.6389
10.2286
15.6666
5.87993
5.08927
18.7329
0.275952
2.05188
17.1732
5.41494
9.68875
19.3895
13.9948
17.1106
9.69881
9.08683
16.1122
0.0542667
8.62666
15.127
18.8184
13.0265
10.6259
4.05623
13.0439
1.73648
3.27969
0.00118883
1.20682
13.0913
15.2411
10.8496
8.4113
2.85731
18.9321
7.85581
1.82954
14.0184
0.603979
10.178
16.6121
9.56878
3.81404
3.82089
13.02
6.10323
13.8021
17.7793
17.3084
1.11558
11.788
5.31338
17.9834
7.93609
4.71568
5.60897
1.88972
16.0819
0.766077
13.2591
1.36538
19.0249
9.64434
9.01819
12.7315
4.99402
4.1429
16.2224
15.6985
7.96
5.63952
19.9084
18.9366
13.3568
17.588
1.69998
1.30002
6.45409
17.9758
2.96751
10.4834
18.515
10.7966
11.0632
7.31643
17.0653
3.28685
7.13469
15.8621
8.54757
14.7596
5.31569
3.09921
3.64536
9.11562
17.9058
9.12143
2.0035
17.8673
8.0345
8.96194
2.59834
0.0675572
7.26048
1.50875
8.72579
14.6832
2.53558
9.32401
16.3442
14.0433
9.07218
18.342
19.0303
15.3077
19.5919
16.9008
9.49371
14.8651
9.58954
19.4246
13.3916
1.52475
3.94485
15.8784
4.79251
4.12453
14.9043
6.62274
7.06497
17.5981
15.4493
13.6118
6.62574
3.10323
11.6068
5.33933
14.704
4.18897
15.0005
3.44765
15.6872
8.86782
19.1209
1.47214
1.15838
10.6341
7.97764
12.7717
9.87142
11.1697
4.05036
0.988295
11.1453
1.07671
2.15672
2.57025
0.985601
2.28138
14.1139
8.03029
13.8784
10.4693
8.22417
9.92044
9.6219
0.388854
15.5161
16.3358
11.9592
5.83252
6.15408
11.2565
19.6505
16.5523
17.2661
3.99171
6.30519
2.12503
11.7729
9.44715
18.1035
5.44947
15.1916
19.8709
9.49718
6.67102
17.5802
3.31829
9.98328
3.89468
16.723
17.22
8.11276
14.3196
19.4922
10.4847
8.32399
16.0256
0.557386
1.84025
4.48257
10.3887
4.22835
9.99549
12.415
7.95096
2.36626
16.2673
15.2725
5.1764
3.78951
3.55721
10.3426
8.89367
13.0671
19.9727
6.24792
2.81149
5.26723
15.8539
12.0591
16.4693
3.87046
19.7683
9.72888
5.1266
12.8028
19.8772
9.57838
11.8648
15.1059
18.3406
10.7195
3.22275
3.75458
6.19757
5.50606
16.4756
2.91147
14.0226
19.9619
16.6284
8.11855
18.6257
4.04799
15.3456
17.5791
2.75384
14.8239
6.99796
9.06518
6.19982
15.6267
12.5112
14.7804
12.1842
7.34578
14.3738
0.702488
12.2351
11.582
4.57713
16.6382
7.19783
2.35066
10.5057
10.1261
1.23949
5.06773
0.46515
9.36798
16.6864
7.7788
9.61068
17.6455
12.9924
15.748
13.1026
8.60319
12.3846
9.38484
10.3366
9.53412
5.13383
3.34276
18.7068
18.9471
10.6635
4.09849
2.68366
19.5209
6.33764
13.2228
0.0544908
8.48286
14.2821
13.1351
9.35038
19.6732
1.47566
8.02944
0.828826
1.61855
5.55002
2.11258
8.18396
19.8499
19.9796
10.3361
16.3869
19.7573
18.4251
4.73875
6.31176
8.96748
15.6264
4.73713
17.1942
7.77071
2.97123
10.7574
18.765
12.3836
19.9603
7.27881
13.1339
16.7538
5.44693
6.51583
12.1576
16.5627
18.1832
4.14096
1.60388
15.9707
8.53889
6.50867
19.6054
3.12927
7.61073
18.1227
16.7236
5.32562
1.85549
5.79745
17.5686
7.48451
4.06714
12.2368
9.21772
4.59108
8.16953
10.6285
14.8393
19.7161
17.0189
18.579
19.6085
17.9904
11.9321
13.1489
14.848
4.12924
15.934
15.9961
18.6262
17.5011
12.3766
16.0588
14.0321
8.80206
2.86329
3.26772
11.9102
18.7426
5.65941
18.9566
3.3259
1.75624
9.07153
7.48919
5.20768
1.05134
19.165
3.08035
16.8761
11.167
18.8942
4.73618
17.6209
0.819147
3.89266
9.56098
4.07566
10.377
0.00209741
11.7658
6.76511
6.67913
18.5269
6.04416
13.7247
9.80119
9.32632
0.18217
2.10964
13.557
18.7021
9.93084
17.5003
1.41988
0.926836
4.67207
2.88548
8.13589
12.9003
5.63359
6.80469
5.48029
9.51779
16.5182
4.52582
16.067
2.63209
9.00436
9.89009
0.27583
0.881976
16.5798
8.10438
4.41372
18.0269
18.5223
10.383
0.209667
13.7959
4.1797
14.3042
6.71498
14.2882
14.8749
19.0498
3.56324
3.80029
14.8443
17.1048
10.2043
11.4674
12.2688
0.958228
5.86708
11.0484
5.7054
11.2997
14.5495
12.3443
14.3778
19.3437
10.7954
0.874779
11.0911
3.15944
7.92659
10.2758
1.27457
3.8651
4.54396
3.01623
3.35814
15.2305
16.8197
2.02908
5.79545
17.9903
5.21107
9.67192
6.16151
10.2536
3.69726
6.26361
0.960424
16.0906
3.62231
7.0715
0.0286762
13.8991
19.5837
5.67852
10.8216
19.3022
11.5732
17.7954
16.7363
6.44815
8.47073
17.4567
18.6256
15.4571
15.4448
2.53159
18.7222
17.402
11.2023
2.01354
1.53098
4.90335
14.6613
10.5394
17.8385
3.36659
9.1799
0.588284
1.71241
12.3744
3.82784
5.66186
9.249
19.4857
10.2858
7.06484
3.64139
14.5444
8.91443
5.22786
3.67231
8.22986
3.57357
9.53388
1.82283
16.5885
7.1719
8.86612
16.0582
6.04359
10.6801
13.891
18.979
12.2715
11.4775
0.27432
2.47804
16.4615
7.53052
12.4141
5.1368
11.5534
13.2538
11.2801
16.8358
5.32442
11.6282
5.13055
2.40096
10.9578
7.37755
0.309707
9.85637
14.869
5.55279
10.1561
16.0398
14.2605
0.970399
7.11663
3.08241
8.0131
17.5965
11.2814
10.2805
14.3149
9.72129
13.8407
12.3296
13.184
5.50425
11.595
17.5604
6.7455
16.9528
3.88779
13.6032
12.8443
8.32304
16.703
18.0996
14.3825
12.4294
14.3197
19.8021
3.42561
11.7729
11.8384
6.97525
7.8515
15.2364
9.38972
5.85458
9.88681
0.0630295
13.9578
17.8974
5.23035
10.9814
11.9642
1.14016
10.1278
17.3057
1.95061
12.4355
1.51177
19.9738
3.75163
14.0719
8.66645
10.1027
17.1674
15.6188
8.57288
14.3603
0.015219
11.4827
13.4275
6.29269
11.6301
7.51657
10.0137
12.2134
4.93122
11.1131
19.4432
12.7941
13.1734
4.72562
15.4414
4.37839
0.595804
1.97684
4.83776
12.6302
11.8074
5.56819
4.98193
9.27534
5.16836
18.1154
9.76628
18.2223
3.2398
0.0203412
4.46068
18.0153
7.01353
16.386
14.6768
11.9752
3.4334
4.99063
16.5681
13.4374
1.74835
5.31561
19.8365
17.4664
6.14959
1.62267
2.44509
6.21315
12.1676
15.5902
2.22386
15.1052
5.04305
11.7051
11.1952
17.7156
18.3764
6.12054
5.61379
10.6659
4.66122
8.25338
19.4381
4.2893
11.4024
6.93723
13.1236
7.57187
14.3663
5.89725
12.0291
19.4268
0.0376695
1.73135
10.8615
12.7356
12.5324
11.6133
9.04851
16.5468
2.78056
11.2974
6.88109
12.1271
9.69921
9.76388
11.4196
4.94798
4.75212
10.98
12.5845
14.9245
18.6577
0.320856
4.08934
1.33854
8.65045
3.55994
5.8686
7.9775
3.37183
17.7492
11.0719
3.1612
15.651
17.1982
2.51677
16.6362
13.0655
1.4347
3.80657
15.021
18.2076
17.5983
4.18279
12.3564
8.64714
15.1724
18.0463
7.68347
11.5897
0.405193
19.6188
15.1618
13.1118
5.80246
12.3506
12.8952
18.2455
2.71077
11.7071
15.2478
7.46469
16.9297
15.9968
10.1745
9.25726
2.64928
7.28301
17.3459
14.7008
8.04961
15.9774
3.81448
9.80885
4.83306
1.63605
14.2071
9.51328
14.6122
10.2848
10.1244
16.121
17.0842
0.945881
1.41705
3.48998
8.06729
9.36238
8.92564
15.9598
18.1622
8.89501
2.39022
16.2021
4.59319
10.4625
13.2333
16.2429
14.2109
8.10438
16.8591
10.4347
19.0348
18.5672
7.72962
14.2829
9.14649
3.66733
0.879783
18.4362
9.25454
2.21795
4.56554
11.9674
13.6793
19.6189
9.04156
11.4848
5.07335
8.57755
5.79081
9.01797
9.52028
13.8356
3.95842
15.9493
0.736334
1.82159
7.63504
2.22947
3.22915
9.62956
5.60207
14.2894
11.0318
10.4136
16.6357
3.32185
14.3703
18.9757
13.6504
17.5786
3.34717
4.74634
13.972
8.80907
13.1034
16.7833
15.8176
6.59294
0.359372
6.72765
13.7276
18.5489
14.5206
17.8357
8.32449
11.2006
0.971626
10.2901
19.4416
10.0784
19.8835
2.87194
18.9516
3.32763
6.79692
8.98952
6.46945
1.0568
2.23758
1.85952
18.5396
7.57187
13.018
6.63881
17.3808
3.9893
6.48507
2.79587
5.10482
7.6391
8.8814
11.3883
11.4969
13.189
12.624
18.6925
17.2644
13.4558
1.50381
2.68855
15.1553
16.0403
1.2633
17.0637
9.25173
7.9149
11.2729
7.19924
19.3162
4.98504
18.5199
7.69501
2.85905
7.17552
10.6381
18.7237
9.2135
16.292
0.779304
1.51033
11.8547
5.21641
11.1443
5.03244
12.1244
1.98966
1.3894
9.88941
8.17443
10.7507
19.5802
0.0298594
9.30205
2.94865
11.9002
19.1146
8.44645
13.9293
5.71108
7.27821
7.01018
6.12449
13.4806
2.81955
5.75693
11.5875
9.50038
16.9976
5.60239
15.7358
19.5649
19.9924
10.5472
2.13618
18.3356
19.6607
16.9117
7.5921
13.6675
9.24546
6.56497
4.13036
6.44283
13.9436
18.2183
17.6674
17.7876
8.38595
6.35948
5.91172
13.4348
0.863376
17.093
13.8514
14.5029
6.22297
6.85881
18.1544
9.00333
14.6163
6.18898
16.3467
11.0543
10.688
15.0817
6.20864
17.0741
18.8346
6.32157
9.71273
15.9327
4.53736
9.28441
19.4871
2.41993
12.4008
4.82412
19.1663
5.18036
16.4122
14.822
5.26443
12.3162
12.963
9.09671
19.8192
14.5778
4.27195
13.6284
12.5765
18.4894
0.74958
8.03117
13.6895
2.12455
14.5876
7.90381
0.520481
4.45881
4.63402
11.2829
12.0184
4.45436
13.4992
5.58397
0.911773
6.44133
17.1194
19.9062
2.4017
4.57665
1.46277
7.14318
15.9237
2.07461
11.3703
15.2342
18.4942
9.06393
2.29853
12.8402
17.1593
19.6524
18.5784
15.5299
4.35657
15.5024
17.5569
6.27695
12.7211
9.64945
19.3349
14.6409
16.3571
11.6167
16.1587
4.911
5.55351
13.372
12.4997
13.0246
3.7323
0.725391
10.6763
16.316
12.4014
10.6361
7.19743
12.8545
10.779
9.97896
7.64479
1.19997
19.4868
11.2446
8.48373
7.93015
15.8152
7.20665
15.4369
12.7491
7.78796
11.8378
0.74439
1.2162
8.26692
0.379152
8.01704
11.7029
12.7164
10.564
4.0806
11.4006
10.0269
6.38145
11.2704
13.5088
12.7056
19.5178
10.8688
17.523
4.10655
5.86084
9.54644
1.14384
4.33552
11.0183
18.2854
1.97327
13.1763
6.32898
19.5924
19.0927
0.403391
4.10675
2.06462
6.2093
3.09738
4.24877
10.2166
16.1709
17.1454
13.9652
15.2024
6.5749
19.0018
10.3866
8.85043
3.44206
9.98122
18.1726
8.08415
16.8536
3.43804
18.4212
17.8765
4.69884
8.80378
3.02722
15.7451
1.12307
13.9042
7.05168
5.94813
9.60935
17.452
0.810282
12.8984
13.1065
12.3295
0.767829
0.589337
13.3998
1.52481
8.3188
10.9291
14.6623
1.6157
19.2948
10.0673
10.3266
7.23629
8.88183
11.6554
9.54072
5.68473
17.821
13.3973
9.76087
12.0917
19.151
7.98647
9.85361
0.117258
18.6123
18.2656
3.32047
6.82177
16.7868
7.70468
17.2859
17.5936
14.7664
11.4087
4.26838
3.04635
0.0413222
9.62324
1.566
18.9143
9.24563
8.11385
3.16156
2.68226
18.4445
2.1382
14.4933
12.151
5.65703
5.34674
4.54493
17.565
13.5504
15.9668
14.5407
10.0915
4.74231
8.23659
19.354
14.9215
10.2583
11.4115
12.2406
6.19657
7.20909
8.79655
10.3567
9.49612
5.89795
12.1869
3.9656
12.0321
16.2951
0.176225
13.8981
11.8859
9.76073
14.3817
2.46384
8.85545
16.3676
2.79796
14.7993
8.74317
1.27733
8.20057
16.8176
12.4145
14.0331
16.8478
13.763
11.6488
9.72055
16.3657
10.0857
12.2612
2.27716
8.38383
6.00799
4.5587
1.42045
1.62579
18.6816
3.03064
14.9035
10.9174
3.85019
7.30121
10.8722
9.86338
19.0857
0.800822
3.75167
1.72059
4.52679
5.96106
12.8687
4.43645
14.6952
16.6513
17.276
6.08328
11.5685
8.67022
9.76853
9.8427
13.6408
14.6215
11.0638
19.2812
19.8078
12.8073
4.29833
11.0071
18.3636
16.5224
13.4386
17.5631
11.1538
19.9661
17.4334
11.0369
12.1192
1.85143
5.80336
16.0269
4.85477
13.1778
14.3341
18.6071
3.1002
15.5806
11.247
1.2472
6.78573
14.9397
11.4162
4.71891
16.4914
13.9877
13.0461
15.0816
1.13547
9.92194
15.6918
0.972185
10.7359
9.04904
3.82696
13.9482
12.1205
0.152286
19.6307
11.6718
7.22459
0.0478014
2.97283
15.2218
15.9608
3.73958
18.1703
4.74055
18.525
3.47267
15.0798
9.19782
14.4083
3.26838
10.8759
7.97468
6.32199
4.81446
7.42992
10.8941
5.5641
10.0122
7.29253
12.3425
1.146
17.3702
12.4093
17.7488
5.85579
13.3303
16.7441
14.7508
5.76648
11.95
11.9447
13.9608
7.22427
1.98795
3.05999
10.3435
0.205241
16.8532
12.8025
15.5495
5.74144
9.82048
11.9749
7.98441
2.98086
18.8687
15.2476
17.1727
3.33639
14.852
17.5177
9.41403
2.58488
6.8331
5.29684
6.37235
14.8509
12.8033
16.2168
19.6975
19.6502
14.254
10.5743
3.53476
10.1405
8.19219
7.43042
16.1494
8.61335
10.0997
7.78353
9.5064
2.50874
16.8046
6.42265
7.75516
9.03176
15.4915
14.0388
18.3773
13.774
11.1829
10.6268
5.21335
0.0460182
5.44881
1.76652
11.0267
8.08263
6.83146
18.4861
1.34663
3.57309
1.10028
2.87058
10.1959
6.24377
4.42413
7.3607
7.18991
12.6304
15.0473
8.79096
10.9292
5.19449
17.9317
6.23937
3.46709
12.0906
10.9024
4.97053
16.7472
19.2754
5.97144
11.9326
10.7359
5.71731
0.992876
16.2652
9.49036
2.28966
1.98186
14.3235
0.956936
7.67321
9.76171
18.8677
11.1996
5.79813
17.8802
15.2277
1.9146
18.8568
9.20303
17.3505
11.3476
17.737
1.38179
15.7136
16.8522
14.4885
10.4254
19.4304
7.22273
9.07336
4.00623
14.6895
6.64652
5.58172
19.7048
13.4634
15.8452
8.90625
18.8788
7.9975
13.56
4.10402
9.42833
11.3098
19.5353
10.8186
6.01439
15.2576
6.1946
4.58075
9.89493
12.1986
18.0591
12.6034
14.2914
18.2456
3.46333
12.2253
14.8451
6.45593
11.2549
8.26782
4.30408
8.71628
9.82177
1.33989
6.69935
19.8454
19.7643
11.8805
3.65051
12.3808
4.77812
6.85466
14.0348
17.0202
15.7393
5.48652
15.3249
18.8594
0.663144
5.26503
0.442697
14.4321
1.51123
19.3059
5.5286
9.96898
13.974
7.34217
13.9533
7.4861
4.32039
4.54263
8.45587
13.8073
5.24049
1.3072
17.979
14.108
0.739511
10.5514
3.72161
14.4843
6.10634
16.7451
15.9377
0.0221486
13.0889
1.3451
3.04493
9.5051
13.3635
16.8302
1.90315
8.70693
14.5986
7.4697
6.82741
18.1508
18.4412
8.79515
6.87763
18.3665
2.67086
7.95501
10.0494
12.8192
1.22252
16.7678
0.935145
14.1796
5.58421
16.5881
7.87813
11.5415
2.17806
11.2803
4.84041
2.58908
7.90197
6.37057
17.6306
12.1522
16.4462
18.9547
13.0287
2.91842
18.0233
1.73715
7.50584
9.08932
1.06348
15.7281
8.41162
19.4236
10.3268
12.6002
16.4471
8.24419
8.99255
17.3262
18.3763
1.93836
14.2893
16.2283
11.2393
16.4231
8.88255
6.57034
1.21823
10.3794
14.4862
15.7701
13.8223
19.5916
0.222959
18.8705
19.8076
4.20727
11.5877
13.3408
0.414025
2.51257
19.7732
5.92657
18.0678
2.7976
10.0737
12.7537
12.33
10.2066
5.69043
19.1632
18.5704
11.4239
12.7299
12.0063
19.8032
19.453
10.0113
11.3629
10.0655
12.8331
15.3148
3.16719
10.2485
8.64719
4.95677
0.433156
13.3475
17.9567
6.37029
7.05283
8.16225
7.23263
19.6065
0.119969
11.3332
1.69551
0.871904
4.94095
18.3879
5.20954
8.81621
7.64533
19.6491
14.2036
4.67742
15.2137
0.232207
12.3507
14.4071
6.90312
10.6775
0.249536
5.69045
17.3145
15.3548
18.5866
1.21984
19.9087
0.166486
8.3401
10.57
12.8818
7.88659
0.828577
11.1473
17.2559
5.8795
18.4969
12.1852
7.54192
14.9249
16.0593
8.03504
10.5569
6.92478
13.2557
1.33506
3.17531
16.7041
0.115197
4.60113
0.297311
16.1184
6.15845
7.64674
5.77363
1.74438
17.6585
0.950034
12.1563
8.80216
10.5052
15.0858
12.7554
18.3187
14.1928
12.4217
19.2437
13.1976
15.0325
3.76448
2.31818
3.53814
7.3354
5.13714
12.9946
13.1631
6.49264
16.7604
13.8191
16.0445
14.4661
8.54105
13.9321
14.0853
15.0711
17.4873
2.96425
2.83036
0.157788
7.29682
0.063589
4.43179
2.4213
4.58175
6.81225
2.77399
14.0236
18.7657
5.0981
6.08959
17.7664
10.4736
9.62908
3.48001
17.3481
18.7256
15.7788
1.67169
13.7769
4.44795
4.52726
9.83563
0.443887
6.98469
13.5116
17.6171
9.29145
7.83811
3.59451
6.36101
15.5162
17.1319
16.578
8.67866
3.16725
1.89991
7.45154
16.9432
3.22288
0.85597
18.3349
17.3323
16.7978
2.16917
13.182
19.2675
11.6438
17.4023
17.1362
2.83413
11.7167
10.2795
18.4089
2.84192
14.8847
9.33025
5.85891
16.0599
18.775
2.36684
11.8625
3.91447
11.3122
11.1812
1.9766
10.8721
7.30094
3.62288
9.95742
1.65125
14.8509
0.156005
3.33719
11.2333
5.9528
2.68707
8.93085
1.96922
8.75087
7.83446
13.518
19.781
17.3537
9.16451
16.7863
0.515956
4.50852
10.4122
13.8709
2.49668
0.432193
5.77037
12.8294
13.3641
12.3931
1.24912
14.9664
5.7343
8.86501
6.62315
1.9337
1.45295
9.98493
6.07546
19.787
9.00432
16.845
17.7511
0.743817
18.4878
4.76038
12.7627
0.666081
7.06318
18.8313
16.3102
13.8395
15.752
19.079
1.69883
11.2771
14.3856
13.1545
13.0658
17.7376
6.52099
3.66252
6.1756
8.63895
5.39037
9.80954
19.5705
17.5309
18.14
0.494055
12.0525
2.667
19.0433
18.0535
8.67731
7.11043
1.33434
8.55908
0.739637
2.67903
11.4495
13.9988
10.2673
19.3018
2.84972
14.6653
8.96757
19.438
14.6396
17.2237
7.28285
13.3931
0.114236
9.95906
5.06327
3.68309
5.74419
5.76376
14.3073
16.5833
19.0043
6.88285
12.0463
3.35898
10.9661
9.8198
1.2856
17.3391
15.1644
4.67258
6.48264
4.42254
6.27697
6.61597
3.58007
12.2373
5.35768
13.4001
13.1162
16.3317
15.2971
10.7819
11.2799
16.3471
13.7837
2.03242
5.13724
4.15406
12.0055
18.8978
5.98976
1.15662
13.2776
8.15045
4.24787
13.9431
16.65
6.02425
11.764
12.6639
19.0852
1.38224
10.0963
11.5942
12.1075
2.02198
7.13724
11.8213
6.15315
19.9022
15.3987
16.7083
13.0569
4.49941
6.6359
5.23949
10.4584
18.5252
13.5296
17.8658
16.7152
8.82919
12.3732
1.55733
12.6523
13.5908
18.6257
13.46
18.9915
13.4244
2.33785
16.1947
1.59786
16.0765
4.69847
10.1199
5.38892
3.05357
11.0842
10.4687
18.8885
15.2422
17.8688
6.61333
6.81181
18.6383
7.52289
5.35718
16.0052
17.4677
18.7593
19.3202
15.0377
17.0621
5.57735
0.134769
19.9451
6.26607
19.1971
11.7466
1.42899
8.28927
18.6671
3.05902
5.65805
11.0942
13.0907
15.0969
14.8524
8.1124
19.8185
19.499
17.7233
15.7146
12.2785
1.5654
7.02312
19.86
7.00944
13.7472
17.042
19.1236
7.44739
12.8347
2.02849
16.7496
2.85121
8.48297
13.6539
19.6437
2.19624
6.41092
3.8601
0.67499
18.5301
5.56849
9.69368
10.311
14.7377
19.0133
11.977
3.22207
18.8201
8.14065
1.35219
6.02488
7.79132
9.51897
1.58811
10.7772
19.4368
16.3577
4.46738
4.59951
0.224923
19.2383
10.4429
13.6073
2.15461
0.279146
8.87877
14.8612
7.63737
12.0018
10.0026
11.6923
11.5042
10.0228
18.3372
9.52537
15.8492
14.8641
17.7256
11.6198
0.131919
8.86048
0.266264
3.94779
3.7956
11.1089
15.933
18.8967
10.2432
3.12495
10.4749
18.0196
19.7325
4.66156
4.4823
14.5038
5.30362
5.7345
4.19954
1.62038
0.604855
11.5358
2.28994
4.45115
11.7224
2.1148
4.22162
4.60207
8.80561
7.45828
11.8285
6.71777
15.584
4.24882
18.0508
16.3333
11.3573
9.51051
6.26228
3.68714
6.37139
19.4669
2.16175
3.40704
5.65329
9.44349
14.0812
5.23023
3.27204
1.32053
19.43
7.05033
17.443
1.09925
12.1113
2.79355
18.3454
2.02773
1.18714
6.84553
14.3994
4.94621
7.23257
2.1499
4.03344
9.12073
19.2461
9.43599
9.60672
14.5184
0.285873
15.3617
2.64329
4.54461
7.40145
15.6652
1.68263
0.460626
0.0104776
8.96285
10.5564
13.4445
15.3377
13.8012
9.14432
8.60766
19.3459
11.0776
16.5062
8.44879
9.64735
19.6361
17.402
11.2702
1.24186
12.9431
2.58039
15.8025
3.34929
8.07505
1.74041
12.0794
5.95173
0.866682
9.92092
17.8248
6.72201
15.5423
4.40025
13.1152
5.43716
4.40787
17.9975
13.4989
3.56346
17.5189
6.95335
13.9719
5.01444
9.65865
2.04348
0.698556
3.90716
15.5532
3.98273
7.94865
13.5841
9.34476
4.2536
18.2308
8.25326
19.2708
12.8582
13.0605
8.95481
12.9539
1.90296
9.05138
2.79755
19.6188
19.176
6.71032
14.2053
3.83524
1.29296
11.1761
18.0315
6.12632
11.8752
3.57496
11.9278
15.6325
2.63369
10.6743
9.06492
1.67159
15.6043
17.2065
16.163
14.2946
16.8055
19.8221
2.7881
0.892074
15.8914
1.57408
2.65134
17.0882
3.7681
4.8492
8.9966
1.59172
15.8419
6.70448
11.555
12.9988
15.3571
18.5881
3.68227
9.5512
16.0272
16.8256
1.9537
13.1071
2.89543
13.6008
8.48659
6.74629
4.66178
14.9334
8.32731
18.8542
15.3242
3.30071
8.03944
16.4741
1.00975
17.5595
1.39012
5.66979
7.5068
5.49586
11.6772
5.76959
16.4718
3.91083
14.1599
10.8706
19.0539
1.10005
8.76845
0.977376
13.1655
11.7249
2.25543
8.4829
3.25408
13.622
6.22188
8.19954
10.6557
11.7463
6.86364
8.68509
10.7661
11.8622
7.65522
19.9608
7.68443
15.1355
18.1547
0.0208165
11.6357
10.4359
14.4791
12.0094
6.78537
1.02603
7.63614
18.3432
3.04927
10.3704
9.63065
5.90626
13.7988
6.29622
15.1115
12.5519
2.56402
10.0097
7.0682
2.47704
11.9428
4.52402
13.7728
11.2452
9.35744
7.71721
9.86031
1.77406
16.601
13.3453
14.0898
18.6157
5.31473
14.5004
12.6261
8.42864
14.8904
4.51803
3.98998
19.3213
13.8465
19.0687
18.2585
13.1024
10.2961
6.45933
9.97049
1.09864
17.3521
8.19341
15.8487
10.7704
13.6721
10.7498
14.8201
17.936
4.35836
0.206894
4.43248
8.43718
3.14057
11.5479
13.5652
13.308
3.32529
1.05103
18.9381
16.9224
8.50855
12.5847
11.694
14.1548
14.9511
12.2794
18.4323
14.8957
8.04575
6.70218
9.76612
16.5061
19.7846
10.2787
12.7044
0.798762
16.7085
6.10483
10.6979
12.5875
7.62898
12.2827
10.1163
12.6534
7.3595
2.09561
3.56561
2.85074
4.90239
8.70265
19.3996
18.0498
5.37121
11.8738
5.20751
16.0523
14.5447
0.689496
9.33767
10.5614
17.9239
9.2834
11.8614
8.65575
15.7581
19.6665
11.8838
11.5426
12.6387
12.6714
2.44786
12.9424
10.2169
9.10523
17.3964
1.84158
2.70061
14.4568
10.7231
8.8717
3.71129
18.2905
9.89346
15.812
3.31139
3.01402
7.4327
15.0219
18.3045
17.8914
16.4235
5.37159
5.60079
17.4835
6.93473
12.9567
7.35869
13.3142
15.7063
11.8693
3.42475
0.216821
15.2257
2.5245
18.9627
19.2794
3.16603
18.2815
1.02716
18.8865
10.9537
10.1546
13.3098
12.3651
12.9982
6.80811
17.022
13.1571
16.5564
13.4007
8.90148
3.8083
8.2666
5.86602
4.10313
9.28114
5.74168
5.49947
7.06
9.1614
3.68878
2.02566
8.54695
1.21701
14.9653
6.12682
10.973
13.0423
5.54987
19.0238
12.1111
18.724
12.3204
15.3409
10.711
13.3514
11.2362
5.12552
1.79674
5.17826
7.77116
1.5333
14.5074
14.6338
10.037
0.263072
11.3268
11.235
10.8142
11.2712
13.6271
2.39429
6.84681
1.01973
7.99148
10.8723
9.69016
10.7001
13.4499
17.6936
2.12699
14.234
11.4104
2.66415
2.92595
13.3924
9.89628
19.7584
3.70844
4.27379
15.4538
15.8655
10.7258
14.0411
6.31124
2.23545
15.1551
6.92798
2.9971
10.0103
5.92633
12.8604
4.78021
4.96217
16.4811
10.2965
1.94177
9.13576
8.78599
4.98568
6.99074
1.13163
7.44229
10.2468
1.94086
13.3195
12.4709
1.22645
3.30261
9.15062
15.6991
10.2002
8.64684
17.827
10.625
0.263924
6.52622
5.43401
18.3308
19.0597
14.1419
14.4142
1.29783
16.3421
4.86131
17.0188
16.52
0.275532
19.8164
12.2433
12.1045
13.9009
4.44486
18.7442
18.1692
14.8845
17.503
9.60166
7.99368
19.0109
16.2967
0.498329
3.26927
14.8203
10.8645
19.7206
18.8461
8.96062
13.3833
2.41692
15.2922
2.56664
9.88569
6.94609
7.11153
11.5979
16.6835
10.7763
3.70495
15.111
15.9164
9.22798
15.0401
11.1998
14.3983
12.6286
7.87846
7.99491
7.7587
15.1108
6.94459
18.6658
17.828
18.4777
19.8325
19.7197
6.89723
19.2433
4.67254
2.89945
8.61921
12.3673
8.06351
15.4732
6.70488
15.3853
9.03392
8.92962
9.51162
19.069
12.5247
0.562807
6.16802
14.7094
15.4073
11.6472
14.2497
4.73337
3.31106
1.36061
19.6531
1.631
17.4946
3.53029
10.0604
12.9725
10.8539
19.5216
10.7032
6.90647
6.28221
11.0006
2.68211
10.7024
8.19044
19.0742
10.2721
7.84432
11.3286
8.1445
12.6176
5.85076
10.8603
9.18905
6.75571
9.22107
13.9592
4.82807
11.4658
6.39417
14.448
16.096
12.7158
4.78178
16.9166
14.7521
13.8994
2.06278
19.2171
8.25465
0.831414
11.1606
2.67516
18.3144
13.3091
3.63336
14.4367
1.32939
15.965
12.3191
9.89338
19.0573
8.75433
5.54071
17.3581
12.0631
13.9469
14.1682
3.0476
8.77555
17.4023
11.0901
1.52527
5.5999
10.6222
3.16647
0.477391
14.8133
12.4176
5.4881
8.18388
1.99451
5.79216
5.30374
18.1804
18.9791
6.6151
17.5765
19.1802
2.30039
0.740778
1.43253
4.39987
3.17616
17.6959
13.6492
17.3725
16.7552
12.2442
4.7288
19.1246
6.68025
11.2001
16.1284
15.3934
18.3142
8.43729
2.30565
9.9627
13.9417
7.8999
13.2372
15.2425
10.4873
1.7172
0.38028
8.6495
6.64499
2.14618
8.14596
8.34645
13.7787
14.5702
15.5435
0.879761
1.3801
5.37123
17.1125
4.55732
6.62978
19.263
11.8709
7.70296
14.5452
3.29277
6.93497
8.74919
8.78772
19.6675
10.8383
15.5063
0.141049
0.0283665
1.39134
1.83071
6.51677
9.68223
12.5497
12.8771
17.3015
11.834
10.2054
15.4181
1.69673
9.33509
15.1558
4.16461
18.7297
2.47856
18.8596
6.92336
16.6437
13.6382
15.5518
4.49015
6.54944
9.68981
6.70383
4.69922
19.607
5.623
9.14063
17.5675
6.22654
5.81114
2.31161
16.7687
13.4718
16.3579
17.7633
17.5673
0.256748
2.87636
7.28769
15.37
3.74332
18.1286
12.7883
12.8524
14.4683
16.3844
18.097
16.2531
3.31883
3.04895
0.186628
11.1262
0.152158
1.56148
9.0663
19.2005
3.5067
11.1429
15.7641
0.686182
3.05863
14.7359
9.38445
9.56624
9.63961
12.02
5.50968
7.6652
14.0362
11.8197
5.28842
7.58433
2.95761
16.1251
16.2965
4.8565
12.6239
3.26845
9.08575
8.02102
11.9212
3.33978
13.9154
6.39497
5.66107
9.54395
8.74583
13.4522
19.2463
9.97041
7.88949
16.3796
16.175
18.4709
14.3601
18.4932
15.0172
5.47134
5.36977
0.165392
12.2331
19.6448
15.5948
14.6971
7.24093
6.31534
15.0634
12.9393
19.4927
9.03408
8.17031
11.6214
1.80092
15.7866
9.98028
15.8231
19.9739
19.6429
9.91853
17.9643
1.46529
12.2833
0.299043
3.21632
1.82827
15.1353
15.4889
7.87888
0.600465
0.305888
17.3687
19.9885
8.97557
3.46143
4.83238
2.85759
11.7542
19.0553
6.93968
3.8275
1.88241
8.65655
5.50841
9.35338
2.26444
19.4433
16.8034
2.81259
13.8278
7.52212
19.2454
6.96068
15.4118
1.018
1.36498
13.2248
0.65629
8.49449
16.3469
17.5388
4.77652
13.3542
16.5589
16.7115
9.71679
0.184018
5.4514
4.52462
4.91661
3.87831
15.7005
5.88885
11.6675
3.3002
7.64252
11.5624
17.1536
3.0106
10.5095
3.91287
0.549548
0.275073
16.1886
8.77723
6.32106
16.4791
