11.1001
3.41342
13.0924
4.4594
9.51883
9.14317
6.74823
9.16648
0.470263
14.8849
14.6171
3.37128
4.76977
0.841587
0.273345
19.1444
14.0457
16.4339
2.60098
19.2474
4.86452
8.52955
8.00249
0.660937
5.49018
12.2973
19.9094
3.69665
14.6668
7.07229
15.4041
13.4928
14.5584
6.6084
13.579
18.1872
18.0517
10.0349
5.67456
7.93703
6.08854
4.55314
4.74761
14.2222
6.86238
14.0392
6.01942
7.8731
14.6941
5.10603
17.6986
19.6827
18.5152
5.18045
18.5722
9.02444
9.10384
19.734
5.84867
18.0112
2.66913
14.111
10.6357
4.07344
9.90756
4.50108
2.93728
3.16498
16.2754
19.5539
6.91573
1.75014
10.4948
14.3919
9.37135
2.55769
15.3069
13.1837
12.3137
13.2014
15.9787
11.5397
4.06446
7.89559
12.7613
9.45695
6.59051
17.8415
15.7198
17.5927
1.54558
16.3013
4.83573
9.45787
13.2831
7.58121
8.28959
4.88891
10.7156
11.6137
15.9107
15.4266
0.475232
0.270807
10.7065
1.57817
11.6088
14.9568
8.55264
11.9304
5.02073
10.5587
16.7096
0.787004
2.40782
18.3246
3.15862
16.9732
1.08537
11.7662
13.7979
10.1063
6.07659
6.07346
19.7217
9.52185
4.27342
1.95004
14.2851
16.2379
17.4088
16.1983
1.01992
4.05673
1.17783
10.3245
5.94237
17.3534
13.8097
2.74175
9.74503
10.9732
17.7416
19.2643
9.36167
4.92238
11.4865
14.1509
12.3086
6.82968
15.3208
14.8099
19.9327
1.33
1.63488
19.9536
14.1326
16.9578
4.33726
8.83656
9.28019
10.3965
6.10205
10.8678
1.90893
9.07629
2.64145
5.82508
2.6709
8.80657
12.2371
3.89951
15.6055
4.31768
12.6848
18.0756
8.06027
5.89866
1.22098
3.04262
4.65429
5.66384
19.6782
2.54092
5.34431
7.95354
3.64572
18.1636
12.9372
13.603
18.5703
17.6679
6.56291
2.96919
3.42011
13.3055
10.5426
2.0366
16.4581
0.595712
16.2687
18.1098
9.9378
2.41781
19.1515
12.3804
17.6452
17.5022
3.61173
13.2516
14.3558
11.1343
2.56555
19.744
12.9403
0.206686
4.64711
19.5797
7.34271
16.4009
8.67103
17.0923
16.311
3.5186
11.5335
0.499768
2.11898
9.07139
18.8358
17.0983
5.70778
4.60983
1.2656
14.2479
8.99487
10.3994
5.32761
14.6598
4.81094
11.655
19.1061
14.4591
5.03431
15.3079
15.2134
3.45945
2.3564
12.2906
18.3173
3.20929
6.83433
18.4568
2.99578
6.49684
10.0296
19.552
7.1219
17.5472
9.83788
10.0275
8.59273
2.34743
9.68424
9.30364
4.41804
2.14129
11.8398
5.41442
2.54723
4.45624
16.669
10.0959
17.361
15.9343
12.8631
8.28783
12.1382
9.84826
14.3276
11.3117
12.1181
0.647172
19.1428
11.7909
3.57768
15.9575
9.22322
11.883
1.07797
11.4604
15.2339
10.9213
1.96912
1.35019
5.78096
14.4032
15.7892
1.76891
5.29167
1.90226
1.41134
12.9081
7.52879
15.9377
8.1445
15.3528
5.1158
10.7632
17.2513
19.1234
7.70126
5.91554
18.9498
2.57111
6.07655
1.58277
7.63485
9.24182
12.8644
17.2371
13.2451
18.0999
15.7833
4.80703
13.0267
7.40774
4.55617
4.77926
2.39506
7.74045
14.7591
4.98677
14.9615
16.7231
12.9019
6.13042
14.9547
13.2814
5.5558
0.104297
14.2258
18.0029
12.6355
6.42269
0.0372002
13.5596
16.756
14.8162
5.40539
7.56047
7.88275
17.4641
13.7081
16.4069
19.5174
15.6139
12.9641
10.212
18.751
10.5674
15.6567
10.2679
6.24375
9.13371
0.62828
13.8501
19.9132
2.18185
4.12974
16.5787
6.77323
18.7123
12.4133
15.984
15.5699
14.2181
14.2042
5.02351
8.72842
3.67346
15.8878
18.2452
1.67752
5.6683
17.2541
7.06466
6.6547
12.1393
3.05035
14.4159
18.1226
16.6507
11.3682
16.6172
13.4873
3.44043
10.8319
14.1974
8.69734
10.5589
4.56174
12.0006
1.28501
14.5783
12.9954
5.94185
11.7782
0.38313
6.12022
15.7156
15.6965
13.6336
11.205
18.8526
8.19421
7.70055
19.9202
6.044
2.6416
4.05825
3.7641
12.5216
15.75
15.9816
8.01758
15.7042
13.2739
8.47095
11.2276
0.993121
9.76619
0.36547
18.4294
18.6693
19.3872
15.1077
17.3133
7.53638
13.8721
4.86524
15.7515
5.48817
18.1998
10.8665
19.1048
1.57273
6.67497
19.5425
9.9924
9.83993
5.67648
0.453815
18.3163
3.83855
4.61648
11.1484
16.73
4.52908
8.14093
7.94617
12.4063
12.5209
11.6651
6.0428
11.4193
17.6656
15.9397
12.9448
4.27242
17.05
18.8472
11.4594
9.70155
1.05475
0.261291
12.5866
18.0482
15.9148
8.28036
9.91896
16.1481
10.5082
11.385
12.9603
8.35787
12.9645
3.13315
11.8198
17.0154
0.212705
18.6768
11.7919
6.08393
18.396
