10.863
14.158
18.0333
5.49811
13.7914
3.22733
7.54195
15.1923
11.07
17.525
8.09943
5.68634
8.08231
15.9486
18.1098
18.1657
1.40574
7.8718
5.61204
9.82914
10.4245
18.54
6.82469
19.0492
7.33594
11.242
17.2073
18.0359
15.5307
3.90616
2.93208
4.0349
5.82979
13.511
10.9563
15.3896
10.3407
12.794
12.9816
14.8905
3.78897
16.1233
14.718
14.9532
9.68053
16.471
19.1896
10.2367
11.4945
11.0551
17.1918
4.93095
11.1092
4.14408
19.3893
6.31059
19.9576
15.6404
5.31232
13.7542
12.6421
10.165
16.3729
1.50338
13.2133
3.63517
4.86621
6.71677
3.44391
19.5909
12.7937
2.28305
15.8224
18.3302
10.0687
1.17012
5.00149
3.348
1.4294
18.5596
6.65688
0.333086
14.8718
11.9776
1.37953
4.79255
15.3886
14.4056
7.6641
9.48593
11.8751
17.9012
1.53201
15.0191
7.40623
17.9895
14.6855
0.707434
1.65365
6.48062
14.6924
6.1375
5.58933
3.41836
16.3553
1.16727
17.4577
10.4478
12.3986
2.02038
19.205
6.4231
8.39486
7.42348
10.651
0.849569
12.3584
10.757
10.9499
3.38567
7.22495
2.59567
13.0172
5.26276
19.9276
16.3319
4.0158
1.99607
10.4406
16.0333
15.1023
15.2226
12.648
7.56419
2.83507
15.0388
4.15337
10.2404
5.35374
0.251983
15.2084
0.574127
6.48929
18.96
2.24616
12.6075
2.18722
15.422
1.77618
12.0764
7.02657
1.80762
6.41539
11.3121
9.71734
14.8851
5.58618
4.70151
0.680229
11.0561
10.0047
2.41275
17.2111
9.83333
4.39414
8.62413
11.6606
1.76549
1.55082
12.6103
5.00208
5.17741
5.80561
16.5951
7.05309
15.129
13.8511
16.6208
2.67793
14.1118
13.5828
13.2461
14.6042
11.587
15.2866
18.2922
19.3383
11.3475
9.99486
11.9723
4.40112
1.68715
12.1785
16.5716
6.97395
1.5482
19.4528
12.9455
13.1331
12.3429
5.92918
14.1282
19.0256
12.9907
1.40724
4.40118
12.1382
3.11088
1.5951
19.5625
1.27574
15.2127
9.58598
18.3163
17.555
13.9424
6.3143
2.86908
17.9456
10.5144
15.8165
5.60608
1.31458
9.87582
9.77661
3.08587
4.48262
5.30464
19.7931
14.6018
15.8191
13.9644
15.1465
11.6962
16.939
9.20724
14.8945
15.1603
7.32802
15.8628
0.826376
5.36521
19.4684
13.4339
13.8645
6.30903
4.89668
7.58814
5.81123
19.171
18.3163
0.1589
9.91987
3.96217
0.932616
0.39352
14.0372
16.7768
5.83362
17.6075
10.6094
5.09679
8.74754
19.8876
17.1286
7.14043
1.67005
13.8804
3.30362
9.13138
8.8756
3.32603
5.39176
7.74947
4.93598
2.47734
14.317
9.44708
4.92186
4.94246
10.199
18.7335
16.5022
14.6147
3.93773
4.13034
18.1205
7.82023
7.16365
8.46398
15.5389
8.46168
11.7789
12.0227
10.7676
14.7623
6.00131
0.977437
5.20558
9.35083
9.76723
0.021278
13.5931
5.89747
5.66133
17.2105
8.74493
18.7042
9.08816
10.7173
0.667604
10.3039
9.29327
1.89078
0.0661496
9.19227
4.55156
14.8982
1.97181
13.2336
3.51173
12.2323
9.51685
7.48509
8.20428
17.8794
12.1745
11.1593
4.74225
17.1188
15.8092
16.8251
0.943157
8.58167
16.6723
8.69855
7.26889
1.66545
5.79019
14.386
16.4143
8.64959
9.42494
2.26956
15.6266
9.02839
4.09764
3.11319
13.3285
14.6176
16.9643
16.6092
19.7712
0.541611
10.3775
0.555454
9.0115
9.78354
8.86438
6.23484
14.351
9.98383
14.3697
7.60127
2.34893
12.3404
10.7971
19.7194
11.6576
17.8617
14.8615
15.4336
14.254
3.73648
19.0039
3.50742
8.3312
10.3658
10.9518
17.3122
16.6352
9.17746
8.03329
14.806
9.88912
18.9647
18.9043
3.48521
7.81773
18.7307
4.88133
12.0608
4.57055
3.16926
1.92714
7.87776
1.95105
9.19845
6.24123
15.7072
1.34526
9.513
1.37021
19.2119
8.47624
5.90775
2.17573
12.1712
16.592
4.72526
5.84168
14.2618
19.1567
7.3991
0.714817
5.20042
1.33894
12.8474
2.5491
8.08361
