13.8342
10.3977
10.4125
19.9936
1.74101
6.11615
14.9405
14.9806
14.4218
11.3114
8.20821
6.39547
14.6519
17.7286
10.225
11.8578
6.00164
14.0365
6.9306
8.80866
4.71565
16.294
8.46433
15.5888
16.5898
11.0091
3.3793
19.9489
16.9684
10.0537
8.89457
14.4771
3.87738
16.8612
14.585
12.818
8.85953
11.2947
12.2233
2.61452
5.15428
6.52207
9.28368
5.31095
13.3103
8.67618
15.78
1.4517
7.55926
13.7028
3.16075
11.0492
0.202611
8.51732
5.07208
16.9581
17.591
14.5472
6.99923
4.64352
2.42347
16.7104
6.54073
17.9116
7.68221
6.50702
10.4521
3.15027
2.12019
12.8099
7.97103
11.3526
10.422
14.6881
17.0524
7.40854
3.18591
13.7658
18.8233
2.85669
15.1333
11.3593
5.62117
7.45321
9.88688
7.84391
11.1271
15.0959
5.04844
11.2629
17.6463
13.2866
17.2193
12.2455
10.4021
11.3216
1.7063
13.9331
12.6458
15.8058
2.89303
0.736124
8.56145
1.9353
11.7634
5.62057
10.8894
17.7098
1.47581
7.83493
9.54703
11.5311
11.096
6.13715
14.4405
17.5297
1.64046
17.1015
9.77957
9.45904
15.7473
14.0793
6.57242
16.5136
14.4986
11.4994
1.30425
9.16797
11.1761
7.10141
18.5995
9.76785
0.738364
12.7497
3.29784
7.4288
3.97053
17.9257
2.47427
9.11219
2.36828
2.2194
14.0544
18.2604
5.67664
9.2118
12.8125
14.8631
8.37107
0.354597
0.343099
1.65547
19.3715
8.60159
9.51071
9.67335
18.079
14.9571
14.7423
0.711153
17.9372
3.75008
3.7759
16.9555
18.0475
17.266
6.74759
16.7951
8.72938
1.9249
13.4093
5.56492
5.39982
9.39666
15.9046
7.77504
19.1236
13.2466
13.1147
4.51423
18.6244
1.43929
19.997
15.7884
11.9111
2.05463
9.18596
13.167
1.77285
19.8869
9.17933
9.68577
18.4882
4.12915
3.11018
4.9465
11.6967
0.945238
12.4313
17.2062
2.92162
15.4117
14.228
10.2684
14.98
7.58838
19.1219
13.3336
5.26074
0.477195
0.883343
14.0713
3.43032
7.819
15.7769
4.04408
3.07215
17.0348
7.43679
14.6911
2.35813
18.42
10.2514
5.08702
11.6108
18.4928
18.8938
16.085
13.8854
10.286
11.604
12.0789
11.6762
8.03547
5.90342
7.54099
8.25318
0.611161
13.318
17.493
16.4548
17.2304
8.6451
7.06298
6.3994
15.2358
3.36332
11.1118
18.0578
13.3241
0.518396
10.165
7.80484
8.73506
10.5544
13.3549
14.2017
7.38597
8.29283
5.174
17.3313
9.47126
11.9479
13.4713
18.049
1.4241
8.05155
7.69021
1.07648
8.14652
9.26322
13.9749
16.1127
4.15377
0.811882
1.76636
13.3293
7.1365
11.4936
9.31861
1.71251
8.11072
0.28907
3.52979
5.38599
19.2471
7.50285
1.8668
1.41504
7.20366
10.0734
10.3904
7.95441
2.23007
6.2645
17.1118
7.68139
15.5808
3.4763
16.3607
12.7688
13.1952
2.17599
10.7
17.0966
4.06152
4.18942
4.11377
17.9911
5.99157
15.3242
5.12829
8.57847
2.94825
1.75925
1.82797
11.9424
8.43289
15.1983
2.15569
0.672572
10.843
0.627793
2.23102
13.3071
4.80311
11.6905
6.83396
18.5798
18.7622
3.61802
16.6097
13.9922
10.1319
11.33
0.35943
5.75065
4.66305
4.1698
17.5853
3.75496
18.7588
7.11655
15.0564
16.5387
12.6214
15.8942
2.82327
13.6977
17.1256
19.62
19.1257
8.19573
10.8923
11.4767
13.1346
12.7047
6.66443
2.17496
18.3572
4.67354
17.0543
15.9362
7.51987
7.79017
5.20522
1.47909
17.1503
2.15855
10.6885
1.07284
7.17201
0.703997
12.2575
3.98044
7.94336
0.963421
16.2102
9.91494
1.64758
19.8495
9.76871
14.1543
19.1322
14.0111
14.9438
10.458
15.0341
6.67038
16.3547
16.4678
6.12377
3.25287
0.68877
8.24951
16.5424
3.50265
13.1369
13.8579
12.361
8.23006
0.650347
16.4756
12.391
12.2042
17.5236
0.428137
9.09923
11.9437
9.34022
7.63764
12.7471
3.64806
12.5955
5.74832
5.37079
14.6242
3.27946
7.58029
19.0486
