4.24343
17.7808
18.7835
3.76701
13.011
2.55311
9.67988
17.6524
4.83588
14.688
6.16604
10.6972
13.5516
4.5021
3.32392
11.8927
5.01029
15.584
13.973
7.19192
6.73625
17.1726
0.98959
6.15289
2.36883
8.45579
6.79679
18.8166
11.3614
13.8608
3.50854
16.6773
17.6625
6.72189
18.6503
5.36889
11.1743
13.9207
15.572
0.850596
0.829866
13.033
4.06589
19.683
15.1033
19.1259
1.91885
13.6488
7.56411
2.77433
1.09794
9.33582
18.2001
3.49141
16.9619
11.9822
8.64866
6.23976
18.0396
9.46952
4.50065
4.27357
18.1467
11.8259
9.8734
16.6789
13.5005
6.86105
14.7494
2.15278
2.0233
7.09373
12.2595
14.1592
3.39489
10.3982
2.88774
4.50401
17.2951
12.4273
0.459784
0.0825573
17.2662
10.5952
4.46472
0.580415
15.0683
8.72524
6.51134
2.73745
15.9494
0.353668
15.5824
8.63152
16.7736
14.7432
5.54922
2.01444
12.2987
2.21386
4.82017
5.6727
8.23418
1.01191
7.93502
4.27822
14.0552
16.4695
3.10079
12.5552
12.615
6.07322
0.26519
5.76467
13.1394
7.58494
10.7832
7.70785
8.13818
12.5934
0.595108
13.0219
13.1838
17.8105
4.82146
1.63588
17.323
9.72095
16.4805
4.31461
10.621
3.51316
6.70973
14.5078
17.8515
15.4163
6.4204
4.17537
1.28897
19.5419
12.9624
19.2082
19.7275
13.226
10.3593
18.6612
13.0038
1.89841
11.4003
17.181
14.5006
13.2213
17.0747
1.27421
8.25941
14.8467
7.99077
4.76342
13.6123
9.14292
9.15708
10.4909
8.14325
12.881
13.13
15.6176
5.67692
12.0778
0.809653
10.0669
10.038
9.00035
2.75086
11.7524
4.15969
13.7357
2.57293
4.33622
6.0859
19.4943
13.4322
16.468
11.2101
9.73296
13.4185
0.712344
18.7841
3.38656
0.314578
6.57666
10.7077
19.3679
8.85295
17.0004
9.85415
10.5352
3.83235
9.45304
1.06574
6.85931
9.30771
4.73838
3.92272
2.74569
6.61435
13.304
6.59765
13.3112
0.680295
19.1017
11.262
4.6299
5.85903
16.587
19.9372
5.75292
18.1439
12.5459
17.9582
19.3303
19.7913
7.9119
18.1274
16.1595
11.2857
17.0128
1.88085
8.02337
13.8881
7.52507
18.9876
9.07007
0.993921
9.91925
6.67106
5.39988
5.64804
0.910523
9.863
11.5567
10.2055
9.92387
0.572519
19.5422
0.0149893
19.3302
12.3118
4.27193
18.8651
3.04764
15.4977
1.4534
18.1203
1.67964
18.7848
5.85869
5.45908
6.06561
8.28095
10.9995
6.73413
12.1201
12.7195
11.1647
6.01744
8.0153
1.12859
9.00782
0.742716
8.7946
7.12602
12.5048
6.88907
7.47175
13.1734
19.7008
17.9182
5.19446
18.7629
13.9676
1.88672
16.8512
8.71778
17.2954
8.08782
17.2433
5.00539
4.11699
4.97887
12.6521
11.4554
3.77412
12.9658
13.6509
3.08863
1.75707
16.9118
6.6415
8.26686
14.4644
6.5694
6.81347
14.2583
10.7438
9.67421
14.6734
12.5138
14.5964
11.465
6.91112
2.36325
1.81524
14.522
2.49223
3.52086
16.9276
8.17645
15.3538
11.9095
9.0746
5.27785
3.7863
19.5237
0.946206
12.0097
7.33237
10.8654
6.57812
0.576228
19.0504
6.87576
6.85332
15.1715
10.0959
3.79938
16.0391
1.37022
5.65894
11.7512
16.3294
1.74138
18.7458
19.4023
1.679
14.4385
4.76725
4.78483
11.71
10.969
11.6425
5.05846
15.3007
3.11927
5.37528
6.99182
6.87662
14.2108
3.03166
19.8336
5.66653
14.199
6.22864
1.00075
1.51679
7.17801
7.74283
0.266434
8.50891
3.3229
1.75911
19.954
0.0200525
7.75544
11.5646
14.0486
5.44906
1.24918
10.4553
0.52782
2.84459
15.9285
4.76615
12.9302
7.93022
3.11311
13.2455
16.709
14.1973
16.292
13.3906
3.06735
7.06445
18.2634
15.2201
13.4232
13.7321
19.3886
16.3879
13.2187
2.3876
2.86478
12.54
2.6614
16.1425
12.1829
9.83234
10.6759
2.18208
4.24922
1.62463
7.26997
3.59467
8.13791
2.73893
14.8973
14.0976
2.35178
3.68759
2.2721
9.51118
12.1666
1.52483
5.51996
19.4897
17.8728
11.5883
4.94833
10.4895
0.635083
12.5926
0.729436
9.90883
5.6264
15.5745
10.7119
16.2607
7.30768
4.15518
8.35192
3.36564
10.6511
1.03224
8.74306
0.74442
19.6261
10.2411
1.20743
16.4306
11.9604
8.16025
15.0138
14.2066
19.8176
3.74391
19.6113
4.9245
13.9185
5.64259
17.243
10.0331
12.2738
4.75001
13.6409
2.66614
14.838
10.7484
7.11251
19.3517
15.7702
13.9742
11.3613
15.5337
8.24499
19.575
16.1358
1.98489
0.575543
12.699
12.6255
5.13915
17.6386
10.9826
9.61773
2.36053
11.7724
15.0553
4.03368
0.710141
5.13579
2.63879
2.91693
6.22551
0.337954
18.921
15.9343
8.65158
5.15837
0.297171
6.01162
4.92739
15.4947
1.21904
7.53801
1.01154
12.6484
12.5935
8.81137
16.0175
9.9444
8.59602
0.195901
10.411
12.6175
2.15185
15.9844
19.5164
2.03993
15.292
13.4077
17.2378
7.84322
0.511168
0.562926
5.49546
7.7188
4.01081
4.9325
10.0032
7.72145
2.71047
5.04889
18.2752
1.41706
2.56225
17.6174
2.15988
6.59379
7.69702
16.915
8.78622
18.4908
17.5883
9.41828
10.1232
19.9429
5.07696
1.54472
0.983675
6.71873
3.35603
11.8737
2.93818
5.34035
7.6317
5.84394
19.435
0.904567
7.47404
4.07235
14.6635
4.59821
18.217
11.6443
17.5265
18.0004
1.27775
17.7516
5.18692
10.3867
4.67101
16.9064
4.29556
8.25185
15.0405
2.90302
4.72553
1.08562
5.17893
5.86247
17.5506
18.8254
12.4526
12.8096
14.8977
6.31147
17.6128
7.89207
5.92443
19.933
6.29857
13.1476
17.4456
11.059
3.20241
2.87612
15.1975
11.5169
16.1755
16.5458
10.2074
8.24117
13.9303
14.1026
19.9226
5.86442
1.19282
7.91328
18.2744
11.406
9.7374
3.37219
19.0094
5.72531
15.5644
8.98306
1.75887
10.1419
14.2468
2.24394
9.26704
3.3684
10.1076
4.95794
16.8962
4.75443
16.9659
16.5715
17.1624
16.1123
16.3352
5.72261
2.41055
18.0713
4.36335
16.1743
7.94557
9.1455
18.1586
7.6599
6.00647
6.62876
13.0631
17.4027
16.1163
11.1288
5.32709
16.7429
9.11094
14.4402
18.589
19.9629
9.64173
9.35696
14.8833
11.5836
18.91
2.67037
11.8072
2.84172
1.11367
12.3197
4.11719
17.6432
3.20345
10.1193
7.09378
7.28597
5.97483
10.8051
11.3924
1.05009
5.62192
11.948
5.93013
17.932
4.13594
2.43051
18.8145
3.50432
8.85122
10.4089
12.5006
14.1877
15.5977
2.88791
8.23677
9.69187
10.3665
8.94104
8.69514
6.91768
0.115449
17.4711
3.97364
17.5257
1.65772
1.99936
10.5303
3.25382
16.7775
0.837784
16.6603
17.2832
13.4704
13.7425
14.0768
1.3226
10.7444
13.9489
3.19698
11.8197
13.3194
13.7116
0.00402519
10.6354
16.1782
19.2204
0.910611
0.218301
18.0884
5.32495
8.40964
5.41197
11.9193
9.64338
18.8446
9.93298
16.3304
15.2965
4.72839
9.011
6.38334
16.9361
13.8113
16.2217
17.1527
11.7515
10.9474
0.148051
16.3004
8.44792
15.4584
13.0861
3.8306
11.8194
11.1659
2.15636
12.1751
9.72443
19.2232
16.0131
10.9559
7.48454
1.42422
5.94455
4.09833
7.3712
11.3579
7.2466
2.65334
1.85357
16.2534
8.04642
18.1395
12.094
13.8432
4.68966
7.00572
5.57144
19.7266
15.2056
15.7658
8.31876
5.3918
16.5585
1.90267
10.9668
1.03657
18.829
8.14249
13.2495
9.77106
10.6506
6.63607
5.39318
2.94126
18.4677
7.19779
9.8532
8.05408
2.16096
12.5183
10.7037
15.4917
9.78368
17.4958
14.793
15.8014
11.0837
19.5593
14.2266
3.27585
11.6368
12.0139
4.49993
3.25988
15.8137
6.32024
4.09271
17.4446
12.9571
4.75672
7.42649
9.49442
14.8557
11.8785
12.4869
15.6766
1.55596
7.9532
9.73862
3.7828
4.21627
0.616749
17.2374
1.32628
6.65157
12.6136
8.13359
15.9837
16.1819
8.72465
9.41305
3.63481
9.10983
10.779
9.88799
7.73945
10.9969
4.33475
9.42128
19.4914
19.3224
17.7791
9.4212
14.3734
6.28839
6.99202
8.05308
0.979249
11.5091
5.98041
18.7219
7.40107
2.17461
9.99849
8.57295
2.14152
0.187437
10.7101
16.8262
4.85532
5.03115
0.787731
11.402
14.5865
7.19932
6.4246
13.2608
10.2726
14.6844
7.56786
6.61661
19.7219
18.5421
19.5961
10.9937
15.2493
6.75594
17.2177
1.83141
8.92505
1.01101
3.64014
0.308486
11.2419
5.42432
2.64813
16.0756
14.8073
6.92274
18.3961
18.5226
6.85674
5.78126
5.41004
5.58978
10.1537
1.41115
12.4784
12.9114
1.96645
11.2917
11.5358
3.49125
6.53347
9.08568
1.04395
2.82675
0.685394
12.7783
10.3714
18.4222
17.9098
18.674
15.576
5.3613
12.7333
11.8625
2.73829
6.3608
7.37909
10.9279
11.2249
7.25091
16.7372
11.9007
4.68794
9.36067
16.2425
6.57114
2.31971
13.9461
2.64953
17.3244
2.9324
10.659
10.6901
4.8739
6.73909
1.90866
9.91621
13.2202
14.9089
1.68096
0.0529874
5.9572
18.1644
7.39771
0.471874
8.87794
4.13984
17.9301
5.41315
2.48116
3.9261
11.3483
2.5563
6.885
1.6975
1.05769
10.2371
18.8669
4.1668
10.0472
9.43873
12.1144
9.56729
9.04866
7.88427
10.6117
9.29798
5.30099
2.4029
7.97171
16.2648
4.3078
5.99234
1.12113
5.5664
4.83262
16.635
15.0227
10.5488
16.9209
17.9707
0.255899
14.074
4.79032
14.0538
12.3498
0.705576
18.4
5.60533
3.25742
7.3822
6.38143
6.04006
0.916915
19.0118
2.70039
17.1558
8.28537
9.6932
2.51607
9.65065
8.30795
0.978267
3.5448
6.66205
17.0495
8.54732
19.7877
0.310235
18.0694
11.577
5.31592
14.2212
12.9752
5.85826
16.3959
9.03875
1.38073
3.97014
7.30979
14.5138
11.3019
5.8568
6.39351
6.51307
11.7829
8.97102
0.151629
5.51291
2.16526
7.3193
7.20156
7.39061
6.87369
2.77276
3.30455
17.2445
12.5571
9.06965
15.0792
14.488
3.41387
6.40928
6.2167
9.71347
17.211
13.2958
16.8531
3.60123
15.0804
12.3419
10.3347
17.781
0.770581
4.83954
13.5637
10.3529
19.3464
14.9006
9.2479
4.17247
0.139263
11.1061
17.5676
7.39915
11.7591
16.874
1.43862
16.1966
1.84945
1.74636
11.8957
10.3729
1.74829
11.9046
17.0906
19.0574
2.29735
0.534605
2.10225
8.72874
12.7884
18.5222
13.9731
12.1479
9.72255
16.4081
9.55497
12.7601
18.2954
0.258885
14.107
14.3148
11.8262
13.9221
4.2707
19.3293
13.8882
18.1727
7.85774
17.0168
3.42494
8.46988
0.677718
14.0615
12.9086
19.9489
13.0894
14.0198
7.48491
18.5311
3.86212
2.73894
10.6125
5.81363
6.87835
10.0893
12.5018
5.19572
15.5003
13.4244
15.6932
9.10439
11.4472
8.50522
16.8221
10.6819
2.86252
10.8692
1.28379
15.5042
14.0344
2.12755
19.1641
2.56893
3.91981
19.4936
16.9887
16.3548
16.5693
1.45075
18.0372
0.0606271
5.08775
4.16344
15.5397
13.8451
11.1174
13.2325
17.2413
13.096
2.14345
11.1007
13.1077
11.6874
11.1724
10.3607
17.812
18.5445
14.2726
11.3842
6.46268
0.447287
13.933
19.3251
18.3394
7.52848
15.9018
10.4479
4.74701
3.11489
9.65434
5.02815
8.75057
14.7008
14.6276
3.9734
0.677766
5.29191
11.5667
18.9616
13.976
0.336726
17.7021
1.41368
11.0721
19.5631
15.7812
0.756722
19.6168
10.3979
17.6906
19.3567
14.9925
3.6612
1.83812
2.83383
2.01309
13.588
11.7857
18.5846
9.8791
6.81842
6.59552
11.8678
19.9154
10.3229
10.6382
1.45375
7.63858
19.4754
18.9309
3.10886
4.06956
15.3846
17.4605
4.29582
11.0112
17.251
18.4946
12.0269
9.81418
4.50355
18.7854
13.0643
9.56254
11.6661
12.8424
17.8189
10.8118
10.3036
7.75187
4.71364
17.7462
19.2375
11.891
17.6784
2.4948
16.3855
17.829
0.844393
14.4488
7.31874
11.9188
11.5526
11.8984
18.7697
15.2199
17.2368
12.498
13.8306
0.593186
1.26743
11.0671
17.2581
7.64133
13.2673
16.7798
16.6012
10.54
3.00371
5.57346
15.3566
19.2673
17.6029
13.9968
10.5316
14.7459
13.125
4.11022
12.3161
17.1933
6.25052
18.4363
12.0738
4.86389
15.4281
6.7303
3.23628
12.9075
12.0544
3.10978
18.5807
3.77338
3.33285
8.53397
7.47584
13.372
16.0233
0.696071
17.8998
2.75354
16.2453
7.3348
4.15191
8.80668
9.38305
9.13337
6.96537
8.65757
19.7127
16.2378
10.6289
4.62153
10.5907
19.8941
19.1203
7.16884
6.7695
12.3507
15.3181
12.9324
19.4015
14.3137
15.6275
19.8206
7.52693
1.12563
9.74525
15.3345
11.0879
0.0733594
9.0535
5.41103
14.8601
7.39441
5.46492
18.3805
6.53593
4.87531
17.2353
18.5053
14.549
3.91238
7.47861
15.9913
9.67069
13.3137
16.4709
10.0134
1.46516
15.2517
13.3183
13.5892
6.69463
13.5074
1.60432
19.1037
11.8286
9.69067
19.3103
1.53259
13.9589
7.45082
9.21078
1.06903
19.915
1.85648
15.2739
10.5945
18.8916
15.6279
8.65802
18.8288
15.5771
14.3007
14.7784
11.9542
6.52897
2.45975
11.3176
16.2666
17.1833
6.17594
10.1786
16.2561
16.4514
14.4935
6.3023
12.9573
1.67819
17.8295
2.16277
7.52207
2.20084
0.804467
3.60573
9.70588
7.48974
14.7755
16.2571
0.584537
5.38754
15.8853
2.28392
17.9913
6.2793
13.6071
9.11851
14.8871
12.8329
4.18646
4.51839
10.8654
2.94863
3.70452
7.42654
6.35522
3.58569
10.6563
14.9116
18.5985
12.8753
6.2927
9.75519
12.9785
3.65466
6.08956
11.639
0.398904
0.795208
0.644367
19.973
7.50235
13.8091
6.2148
17.6792
9.4453
4.26033
3.1397
4.48991
8.73779
17.4512
14.971
8.89117
9.10922
15.3049
11.0002
7.99526
7.12487
6.52304
15.7681
13.1344
16.0584
19.341
16.9973
8.3418
18.5631
8.70918
7.16001
12.0426
13.8433
0.387333
19.4459
11.1658
11.2051
0.32008
8.53777
6.31792
17.6071
8.25134
10.7906
1.03246
16.3671
5.57797
0.00205344
7.17475
14.9226
9.71716
14.2787
16.8493
5.30201
1.75078
1.31173
9.83085
16.7876
3.6789
8.96415
2.24072
13.16
13.3985
2.95732
13.7901
4.15303
11.2601
17.0136
13.4423
19.6221
2.22542
11.8903
5.03686
8.58451
7.5967
8.16656
11.031
15.8229
18.7004
11.9911
19.9704
1.96141
17.1521
10.2785
10.1684
10.0176
4.38075
7.865
12.6861
12.7357
5.3116
2.07007
1.14362
12.8747
19.3034
14.0035
12.2738
14.6628
5.77752
11.6539
16.2939
4.68859
16.4677
18.1158
5.80853
5.96057
10.1234
13.1921
8.62105
14.7746
19.3112
7.31169
9.05012
5.15249
10.9436
2.72488
10.6113
14.112
11.3204
7.82131
6.39688
18.8944
12.5267
2.77323
7.94594
0.749766
16.5706
15.8171
15.2373
16.6689
8.85067
1.49701
12.8723
19.2799
12.62
3.44282
18.5221
17.2977
5.54397
19.1807
7.85672
0.388617
7.71401
5.52827
17.7443
3.45476
19.1818
7.71736
14.6088
12.8486
12.4817
1.97591
19.3522
4.20095
11.4853
9.7163
9.32728
1.17641
18.8983
19.7919
1.38022
15.1033
8.7636
1.06049
15.8563
5.16254
15.882
9.06789
6.69863
14.3651
15.7907
11.1904
14.209
7.71736
1.80646
16.7723
18.5869
12.8173
16.2159
5.06985
14.1853
10.3688
17.6053
11.2371
5.03901
10.4526
1.16065
7.86065
1.85235
0.77921
14.7057
17.1466
3.92274
14.145
2.50307
3.11686
4.61372
16.2522
12.4637
10.3808
0.841889
15.8782
17.7363
11.3058
17.5727
17.6787
7.942
2.96763
10.5177
18.6013
10.0332
9.36869
17.6381
12.1442
12.5179
2.54696
11.6588
11.8423
15.2636
5.97197
6.65695
18.3622
10.464
1.67806
5.72998
10.605
0.918558
10.716
11.6572
17.1914
7.22285
6.52186
6.45922
4.50469
18.4825
0.634371
3.72672
17.5667
10.4754
7.67635
6.2787
8.35157
16.6491
13.114
6.4806
19.4431
10.373
2.52029
11.5746
10.6091
8.82963
0.226566
3.07103
18.8104
2.26792
4.96083
14.2418
15.4995
18.5885
5.43725
9.29837
15.5595
2.4411
15.6914
9.88561
9.27172
17.9694
19.9023
15.8379
7.75783
1.60983
5.52131
7.41264
6.08466
19.1824
1.70369
6.28096
19.4926
0.538172
18.6889
2.70479
6.50916
1.16959
7.31895
19.1225
16.4426
3.31213
6.98817
13.2428
13.3053
10.1901
6.65442
19.3885
14.782
19.1669
17.3573
19.8802
2.23685
17.5357
13.036
8.20038
7.61312
3.29875
7.76266
1.9254
5.39414
9.45474
8.35845
14.4402
6.60912
2.83877
18.5662
10.1701
1.82314
17.1794
12.1599
13.9944
4.77406
2.82223
4.94763
1.90452
19.8194
11.1568
1.52108
19.2115
9.8806
11.6584
1.39072
5.34859
6.69378
19.0821
7.25107
19.0196
12.0378
11.7946
13.7944
3.55468
16.1575
0.65162
6.85358
14.7513
11.0626
10.7746
12.5718
2.98322
18.3491
13.9527
9.47551
19.4577
19.2422
9.43378
18.2552
1.60587
17.286
4.96152
12.7269
8.51215
1.57328
13.4438
7.19303
6.42574
10.3011
3.3057
12.1254
13.1289
5.17031
18.8093
5.22
18.3755
0.515954
8.93628
7.66685
1.16049
19.406
19.0849
6.68274
14.3218
16.984
1.24134
16.37
12.0148
18.622
19.1964
12.0727
12.4843
1.02988
12.0832
15.5907
19.4426
10.2791
10.0689
5.47818
1.62496
19.8993
12.9765
9.4593
8.51928
10.2471
9.47333
4.50783
16.0821
19.1724
19.5368
18.018
3.61629
13.8671
5.33552
0.0359226
4.33265
13.5144
11.2198
13.2009
10.6836
4.00806
7.20534
8.52897
5.64085
17.5922
9.09811
14.6476
10.6783
11.1632
12.1792
1.15464
16.4608
16.3592
6.59563
19.7081
9.73087
11.2647
12.759
11.4795
10.0679
13.2671
13.7634
6.91748
6.55593
0.430786
15.1607
17.9818
16.4081
11.9552
10.1404
5.68257
4.33403
17.136
1.37834
8.2899
13.939
9.86923
13.0292
14.8842
17.0059
8.3573
1.07839
3.62872
3.14156
8.73033
10.7285
3.40196
2.82002
13.2379
3.94905
6.27801
2.65332
15.4236
0.0990106
4.80256
1.31675
16.0478
3.32466
12.4854
17.77
18.2128
8.46199
15.6037
19.4974
4.01531
6.67823
9.44271
9.58097
13.4707
2.22152
6.24826
0.564419
2.36974
10.7295
13.1135
8.85333
18.1127
1.23208
3.71449
16.4241
1.27508
19.9718
5.66435
0.273529
8.04375
6.33561
10.8232
0.468335
14.768
2.23718
0.714612
13.737
10.8252
19.9959
4.79308
0.704918
16.4814
6.2929
18.0642
16.0392
13.0051
3.40148
8.88067
10.3925
5.5392
4.92105
13.7519
19.5858
8.8012
11.0589
12.3167
6.53685
6.98803
13.0177
19.232
2.77533
7.28969
10.2369
17.2261
13.1043
14.4224
1.23187
8.82681
10.6374
5.90249
16.1611
13.3646
11.8682
1.25132
18.3339
3.13232
9.30104
13.4933
12.5189
6.83111
12.1963
12.942
14.5898
4.01166
11.2677
13.1226
0.0417876
2.21705
17.3246
0.246974
3.49335
3.12105
13.2443
6.8681
3.05714
4.94475
3.59975
2.94471
18.0197
10.8213
0.917238
12.3823
7.02479
17.6445
7.68104
15.3975
10.778
19.7756
8.15829
16.7545
8.49329
8.60241
4.942
1.4887
1.57954
7.07051
14.6475
6.76384
15.9708
19.5799
16.8781
13.4592
12.8847
10.104
18.049
8.60863
0.592159
13.8974
7.97606
12.2255
4.59552
16.8814
18.9769
17.3466
18.8083
18.2596
12.842
1.18557
0.297873
10.5207
18.0654
11.394
19.3186
11.6895
8.69516
2.52129
1.48383
3.88335
9.20114
3.04273
18.2706
12.3714
15.2693
4.3544
1.51375
7.17557
15.9215
1.76154
16.3852
8.215
11.9036
0.858476
18.8751
17.597
1.78894
0.8113
7.89364
6.82213
19.403
11.6308
9.02246
16.0539
6.54503
13.874
9.85904
5.14219
0.73588
2.56475
9.4772
3.44533
0.722325
14.4432
19.948
18.7884
12.6654
18.471
0.994441
6.12648
8.76531
2.06984
16.2073
19.7408
19.934
9.36193
10.8419
18.2644
0.622478
0.542041
18.0852
11.055
14.6284
1.39402
13.2553
4.91069
8.1866
13.6015
1.99451
17.9606
1.97697
5.32733
8.67478
5.99512
14.7399
1.09635
16.6165
11.2572
7.59764
12.9658
8.39396
3.00311
18.3315
4.95913
18.3292
2.19512
13.4131
0.376514
9.478
16.6001
14.3936
6.84813
0.451441
19.3378
4.06451
6.1413
6.38759
16.6611
1.91865
18.2421
10.135
14.8122
7.3463
9.41192
6.56909
14.5872
18.3546
15.6544
1.9377
14.9732
6.47544
18.0195
7.92673
16.4078
9.64563
9.76172
18.5219
12.5267
17.2688
12.599
19.0911
16.9517
12.7489
1.79424
1.68398
3.98711
5.7577
2.97462
11.9539
14.3922
15.8616
7.93387
10.732
18.4583
2.10624
3.17902
9.80399
18.5881
0.0499716
17.4861
12.939
10.5707
14.3619
1.77436
9.17671
11.8006
13.3602
16.4505
1.54488
18.6871
5.48515
4.62374
4.88206
16.7299
4.77
15.7457
15.0409
0.476563
7.81283
5.11725
16.1826
8.12525
18.6265
10.2829
2.02407
13.6673
14.8359
19.9931
7.5411
0.87973
5.42692
9.3708
10.211
7.28189
16.9425
0.641598
2.46163
16.9312
13.4468
16.5318
3.58898
7.63158
2.4662
0.979026
16.203
5.31847
7.9476
8.41867
4.54353
19.1414
3.322
19.8838
2.58953
8.55825
16.6303
2.73335
5.8633
12.908
13.825
16.8356
7.83241
18.8755
7.98248
11.2382
4.91623
3.91278
19.4338
1.57604
19.1173
0.32622
12.3311
4.90697
11.7753
17.7652
11.3597
4.05125
16.9048
0.619137
19.4726
12.7406
12.5583
14.3501
13.1839
14.5163
7.18941
18.667
11.0962
1.11048
12.7351
11.7081
16.2444
12.0578
18.974
13.7056
0.304832
17.5352
17.5303
11.7563
10.8725
13.8847
3.10216
16.4486
11.9191
8.63166
12.6366
19.3925
1.75344
17.8927
8.96036
10.2837
7.75607
9.46075
8.85421
14.3764
3.51259
13.5888
2.67861
0.240615
19.2707
9.00097
8.94583
8.72676
8.18395
3.56019
11.1497
13.5739
19.8977
19.7908
4.78338
1.78522
13.3547
15.2595
3.48712
12.7643
5.66604
4.33571
3.02156
5.91748
15.3104
8.32474
9.62827
17.2391
5.39657
7.0256
18.5631
11.6658
9.64672
4.44023
0.195713
12.2683
15.4145
14.0152
12.9277
18.4465
7.82684
1.59429
1.35929
6.47878
5.77315
1.04759
15.379
12.67
13.5314
5.83262
14.4437
19.8671
11.9612
2.31244
6.22498
7.49442
1.98522
11.1996
18.3804
17.0218
4.75015
19.8142
0.414467
5.33417
7.76771
3.54648
14.7916
4.63233
2.12554
17.1642
19.1773
0.617312
0.27597
9.15838
14.9203
8.4162
14.0235
0.924509
16.0512
0.368312
14.1944
8.17482
10.8638
10.3184
17.4072
3.98911
18.7558
2.03412
8.41707
18.3907
2.90909
7.59364
13.0391
14.0428
18.5986
8.61211
5.0561
18.0949
9.76247
11.3209
16.338
8.69322
18.2991
17.2733
0.64887
2.33438
13.5465
7.5056
4.81897
17.0033
10.9075
11.4552
11.1236
19.4811
14.3426
5.90513
15.7672
2.46307
1.5521
14.0749
3.21071
8.95247
4.62622
12.4845
17.0302
9.52212
5.91691
4.84408
6.17619
19.9363
12.9938
15.6518
1.66939
1.75439
5.19383
3.42469
6.92822
13.7046
11.7475
13.0529
15.0076
17.1288
9.92481
10.4095
0.813223
7.06139
5.53514
3.69484
9.43842
1.65143
4.54446
8.97034
17.1936
10.9283
17.3996
8.75301
12.1357
17.98
7.02052
15.5101
8.77764
18.9788
17.8312
0.100506
6.63541
10.8439
11.4095
0.203471
2.44157
14.6438
5.23231
6.53987
10.7886
10.202
18.843
17.5302
18.2848
9.19026
17.0029
18.7996
16.3976
11.5905
3.97405
7.66589
13.6451
14.3867
1.47636
17.1289
16.8976
6.66642
1.84775
0.0542959
7.30579
6.0563
17.145
0.844954
11.0522
2.10588
19.5572
17.7159
11.6507
12.4364
16.7707
6.89659
2.91651
16.3617
3.86251
18.4768
13.5773
7.51117
7.45835
16.8328
16.1678
13.9377
19.0965
17.5952
9.56813
19.7524
17.747
15.1096
16.8119
7.42404
17.9918
3.87293
5.89537
11.3726
11.1692
3.74393
8.77679
2.45414
3.91847
17.9224
10.4412
18.274
0.404873
0.450402
14.128
5.4627
12.9264
15.2987
4.0307
13.5952
7.24587
0.233856
4.4819
19.826
11.4942
19.4011
16.2476
4.77374
13.5035
10.7078
14.6913
0.102123
3.00319
8.22906
6.57725
17.3384
2.13522
18.291
10.5948
9.62924
6.75575
9.36755
7.60253
13.6928
7.4321
13.4873
13.8771
9.52022
13.5754
18.2667
15.223
7.79013
17.9309
8.45792
3.86546
14.2169
7.64645
7.90351
5.45744
1.07346
9.96437
18.0823
11.9854
3.03138
0.759357
12.0652
3.17151
3.69489
1.04703
18.5441
16.8018
13.9876
3.53356
19.7754
19.5016
9.28472
10.5917
19.7992
10.4904
1.71686
7.48153
13.2985
12.8932
10.922
13.0507
0.695285
19.1094
7.70399
15.4563
4.75066
5.55496
19.0892
8.99875
14.9345
13.81
4.97847
6.43029
9.04322
14.2996
15.3074
2.68235
0.506644
13.7039
14.9102
0.473601
19.8472
4.87908
8.17344
19.0919
19.5618
14.4994
19.7643
15.1235
14.8105
10.7882
8.28409
10.0698
10.4424
4.74015
13.6007
16.4341
7.4156
8.76592
8.11337
18.2465
18.07
9.08684
5.46577
7.49216
1.88194
16.1804
16.1805
3.13441
10.2977
8.46376
12.6784
5.61029
6.88275
5.86933
9.71853
15.5928
1.99868
15.7746
10.8718
16.7792
19.2617
18.6535
11.1688
17.0083
19.4951
2.36272
1.66807
16.0228
12.4968
19.976
9.76174
10.6951
2.24339
18.0942
4.45215
13.2922
16.1787
12.9397
8.47032
12.1394
9.15683
17.5182
5.82644
15.5093
0.522199
18.9341
12.5848
2.83248
11.7408
12.1476
8.60104
8.46443
11.0989
4.30678
8.2802
2.08377
8.40007
14.5067
2.87864
2.3002
9.46959
10.7265
11.6136
11.6596
4.05066
15.1198
12.118
10.006
14.1641
9.60749
10.8944
13.9359
10.8859
4.07047
10.5045
14.3963
11.0944
17.4226
11.8257
4.00252
9.09078
6.36398
16.9962
12.6071
12.7842
12.505
14.2255
13.8405
3.28922
11.8763
18.8772
19.248
14.6199
3.47735
14.7623
13.2345
10.6083
6.96115
4.97534
0.636727
15.8994
3.87721
11.9735
10.2613
8.48055
18.1571
4.1773
15.3116
16.1183
6.8371
7.11105
13.6989
11.1875
16.0173
13.4323
16.02
7.56145
13.1645
1.6314
10.1949
8.64257
14.201
16.1938
13.7709
2.60255
9.47849
9.42428
2.31181
12.6766
3.50229
1.36184
15.5452
9.53116
6.87696
10.6439
19.1094
12.9299
4.68485
18.2847
12.3213
10.6274
14.5764
1.04177
10.1217
6.2475
16.9341
8.58413
17.2949
7.44367
15.5732
8.69854
16.6315
17.1693
9.45405
17.1625
16.7693
12.7645
16.7862
3.01903
18.6808
16.8538
9.13169
0.0026496
0.0920606
12.3611
1.22435
2.74042
3.77467
14.1631
11.9055
10.4888
3.41175
17.2809
8.58415
17.1925
19.7071
19.58
16.0276
9.48603
3.93407
5.20092
17.5272
13.496
2.74008
14.7407
11.1329
16.3107
1.05153
3.99569
18.8926
8.94333
8.29991
15.6207
1.38246
3.60175
2.65279
13.1855
13.5012
7.22288
2.01928
18.1778
5.19556
2.77604
16.4432
13.8819
15.7768
9.90309
9.32016
18.6981
15.6617
19.8239
18.1188
8.94846
1.56052
7.27814
4.67396
6.02144
9.86209
8.08778
8.60029
3.26824
8.77285
1.52382
5.69077
11.5594
1.15529
11.4056
12.4083
2.00293
12.1291
2.58571
9.1404
16.3515
0.0747162
13.327
11.4296
17.5679
13.9048
14.2507
7.74382
4.20864
5.11779
12.7935
13.8594
9.55602
5.96652
19.89
17.5944
15.2591
19.6112
10.8964
6.71958
3.45162
18.7277
3.87724
14.1169
2.24132
17.8215
19.5802
9.72321
16.1396
10.8088
5.56134
19.2722
18.8992
19.2327
19.3903
7.12116
6.68042
5.34048
11.398
2.83494
10.8678
1.22459
19.4568
1.74933
6.03843
14.9062
16.547
1.46572
8.70743
6.36631
14.1456
18.2274
0.57546
2.50919
2.12019
19.8197
11.3362
1.53657
8.31492
2.46757
5.26686
8.03973
15.3447
6.82658
17.8571
13.7568
2.64412
0.293009
1.11722
11.6834
4.03756
8.49054
7.13887
1.69755
0.674495
9.98543
7.06662
8.14305
1.43347
18.227
11.75
13.613
7.25615
2.99576
2.26826
12.0077
19.4021
3.06513
13.7074
0.324342
0.174927
8.35377
13.4536
16.8436
19.1144
5.72258
16.2285
4.52742
9.87618
6.10838
14.8913
9.5649
6.90677
14.7446
4.98414
8.67276
6.76353
5.91167
17.944
2.35754
5.6981
1.99662
17.0683
8.27914
19.5481
19.635
15.7731
10.2799
1.99904
3.34742
6.91753
4.94805
15.0711
19.8457
11.8222
19.3236
0.264835
7.36553
4.10072
18.6364
1.67053
14.9674
8.92993
6.1814
6.99968
11.7278
8.24305
10.2554
1.23979
3.26563
3.38967
17.1435
10.7783
15.144
0.994719
15.6263
6.07171
17.2612
7.89752
19.1926
6.0603
17.3609
19.8229
7.07625
0.494736
5.8057
17.6448
4.23994
2.36997
4.05799
1.14978
1.47262
0.049254
17.4227
10.3189
13.9072
2.76782
12.8577
2.65983
13.7846
4.83522
11.2345
8.13483
4.52841
14.8277
11.5318
12.5639
19.3936
1.48258
12.8816
4.16087
8.74323
19.7779
3.64998
16.9053
16.9462
16.8618
13.2914
12.7158
2.39606
10.4849
0.903473
11.7973
1.53651
12.1351
17.4328
17.1557
12.3545
16.9281
2.29588
4.71142
17.7046
5.76086
11.1932
13.7462
18.8923
11.7096
12.5216
3.81451
8.829
9.39904
17.2803
8.80904
1.8189
12.6307
6.51658
11.7823
15.7525
0.235161
9.76981
15.1995
15.5034
17.7124
11.6256
0.255484
12.5687
4.00948
5.80796
17.7542
5.71247
4.41197
15.0828
1.61521
18.4935
1.95737
10.0049
7.58596
13.0603
7.50981
0.526593
1.08132
8.70496
18.4939
7.3974
9.72527
6.8273
5.79936
11.4272
4.62235
8.51128
10.7766
4.56531
4.6085
3.85256
11.2792
14.9584
15.8615
16.4887
7.48202
15.7088
18.7704
18.5452
13.7989
4.7831
10.7429
6.23684
8.26233
8.83017
14.6931
13.0368
1.69025
7.14893
17.7284
12.3619
11.3529
6.88325
10.5665
19.7936
16.2137
10.9335
13.3259
16.5676
5.09183
2.7757
8.05268
4.8752
12.4595
12.2374
19.3885
12.9671
6.38134
8.97632
4.15281
0.897195
3.95302
17.1661
0.867548
10.6242
5.97608
19.8263
11.2951
11.848
2.91903
14.4337
8.7923
6.25865
19.7222
14.4172
8.59199
2.01855
13.0699
4.38354
15.7863
14.8796
8.00236
4.96557
5.53919
2.78045
2.80958
9.77517
16.9224
9.93884
6.75802
13.5018
12.3473
4.65626
4.03682
16.7421
11.0632
14.3718
9.77361
10.6916
19.5412
7.74104
3.10313
15.3058
18.5089
18.0564
16.9314
9.04336
9.53415
17.9355
13.2927
3.09765
3.69505
10.6423
15.4116
5.23514
12.3251
0.220316
18.305
15.2504
13.934
5.89651
12.4309
8.35
3.72123
15.3739
5.30201
13.3843
4.41261
7.63851
11.5788
15.8171
17.4584
9.89443
12.2597
3.62863
18.8158
11.2207
18.8134
2.54286
11.0161
12.8781
12.5946
12.2574
3.91484
13.5123
1.22444
13.8713
19.9485
0.858255
0.883891
19.216
12.0603
10.351
12.7429
12.5007
6.12687
11.6261
15.1761
0.450797
18.5525
4.32185
2.68398
12.7227
10.8803
4.6084
19.1407
3.33928
15.0437
10.932
19.1234
5.15732
3.72896
19.3821
13.604
3.16355
8.95863
0.773422
12.4722
12.9439
14.1881
4.96061
8.51988
0.442351
2.91444
15.5182
0.161356
18.3245
10.6972
6.17176
9.82083
19.7095
11.1369
13.4155
8.31523
4.02484
10.5987
3.6294
8.84845
16.312
17.1969
2.68909
8.84551
10.8212
18.5563
14.2163
1.1456
0.719506
0.0715905
9.48502
7.1353
16.2949
17.421
10.0186
4.84667
11.8436
8.77162
9.65103
17.2782
18.0562
15.3817
14.9981
17.7426
3.431
0.830256
11.6693
18.5212
4.94944
18.994
16.3083
9.4837
3.35432
19.0372
7.87388
14.04
8.1446
6.00642
4.19673
13.4852
11.0691
15.1769
12.9002
19.9805
0.133039
9.42346
17.225
6.773
10.7216
11.46
4.04379
17.6037
8.57002
12.4894
7.51487
8.05837
10.9967
5.23649
19.9336
10.1505
8.83219
10.5812
9.25713
7.23996
5.08174
15.5801
11.1083
15.0929
3.97491
5.02382
16.7168
16.247
11.3996
16.2113
14.6992
13.386
12.5603
15.0388
5.84794
1.51105
16.262
11.362
16.593
7.90697
14.9878
5.37726
18.4844
13.1793
2.82563
0.659109
19.8414
12.3425
6.70073
5.05449
18.9592
16.5779
18.5546
11.7114
11.6678
18.8074
12.875
14.6742
8.96945
18.6895
16.8339
17.3438
18.9348
1.89099
10.5123
7.66266
0.65693
10.0655
12.7658
6.17975
8.67664
16.1637
15.3985
3.36143
10.0938
6.25735
18.2765
10.377
8.33885
1.70944
18.3974
13.0076
4.93496
3.94191
14.2995
8.01611
1.76571
2.80895
4.37104
19.9273
16.371
11.3491
3.08491
17.3982
16.8099
0.337722
7.17495
11.3427
1.57244
12.2051
8.0347
1.12194
7.78262
14.4333
8.68678
18.3403
13.0798
16.4844
4.0416
6.97325
15.8457
3.50548
0.0137073
10.4109
16.4611
13.9255
19.3956
3.39647
13.7454
11.8003
1.30773
17.3392
16.9772
10.2252
9.82929
17.3656
0.230714
2.16664
6.44182
6.4524
0.126753
17.1728
11.9787
18.9573
9.46023
11.4096
12.977
7.47895
16.2807
2.99747
1.92117
19.0864
0.578179
16.2524
17.3177
0.345236
7.96998
10.6994
12.249
8.89878
16.0161
14.8985
11.3708
17.5217
17.3767
1.0757
17.055
14.9664
4.42641
17.4437
17.3118
1.6895
15.78
10.2457
11.8711
13.1975
13.2581
15.4923
3.82539
0.614994
4.6691
18.332
5.87409
7.99802
8.19209
16.2277
16.6112
4.75112
5.17849
11.0665
1.58016
14.5727
12.7288
10.9798
10.1641
8.73417
18.4485
0.409087
1.8326
16.2389
19.3924
18.8571
13.2148
4.3164
2.59453
10.8236
7.55242
3.20376
3.78985
1.83402
14.134
8.81006
1.23814
16.7354
5.34859
14.6641
16.4645
9.72239
16.3821
16.5333
2.39512
2.13269
19.7619
11.5863
7.5641
12.6446
14.3194
1.36513
12.5893
14.1141
7.04281
19.2782
12.0506
5.95227
17.9353
8.0564
18.2598
15.9516
16.6521
17.0143
12.9831
8.82598
18.3184
17.8887
17.421
19.7585
5.97325
13.7234
8.268
5.06791
12.4793
5.35489
10.4738
8.02196
9.92013
10.1528
0.462415
3.66062
3.52568
18.9359
6.45651
11.5827
18.8957
17.2533
10.5404
9.88106
10.6952
15.7876
18.6149
13.5954
13.3521
9.83903
15.7448
7.04121
14.8171
4.92661
1.41813
16.7111
18.2198
1.47827
3.96949
13.8683
2.61662
2.36857
15.9535
13.2875
15.4101
18.2922
15.7704
18.9796
16.8972
19.3807
11.489
3.0056
12.0858
7.0036
12.3909
17.2789
19.1647
1.43483
6.7344
6.69082
1.85755
6.23302
19.8429
9.96033
6.19412
6.37305
1.69681
5.62516
12.0818
6.5377
17.5927
10.9892
14.2701
1.02018
1.49236
18.4048
12.671
10.6917
4.99627
2.09849
18.4243
8.11748
12.3468
14.8264
17.2287
7.50726
18.9871
2.15707
11.4515
0.915619
17.5083
19.4545
7.86279
16.2712
7.98007
0.362519
10.1547
19.4597
10.3388
1.63245
2.56039
4.45198
17.523
7.49307
9.50687
12.9347
9.94723
12.0021
1.72434
4.61373
10.0253
3.75646
8.46898
16.5903
11.9312
7.16357
3.01941
0.0771013
19.1928
7.70045
9.46145
6.52813
8.01085
6.0089
1.00495
17.0918
8.23111
11.8667
11.95
8.76921
12.0351
18.2105
11.0086
17.4644
9.04111
15.1876
15.9643
1.76422
8.88745
5.7922
12.3735
9.12024
18.7644
18.1321
13.2158
18.3899
12.9121
5.98394
17.9394
9.13233
15.3934
17.5987
8.58273
13.7583
7.46605
18.5303
12.0726
8.85465
10.3391
4.85858
3.04779
15.7352
6.0912
16.5445
13.8257
16.2135
12.265
1.09909
16.7252
6.21247
15.2517
6.02782
3.99686
9.54095
9.35258
0.615077
14.2637
18.5958
19.1178
11.6123
17.4606
5.05819
19.5966
5.31379
13.7959
12.5765
4.47194
2.87744
0.779464
8.95661
19.0073
7.49325
15.8336
1.36971
16.3069
7.56149
5.55771
18.7214
0.589389
3.7354
0.860094
3.65801
1.74337
19.4758
6.8387
10.047
12.8328
10.8488
2.19751
4.95065
17.2434
10.7109
7.32652
2.03581
17.9045
2.90396
19.5546
9.92725
16.6189
16.6576
10.438
0.0593611
6.28501
6.62803
9.75596
10.0729
2.6708
13.2657
2.59348
16.5535
18.8825
8.38192
1.38306
0.705573
0.45184
8.15674
8.35538
4.12784
14.1944
8.27717
3.59685
6.92757
7.40619
13.6944
13.1764
12.2527
3.69665
4.44057
0.371298
17.3737
14.5596
2.97882
13.3349
8.13585
17.3067
10.7201
11.0594
11.606
19.0277
4.47421
10.3835
5.19369
6.52788
14.6534
16.027
1.96874
1.92429
13.0939
10.3565
7.25921
4.70221
12.2709
17.2557
15.9148
13.6344
11.0964
15.6892
3.24907
17.9598
19.7198
0.0472836
7.22598
10.2681
7.99598
2.98064
3.6628
14.5403
5.46381
10.6724
11.868
4.1758
14.3639
11.4263
4.78036
3.34135
2.17438
8.91256
17.3325
12.5992
16.3955
11.8893
7.19895
2.5687
1.53963
8.46294
19.2804
15.6451
2.25579
17.3882
13.0633
8.72338
6.96242
15.8398
19.9372
0.236245
17.3792
18.9808
16.1507
7.65706
1.29303
1.70086
5.4944
7.60279
1.95916
13.8169
5.6902
7.1557
11.6937
8.1553
1.51295
12.2602
1.72236
0.756874
11.8105
3.59332
4.62512
12.836
10.2566
5.7165
6.37193
6.76301
5.47619
6.36868
5.67065
13.4264
19.5726
19.1348
9.51038
17.2136
14.204
11.7574
5.52709
3.38587
2.36129
7.179
14.9306
18.669
2.97739
4.84195
7.26483
18.1767
17.8757
5.79623
12.4938
8.07364
2.51557
18.674
13.3012
2.74725
6.22639
18.3906
12.6923
14.3607
1.42652
3.3454
8.40263
15.2951
18.5564
8.60147
5.01991
5.97335
10.0189
10.4191
14.4791
6.71189
10.3271
15.3445
5.46285
1.71128
4.42123
5.16096
4.99938
4.38452
2.12523
0.726294
15.0911
13.0985
9.84523
7.4707
2.59327
17.9451
4.99807
15.3945
14.5999
7.5525
16.979
3.7239
8.03692
19.6741
5.17413
0.765845
17.1532
9.92325
0.022155
19.2278
16.0594
2.15078
7.36587
12.5975
14.1401
4.52921
7.78483
2.18311
8.45157
7.19051
15.1741
11.1937
8.17443
18.2681
19.472
16.9192
18.3535
6.35096
0.509686
10.6601
15.8829
17.7285
15.6453
3.32605
17.934
1.74267
9.05551
8.68897
13.5967
3.00428
2.22776
7.77089
15.6782
5.90986
7.68114
17.0754
19.0908
19.4597
5.32629
17.8852
5.9877
8.67725
14.5783
17.7387
8.53535
19.4455
18.7349
14.3942
12.5671
0.340498
14.9828
2.66276
14.7885
2.36599
18.1303
16.9968
19.7736
19.2494
1.61946
11.3214
8.64688
13.0689
4.66695
9.59838
9.46281
5.46933
4.70147
2.36159
2.46419
1.44345
15.1998
1.18975
10.5462
5.02542
4.2952
3.56929
6.44179
1.30058
0.463521
11.4809
19.1211
2.10217
5.30834
10.5485
16.707
0.876483
3.43605
7.14826
19.4729
6.03738
17.1024
14.3285
13.0488
1.98128
18.0772
13.134
12.5393
18.0911
12.8787
16.4704
6.1694
0.187278
12.9179
19.1148
14.5462
13.1865
0.938299
13.8126
12.294
14.8352
5.31516
1.41525
13.667
2.80322
4.26853
7.42529
13.6222
16.1579
1.72354
3.03178
16.6437
18.4677
7.1174
13.6005
2.98826
5.61556
14.1779
1.5876
2.59523
6.53622
2.45842
18.0174
2.42654
16.3897
14.8559
8.22792
15.6761
11.7057
9.57338
7.88719
1.7609
6.74471
3.96989
11.837
12.0203
4.05211
15.7609
0.896638
19.6614
0.384006
17.6386
13.1334
6.1916
9.87798
17.6581
13.9252
15.0927
5.30873
14.1607
7.7474
12.7392
18.6993
11.0075
7.43233
18.8379
1.66284
18.9434
14.97
1.36698
14.528
11.2532
8.28134
0.887296
3.05633
15.7758
14.9434
5.46746
4.20646
4.08874
11.6519
17.8491
19.9603
12.8213
12.5761
16.1371
2.70308
0.0526262
0.429017
9.44772
17.3286
1.06491
17.5514
3.55678
11.8212
12.3662
7.06783
13.6041
17.8109
8.82264
12.9369
2.62319
8.82712
9.74447
16.1209
19.2965
15.1819
0.365712
12.6313
12.8501
16.9924
18.8397
7.91947
9.67028
18.6071
6.92566
19.1133
2.27489
17.9672
4.68185
2.06556
15.5076
10.1939
5.01484
10.3679
9.95039
19.041
10.6938
1.86339
12.2375
1.54261
4.68051
7.81124
17.978
11.6162
12.9207
12.2158
8.6928
10.9616
10.1635
3.45439
13.2283
11.0656
19.7857
8.89561
16.337
14.4928
3.32886
14.6541
6.0049
14.6114
2.147
16.3257
7.64778
6.87558
8.42508
6.94315
1.50886
7.85712
9.88392
16.8875
17.4754
2.71191
18.8164
0.867733
9.97341
13.2296
19.4055
0.260365
15.7125
5.86071
0.0664207
2.8596
0.364132
5.17161
3.00365
11.1023
2.67919
17.3657
5.72012
12.841
12.4313
0.102034
9.07799
10.0339
2.07784
11.1322
8.04867
0.0415837
2.70328
9.5259
6.57831
15.4725
11.4557
6.04296
18.5651
14.7961
13.9998
17.7688
8.28004
8.56368
13.0095
0.725557
8.98852
19.4485
14.374
17.5402
9.18108
10.2961
16.6779
17.4678
4.21374
15.1814
0.919289
9.75972
17.3678
17.1673
5.22591
15.4222
16.3535
19.555
11.2206
3.01814
11.3452
2.36821
17.1343
11.8415
11.3187
2.34069
0.437926
5.26574
14.8831
7.74151
1.54032
17.8835
4.82498
11.6875
13.8542
13.0668
2.80728
3.84688
16.6877
5.29621
6.46141
18.9343
3.71827
13.5782
0.175204
16.438
8.53525
3.86134
18.5063
13.0476
10.967
0.528581
8.75776
1.04804
6.72021
1.49126
18.3387
16.5054
9.61811
14.9466
12.0647
18.2562
0.810533
3.48024
12.3147
11.7376
1.29143
4.5518
19.6173
10.749
3.09137
19.6973
13.2213
11.2233
15.8526
7.99248
11.398
2.65072
19.8733
15.3935
19.9871
15.8355
4.66761
11.3959
1.90647
9.42669
16.6837
3.30111
4.06553
8.23692
0.647713
1.9822
9.58699
5.671
2.26242
7.60197
11.1318
18.5582
10.3041
1.3153
6.71723
3.12327
15.1092
0.683679
17.4161
18.1881
1.72837
3.23736
0.327398
18.0447
11.2235
10.3316
8.42976
9.86585
10.9363
15.2265
9.76043
15.4039
4.5612
0.136684
2.99987
1.95663
6.34158
14.2581
11.3371
17.7118
15.6779
17.797
13.7426
1.40547
15.1072
13.114
5.04464
17.1113
13.9408
19.3729
7.77632
12.6801
15.7294
16.9359
12.4278
16.0389
10.0243
17.4506
13.3408
18.3119
19.6585
17.3329
15.8783
3.39026
10.5306
13.4079
16.368
19.9143
15.7598
8.59313
14.2969
2.16613
17.1705
18.0247
17.4827
3.40484
13.5058
19.0246
3.39611
14.0187
4.73873
12.8518
10.9221
18.2968
9.45263
18.4267
0.0307441
19.1808
4.92846
15.691
12.0696
17.6547
3.99048
1.50773
3.02689
7.97182
17.6196
18.2785
19.9628
6.50986
0.683893
1.4143
10.2503
17.4852
11.5976
11.7405
10.9364
5.38594
11.8095
4.46392
18.3165
18.6722
13.809
7.58723
12.2697
4.94901
0.325697
12.5448
14.8539
4.73316
18.8783
4.39829
14.465
13.7128
1.28526
3.84929
6.97736
8.19929
14.4084
9.88503
3.22344
18.8953
19.8654
6.55024
13.9382
7.01879
16.7233
1.57479
8.96665
13.159
2.86569
9.00569
4.3458
15.8895
7.13057
16.2774
16.9766
4.43134
13.4723
5.19081
11.4689
17.3139
4.65248
9.45866
18.47
1.44643
3.87303
8.89076
18.3899
7.1686
17.46
10.8424
18.1463
16.1799
12.6552
13.7895
9.0288
5.45119
2.29739
3.28236
8.91282
0.497934
14.7932
12.7018
0.770741
10.6226
6.03229
12.9103
7.03889
12.5601
7.08594
11.2219
0.565574
14.3463
0.999086
19.1694
2.08635
15.3656
1.50626
7.47521
13.0502
19.9452
13.1123
18.7153
10.5004
9.95506
10.8419
12.3452
17.1835
15.3498
3.67053
8.17798
11.6522
4.67381
7.21128
13.7265
14.8859
4.00254
18.3818
17.4814
16.8792
19.7077
12.3275
6.0024
19.1071
7.26092
10.1471
9.2052
17.8918
4.52245
5.07969
4.63421
11.6169
10.6263
19.1943
17.869
11.7703
7.41221
14.651
4.55791
2.61719
0.189491
14.8053
5.65004
8.26609
16.2978
14.4626
2.0719
17.479
12.7429
4.29463
1.65248
1.65216
14.8999
1.38607
13.3178
13.1212
1.99999
17.8294
8.75659
3.2797
6.80022
14.821
17.8432
10.7301
15.9736
9.57034
13.8825
3.99315
9.88169
15.0283
13.9324
7.44252
6.4772
6.16894
2.63427
18.3355
4.77519
17.1139
10.0836
18.5721
16.5286
18.7481
10.3572
8.44816
2.03289
18.5373
5.64764
10.0165
18.5829
5.26134
0.76315
0.914694
6.98637
13.189
8.38422
4.37922
1.26301
4.85624
12.3721
5.40364
13.4626
0.32573
18.2765
11.8183
6.3127
11.8267
11.3625
13.6108
4.01649
7.22988
10.7377
3.03299
19.2022
7.52494
12.0892
10.0892
7.04582
18.9821
9.17549
9.87426
15.2548
2.15728
7.1136
3.00386
0.586043
17.013
18.4815
2.60058
5.37173
11.3109
13.709
8.80291
17.7508
12.91
5.67761
0.433633
17.8934
19.5069
18.8764
2.40403
2.79709
9.35131
8.21598
16.0035
13.5811
10.3773
14.8558
0.422091
17.1021
19.7286
4.76424
5.56704
8.14827
15.1943
4.83915
19.9195
7.83961
15.155
12.6791
14.4566
13.4359
1.66804
19.716
12.851
14.4864
17.6048
19.7662
17.3488
10.2645
1.53431
15.8639
0.71934
5.40816
3.68379
1.00478
14.0258
4.70837
11.0176
19.07
0.00850791
3.92769
0.85856
15.1405
1.40256
15.0508
18.315
0.711234
9.6335
2.49936
14.6008
18.5157
17.6659
8.46375
1.38699
10.1602
14.6352
8.96781
6.1494
7.33056
12.6782
12.0327
0.145186
9.97308
1.55958
3.9768
10.412
18.6219
6.58104
18.5425
2.29924
12.486
6.01423
1.08512
9.05052
9.9988
10.3021
9.59041
0.641544
1.07166
1.40755
0.690094
7.59086
11.0127
15.5926
19.4629
13.4236
0.825902
2.85171
0.721481
10.7944
7.217
14.0541
9.59913
11.3086
5.89237
10.3308
1.07596
10.3966
10.6629
13.8272
4.23445
11.0438
0.523896
18.5429
7.70592
7.74346
6.6884
6.89769
13.2168
4.82199
16.3128
4.23934
9.5146
1.00685
19.8028
6.37891
19.3574
17.0067
7.23745
12.5909
9.49579
13.5758
5.38973
1.59757
13.8013
3.80119
2.3766
18.4629
4.5535
19.8649
18.9964
15.9742
6.96411
15.8081
7.82794
7.348
8.84337
12.2015
5.94681
15.6584
17.972
4.70281
11.4914
19.5068
13.342
6.05016
8.28377
13.1651
16.1981
2.32859
17.9592
8.16851
1.37221
14.2948
10.6988
1.38974
14.0491
15.6848
14.9243
11.5679
13.33
15.1016
4.86666
10.8774
12.4589
16.1526
17.636
6.12635
18.3576
18.1148
5.30096
8.43039
0.892501
17.5729
18.38
13.4128
2.32742
17.562
3.60627
17.5804
0.110303
2.22085
17.311
13.5092
14.5623
0.316749
5.14304
16.1841
3.92498
0.307545
0.984443
7.47597
8.25619
13.6649
11.0736
3.31613
12.2857
5.34394
5.63896
4.9498
11.7014
9.82176
6.50442
12.6873
17.5153
9.46414
5.09421
2.56171
15.846
19.5118
4.86195
18.5509
0.183575
8.30379
8.46596
2.16216
6.91499
13.9104
5.5922
13.9494
13.0195
0.117646
19.9168
6.89299
17.3311
19.971
13.1463
10.6385
0.126663
10.796
6.79192
14.16
18.5308
18.0398
7.30085
3.22189
11.776
18.2165
5.88176
9.27972
6.31819
13.2788
13.4352
19.7692
16.7727
9.35233
7.94226
4.82907
18.4751
11.7439
17.6641
0.388696
6.18249
13.348
4.14263
3.71655
2.72691
3.20428
14.6039
16.459
11.3358
0.396909
18.8272
11.5792
14.2445
2.6455
8.83675
3.15076
17.5636
4.07609
14.863
0.368492
7.28349
8.42723
1.15933
19.9527
0.249781
11.2331
16.1705
2.81745
15.6724
15.5331
14.8275
19.3563
16.2184
6.89392
3.32351
14.6992
11.1669
13.8716
3.36293
17.1786
14.3261
0.015851
0.354772
13.651
0.991531
1.97517
10.8486
6.47345
2.03815
6.84113
1.30539
4.88091
17.0841
15.7843
0.13775
12.4295
2.04223
2.85707
7.41852
9.75952
15.4574
17.5971
14.8929
11.7025
13.5776
18.8916
19.3847
10.1822
16.0561
4.29385
5.37755
1.16926
12.3578
19.5081
6.06923
18.3287
9.97286
8.1706
10.2439
19.5154
15.583
6.87284
10.4358
19.2756
0.705169
4.09083
12.8472
4.32515
13.5909
1.90122
13.937
3.12939
5.37594
1.71782
14.8089
19.8449
18.1073
16.3659
12.3032
6.18674
19.6004
18.8635
15.5197
0.742048
18.673
7.75153
19.038
9.37558
6.01024
5.74933
9.08296
18.7526
18.3306
12.7301
2.43672
2.76223
14.402
2.8893
15.7562
18.1531
6.80341
16.7195
14.1353
11.7351
2.08701
0.975827
15.8875
16.6843
12.2483
11.2313
16.9245
19.1379
5.1836
15.2985
11.6888
12.3705
5.03644
4.49512
15.928
11.253
17.7828
0.307058
19.8092
5.51684
3.04032
12.0479
14.0166
1.88619
14.5716
3.97206
15.3487
16.8086
7.78123
4.65988
10.3912
16.3196
10.8732
17.938
4.9824
9.96241
4.52665
19.0335
5.36986
9.02545
1.67758
6.52321
5.39369
17.0105
3.44088
15.0382
3.75612
17.3639
5.09239
6.40724
16.2001
0.627885
7.30779
7.65926
0.00463975
13.0737
9.47559
10.2988
4.93258
5.17746
13.8388
15.9106
5.05163
9.93305
7.61476
6.68227
1.80935
7.72463
12.7964
16.5478
4.42955
2.2358
16.0727
8.23899
8.13095
18.3652
17.0148
17.124
13.6676
9.63333
19.2021
1.89818
18.8254
9.86198
12.081
3.39095
18.3133
6.92598
1.62051
5.16687
1.68575
6.50436
16.6492
6.8712
0.432676
12.3753
16.0653
13.3578
16.7818
10.7634
19.5847
6.91154
7.11531
9.75517
18.4932
0.481229
6.53211
8.63753
1.59229
10.9764
0.691744
14.5696
18.14
11.7475
19.0057
0.83327
0.723371
2.62675
10.0613
14.0016
4.8311
16.5617
6.35905
17.8992
7.09662
9.05741
0.326822
2.84451
19.694
8.55627
3.68129
8.51382
17.7496
19.1868
15.2489
0.163098
1.95598
0.243105
0.63683
8.73917
5.35289
12.3542
7.67516
1.88593
6.47003
19.8837
16.4302
12.8963
13.0733
17.2547
5.88678
19.0216
13.3773
3.06427
13.5619
18.8085
0.555277
8.88256
9.17449
2.94662
7.43827
3.77696
18.2217
7.69502
19.7783
5.48411
15.0889
3.39364
17.9285
7.7186
9.86824
18.7287
19.0446
8.51923
19.8904
0.180131
5.01306
8.36509
15.8066
6.16245
1.5843
7.42049
4.15871
8.13615
8.55546
12.3034
16.5691
2.88051
7.38498
6.73863
3.97542
11.8966
12.6551
8.00511
15.2005
10.0727
5.42345
4.08042
17.5626
6.7596
16.2209
19.5076
4.28452
14.689
4.01042
10.9601
0.184851
16.4063
13.5453
6.59441
10.4934
3.57569
4.79486
10.7679
15.3837
15.3943
3.97604
14.4799
18.5627
16.5064
1.88781
12.937
9.77796
12.0199
8.32049
1.50476
16.0204
14.2436
2.01805
19.2727
2.43514
0.444295
7.87548
4.09202
10.0584
18.4966
12.5455
6.88235
5.67345
14.9727
4.0513
13.0124
7.16847
14.8427
1.93569
16.2179
14.6701
4.08669
3.11738
13.3479
4.99116
8.76308
17.5469
1.11885
5.96654
18.4903
16.9903
0.559313
8.93516
6.71709
7.95509
5.00802
18.3232
9.85518
9.76206
18.7301
17.9655
9.19481
9.74359
10.2876
8.50166
10.7844
14.5314
16.2378
17.458
0.428437
2.84049
5.63736
4.86973
13.7247
9.94698
18.8977
6.75836
5.6123
18.4898
7.14306
5.37763
6.52974
2.41835
8.4868
19.1511
1.21529
4.58819
1.42841
6.69913
15.8852
18.1343
14.6831
7.71555
1.66598
1.65992
12.6626
6.97344
4.46484
0.702693
6.3211
3.8981
17.4873
6.41852
12.3316
1.58776
18.4695
3.12808
12.069
9.76648
2.44114
1.20514
9.88637
0.0630207
2.17478
1.02836
15.584
16.4751
18.3108
17.241
7.34649
3.77547
3.10294
16.7214
8.26969
1.10663
0.272272
11.4804
16.9667
11.7939
1.33552
13.1323
7.67892
6.71535
2.05005
8.52722
18.0434
15.9668
12.1562
14.9062
13.9595
4.6316
10.3315
18.3017
13.327
5.65466
18.383
8.15668
17.1652
16.6952
16.1682
19.1746
9.20773
16.9558
17.8139
9.93249
12.4242
11.724
2.39522
17.5914
13.1864
9.53657
6.93877
10.06
13.6899
12.2883
0.0163262
18.4173
2.58925
7.05985
1.33069
5.64646
17.2313
0.29738
6.20529
11.7047
4.20869
3.21954
2.88494
13.4568
4.41558
0.202289
19.0666
1.68976
0.093322
14.6735
9.15213
18.4589
0.825084
1.94169
6.76084
4.12977
2.96211
7.63816
5.80543
14.2786
15.1882
10.3786
6.29505
19.2263
11.9156
9.70888
12.7068
0.0701778
3.51463
