18.4788
10.9359
7.91092
6.63434
8.45542
16.3901
7.21699
3.20244
11.5215
12.5339
7.85445
13.6402
5.98872
19.1179
11.7721
11.4557
1.46927
12.9184
8.14772
9.88597
1.95915
4.86717
6.05646
9.98451
4.53349
2.13986
19.1471
12.4125
1.14044
0.447887
12.0797
17.7746
7.6137
10.42
6.71635
5.20966
2.14711
16.3052
15.155
7.74127
16.5227
12.4078
9.59168
10.7393
19.2661
18.1879
6.70556
19.4109
10.1458
0.819467
12.8163
1.89027
14.0106
16.7878
11.3477
1.70299
8.70208
6.60645
6.27757
11.7669
19.3924
17.1453
6.71262
2.37505
19.5301
6.72918
2.00878
2.73379
2.14561
3.8608
18.1851
5.48377
18.5444
13.9686
3.62002
12.8364
14.4718
2.98902
19.8567
9.58181
8.34487
0.215763
17.9445
7.32769
2.23893
0.775652
4.37336
9.42351
9.80885
8.9142
5.99803
0.206705
13.8912
10.0004
16.0524
4.44341
5.4749
19.5886
15.7846
10.4503
8.39837
11.4271
5.18107
18.0885
10.1167
16.9488
13.4062
2.64152
4.22002
13.81
3.97554
0.781184
9.92551
6.94476
0.346168
16.5881
19.0399
18.7711
0.638536
3.26845
7.11259
15.3148
7.99265
9.34346
13.3647
12.8445
1.20306
8.8501
19.6084
12.9439
16.5009
14.9997
3.60656
18.9484
3.08302
15.4544
19.7806
6.15421
19.9937
18.4161
10.8952
3.92028
18.5863
5.48811
18.551
14.4193
6.91192
7.99004
18.5963
14.2731
16.0743
19.266
9.05526
16.1108
16.9023
0.206588
5.32713
19.6642
0.765356
17.5925
1.49029
15.5886
17.3031
5.27361
9.32708
9.67914
14.0261
4.13963
18.488
15.6914
9.18403
16.1172
2.59686
14.5179
2.92951
13.0453
11.223
18.9755
6.22807
13.976
0.437832
5.55693
16.2729
15.9706
4.25247
3.4653
19.0336
8.74751
9.05983
13.0572
3.64314
7.06031
1.33022
16.1329
18.1413
19.0516
18.5719
14.1521
4.97209
8.79287
5.54942
2.59433
16.4018
19.7337
3.20411
2.57481
9.71955
16.1
12.2231
7.91617
11.5361
18.7888
16.6599
13.0308
10.5317
16.7322
7.8973
7.57515
7.91331
17.6148
2.60174
14.9368
14.7504
4.1141
1.12691
8.49805
11.4339
17.4824
2.21451
9.63458
16.8287
16.6011
17.0678
10.5928
6.97053
16.3033
0.453971
8.42911
10.443
7.60274
6.72802
18.6096
13.775
9.51126
2.36943
8.16027
3.93109
2.93317
4.40664
11.8894
4.90103
18.3821
6.47034
19.9571
4.76586
3.42545
5.02195
17.4919
4.34563
16.1864
18.1388
6.86337
12.3907
8.95303
6.17453
2.62319
7.72143
1.22671
3.25949
18.131
16.8497
1.31072
6.35022
15.2277
2.30276
15.4126
19.628
12.5218
5.89682
2.5451
19.0439
15.0214
19.729
1.02888
16.4294
18.3904
13.8323
17.0077
15.3901
11.278
10.1501
9.67076
15.7843
6.80685
3.80396
19.881
16.6005
3.99038
17.6952
12.8711
2.71484
7.19373
13.0557
17.6486
14.6554
15.0408
5.79047
7.16702
15.8248
19.8583
8.84418
4.85503
10.5332
9.72268
6.7251
0.331011
12.9642
0.937474
4.72
6.32807
3.12725
1.67082
3.20759
1.90731
16.0383
6.88471
1.75404
11.5481
12.9059
0.174698
18.3948
19.7505
19.7069
5.24184
15.384
17.8653
2.31633
8.7604
11.1901
17.8924
15.2576
14.8296
16.4616
10.3732
8.19502
6.77504
12.6992
4.25544
17.2928
11.2174
13.8906
0.184498
17.8696
17.2019
19.5553
4.24637
16.8692
14.3035
7.0171
13.5954
16.0257
17.082
7.54773
13.8907
2.05428
5.83312
4.9546
9.33925
16.4042
18.0899
6.99123
16.0895
11.8695
0.827174
8.9076
9.55016
19.821
10.3093
9.06195
17.9636
1.84791
10.8937
18.2363
6.67586
2.88013
8.97528
4.05584
19.28
3.75167
16.9472
13.9587
12.7966
19.1009
4.76147
14.9866
11.6379
5.33003
16.768
3.30331
15.4651
17.2624
8.25283
1.76301
9.94142
4.24021
7.13506
10.7527
19.1139
17.5381
14.757
15.2472
17.7726
9.28639
5.41619
8.03666
5.85775
19.5888
12.4275
2.70944
1.21318
15.8758
5.71789
13.7711
1.52269
8.75087
19.2682
7.3203
9.40184
10.4495
6.06032
18.6226
6.56884
15.4066
5.46735
1.50606
0.912458
7.7061
2.83603
15.0452
14.9302
2.12454
12.6431
12.3567
9.61366
1.34831
19.0163
14.8454
5.53263
1.80764
17.48
9.99938
0.502678
9.29946
7.66094
9.47122
12.5107
19.715
13.3513
13.5537
12.0421
2.40895
12.6452
12.0975
4.31368
18.4623
8.95195
5.54977
0.297796
15.1714
7.82598
4.25433
10.5139
18.0979
10.5642
14.5907
7.97832
11.8491
7.23145
1.58023
14.7399
19.0487
13.702
11.6315
14.7869
2.34235
10.7541
10.2325
7.43748
10.6024
0.827971
4.46294
12.0106
8.99245
9.10006
11.1989
15.8944
10.2707
18.2934
2.0948
4.07573
5.43632
17.1088
2.8334
4.01525
15.7667
4.89013
18.6569
7.90059
15.4372
1.66845
19.0212
7.2351
10.973
0.644313
4.9364
18.8211
13.3306
16.7922
17.8691
10.9767
3.44963
13.182
8.05164
17.5358
15.3569
10.6689
3.97931
5.85427
8.22982
15.9062
18.6268
18.4654
7.10276
7.64643
12.7823
2.29337
6.34891
7.38076
19.6691
12.6019
2.45038
14.9975
15.8794
5.90779
12.8011
14.6886
8.95512
5.80799
14.3451
4.84684
10.2743
19.7896
16.9316
11.4341
18.75
6.44417
8.79776
0.760676
8.61474
7.33664
0.295727
19.3576
15.5277
18.7497
5.48906
19.1064
8.32372
13.6656
2.35529
13.5052
16.8181
5.58805
2.99668
19.8465
17.8184
13.3875
2.31779
1.20889
13.5212
2.54812
6.98617
4.20152
14.4776
14.6996
1.52742
12.0709
3.66905
6.46698
3.15915
12.395
6.70294
3.88538
17.0269
2.33228
1.50718
1.28596
6.18439
2.10498
12.8691
19.553
3.51056
15.9433
19.9127
7.82367
18.9413
12.2849
10.3279
16.2677
5.66062
3.12655
11.9266
3.94542
13.2605
13.2306
12.9121
12.7453
18.9036
16.067
15.1449
9.86063
11.8215
17.0348
14.138
13.2032
15.1952
6.5273
18.6673
12.3018
18.2816
13.4762
2.16861
10.7329
8.00963
15.3682
14.5717
14.2076
3.93394
12.4059
14.0017
15.1581
17.0871
15.5666
18.7548
8.69201
1.99393
2.13122
11.8732
12.4659
9.68213
3.39704
17.5193
19.7577
0.650296
2.91969
17.1831
0.260565
17.1612
14.2926
19.7195
6.42137
16.0412
2.08503
18.9529
12.123
18.4472
7.18468
3.49084
18.8171
12.0036
5.09549
13.8829
5.26138
8.23125
15.4234
6.0852
17.5741
3.99821
5.30463
14.0413
5.57136
17.8937
7.43373
13.4445
7.919
9.12524
17.2454
15.9582
8.18513
0.633824
7.08586
11.0655
15.7666
18.2327
10.8987
17.1144
14.7395
10.2026
16.94
14.3849
10.2536
15.5239
16.3531
16.596
11.5559
3.77256
11.4266
14.0311
15.6602
14.9018
1.33544
3.77052
11.7489
3.80909
6.14451
5.56324
18.1216
5.0226
12.9723
10.0578
16.5393
3.49697
5.40765
10.9128
4.59331
16.8905
0.532405
12.7955
16.9185
5.06761
11.2136
2.17658
6.24036
9.75249
7.74613
2.99938
6.52625
19.4982
18.9942
9.27237
17.4941
16.1986
5.51437
3.80914
19.1211
17.2619
16.129
17.4397
6.78469
2.12903
18.145
14.5678
16.5118
12.6146
7.36141
2.98706
14.8401
9.25453
2.92252
1.71895
0.738397
12.0191
10.4254
1.10989
1.87664
1.92872
18.1169
17.3858
13.2779
5.52439
11.6019
3.55478
17.9014
2.08155
11.3246
18.7967
17.184
1.91796
1.52479
7.31776
14.4862
15.2988
18.861
0.0644116
10.8191
16.015
7.3899
13.1582
17.9624
12.9308
5.03585
6.36422
3.78089
14.6157
15.1607
2.15148
7.78232
5.86658
15.5152
7.16433
10.4363
6.77723
12.0317
13.9198
14.8876
0.622708
2.85911
13.3541
11.4141
9.28061
19.778
7.19646
11.6435
14.0244
5.11066
2.28948
12.9517
6.99937
6.80953
19.566
11.1209
4.29178
11.6011
17.1419
13.0911
16.4069
16.0653
4.56058
7.85107
16.7105
1.29713
15.1274
3.22959
13.5427
7.68649
7.94509
19.6834
7.33059
16.0888
11.0701
2.46968
1.63085
2.06556
15.0972
0.129773
11.8939
10.5038
9.21155
19.7991
16.5772
6.20613
8.1093
7.27682
15.8078
17.0766
2.09541
19.1259
13.2597
9.86896
13.0681
9.15701
2.63814
2.19265
16.3811
12.2381
4.77975
4.63751
13.8405
13.4209
7.83135
18.3458
7.91211
7.36553
12.5599
19.4664
18.6034
4.09761
16.6978
11.4319
6.93589
0.0311231
15.0281
4.93094
1.8676
12.2449
15.2104
15.2574
8.52478
15.3929
8.39952
16.1779
18.83
16.667
13.2825
11.9254
10.1935
2.66613
1.70795
16.1313
16.5958
15.1584
12.3601
11.6135
10.678
1.96075
17.7448
16.1767
6.06389
3.73953
8.16336
7.13283
12.2556
17.5404
19.3235
1.30061
18.2935
7.21408
8.70989
2.02791
17.3212
4.25529
19.5228
14.5927
7.45996
14.8711
5.98313
10.7603
18.0215
10.4007
6.45195
13.6258
6.622
9.81042
2.49186
2.67032
18.728
6.56276
16.4427
7.39648
6.29916
16.8135
2.99113
13.8423
10.1679
13.7105
1.91475
10.7094
15.3295
0.518492
14.5422
17.5788
8.78297
5.5029
6.59944
3.47832
13.321
16.3876
12.3699
1.78094
2.62018
9.98381
18.8226
5.23053
8.6892
3.38914
15.5123
1.47555
15.6258
9.42277
11.5197
16.0502
2.31068
3.78362
16.698
18.357
18.0569
0.919047
2.16066
3.20998
14.2629
5.44737
3.90205
4.97263
19.6039
19.6017
4.8781
1.04918
4.45466
10.241
16.6323
12.8099
4.89122
12.2474
16.6082
14.055
1.3135
8.17271
7.91423
14.4309
7.66465
1.2274
7.68873
17.6427
17.0745
9.56406
17.0745
15.2493
9.37822
9.16113
1.68718
7.50545
11.3155
19.9054
3.77705
4.91797
0.985339
0.131317
9.86228
15.8381
7.59707
3.94085
8.98627
12.4522
18.6134
6.5901
1.02508
2.79507
14.7577
5.43952
6.59524
8.54834
0.697494
2.3455
0.650665
5.16694
14.911
11.5152
8.09644
4.0197
6.05041
12.5785
9.3562
6.91302
5.61824
9.12989
6.45454
6.33302
6.83628
12.0578
2.75383
0.85293
5.97975
17.7839
7.26194
13.8249
16.4797
19.2967
0.48406
0.490523
9.8718
1.61481
4.50137
13.9165
1.86747
17.9638
3.2033
0.698471
5.01598
2.67614
13.926
3.07884
18.0888
15.513
3.61872
3.98325
11.2109
3.77439
18.8408
16.6113
19.9891
8.92602
5.63413
18.0723
16.6004
5.58029
10.227
11.5166
9.43321
2.69316
2.52567
12.746
12.2671
5.48815
18.0476
18.0523
15.5884
19.8085
19.4103
8.01979
18.3352
16.0775
10.2066
8.32112
8.66265
8.14658
9.96681
0.111917
6.62392
16.7479
19.0401
9.46677
5.55861
9.74281
6.36531
16.7045
19.1837
8.55525
16.4986
16.0001
3.15649
6.3629
11.0122
3.15045
4.80239
9.02794
6.02237
15.8627
0.0792698
18.3874
6.8241
8.51069
6.98555
16.6412
11.6737
9.17371
10.0978
19.5693
8.08552
12.0773
8.97377
13.5917
3.7104
4.92375
0.488952
8.48856
0.358506
4.82358
19.8904
7.33305
2.1151
13.3916
0.188413
1.07802
1.02073
16.7316
4.65477
15.4428
11.9179
10.8626
13.026
6.22519
17.3081
14.1975
18.362
14.419
18.2327
14.3047
7.95645
1.94085
14.5891
12.7368
2.36976
8.28482
0.443004
2.69535
13.8648
10.4385
4.00582
19.5314
16.6071
1.19246
14.4616
9.09627
0.0219254
7.7891
16.1359
13.8996
2.39612
2.7189
7.01028
10.5651
6.31563
11.0287
18.8425
10.1064
17.5747
0.0972998
13.6153
6.00828
10.7551
19.0089
10.8319
2.21157
14.1689
7.03413
10.1016
10.7266
13.5003
10.7836
16.4106
7.37395
7.23327
13.7671
8.23237
1.14936
13.538
4.97183
0.999069
16.2175
17.0456
16.2514
9.40983
16.918
17.6635
15.2959
6.77793
2.85844
13.3103
4.55565
10.097
11.9965
2.4601
11.0809
19.2782
16.0598
0.981067
13.7351
14.3601
1.99851
13.7165
11.0003
15.5111
0.282551
3.24442
16.2963
13.1307
5.23785
1.43114
12.1078
13.8868
10.6868
19.6387
14.0329
16.0503
12.3985
12.0458
2.79304
18.8357
6.65328
12.1107
10.1096
6.15624
16.8327
11.5441
10.8278
16.9153
18.9443
16.4179
14.6978
0.840402
15.5465
0.349615
6.01298
3.13776
15.74
7.29459
1.78702
6.40145
1.15915
14.6604
11.2694
12.1599
9.71755
5.72939
9.68773
3.20987
19.3988
2.33995
8.74516
4.78231
17.9993
19.5349
5.3167
3.16213
6.27836
14.1856
16.4279
1.44919
7.74434
5.32809
4.76896
8.73968
17.2566
6.51714
14.5074
10.1206
7.37772
2.39701
7.41176
4.23846
18.2313
10.8037
11.6028
7.59226
0.131072
11.9317
18.9214
14.4849
3.62397
1.37926
13.3223
12.0709
14.6087
17.7841
5.49487
14.6126
7.8749
9.72839
4.47696
8.53607
11.2981
18.5853
19.4149
19.8424
19.0997
1.90989
14.457
11.3404
4.34892
14.3463
14.0371
14.0373
9.67979
19.5517
14.1274
8.42555
18.7155
10.6613
9.01262
17.416
18.9224
6.47005
13.639
7.54728
8.88204
9.62282
8.14586
2.72674
6.1976
18.7209
12.4723
1.99997
10.5784
3.32384
0.412702
5.73751
9.12006
14.3127
4.99741
15.6425
3.16429
0.233
0.144497
12.4957
10.5182
13.9772
10.6717
4.43255
19.9253
1.94363
15.0935
16.4829
0.953198
12.9308
17.2301
7.79853
0.464386
8.26276
3.07403
17.1699
12.7674
8.36878
18.9261
3.08867
18.2106
15.6377
14.3737
11.2717
4.72776
13.9982
14.9371
9.73744
7.28427
6.03634
1.20509
10.7981
0.657877
15.0552
13.3048
11.7241
16.4579
4.34471
2.62259
6.0848
2.75516
0.990803
4.64897
16.4122
16.0485
13.7318
15.3296
5.72134
9.42794
2.77996
16.7541
3.24219
2.99609
10.1741
4.35786
14.7432
7.59743
5.81592
18.3145
6.7873
8.04108
15.3173
11.1492
12.2146
4.95521
10.4613
3.15627
18.1527
3.03114
17.4153
17.1483
4.60248
9.85243
3.93098
1.23414
5.53491
1.47959
7.4514
19.6591
3.63175
9.01436
18.1618
6.3985
18.843
5.3949
0.583029
13.8506
10.605
1.04231
11.6939
19.1905
19.9281
1.31046
12.9707
8.33049
4.54522
18.5067
19.7942
16.5613
14.2063
18.6446
13.2691
7.13584
14.8246
14.9936
11.2896
2.45818
18.5166
7.93429
0.0510972
19.8125
19.8087
7.95308
1.83884
1.15721
0.46767
6.2351
12.4868
4.06573
5.99867
7.97672
7.96792
13.3762
14.3408
5.02274
12.4815
12.7294
19.0234
8.26419
12.7314
18.0843
2.80285
12.3012
3.17497
7.06294
11.8798
13.803
10.724
17.7323
4.69186
2.17585
9.68963
0.359907
17.3227
6.16896
9.49436
5.81971
10.678
1.44655
13.0566
0.0650436
0.130159
7.18485
13.3833
2.81137
19.3774
7.78656
8.27725
3.01752
18.7554
9.56677
13.8128
7.0934
7.86779
18.5943
6.64279
0.130683
7.42394
10.6707
2.7508
3.15584
2.53403
12.8639
15.8694
16.9448
2.63343
7.63699
6.07667
2.11712
0.838233
1.87919
0.779358
18.6999
3.89052
2.84434
1.65345
1.63664
15.4705
2.66417
3.36447
7.74041
1.82142
16.9689
10.9742
14.254
7.03299
3.06394
9.36563
6.2889
18.6249
4.28415
18.0457
13.2502
10.3808
16.4222
3.34208
4.31324
12.098
14.1885
4.66064
7.34971
17.0615
13.0252
17.659
4.03092
2.99106
9.87234
4.46906
6.68145
15.4515
2.87985
7.37211
19.0887
4.30275
9.92377
4.56552
14.8315
16.2442
4.81625
7.83631
5.66326
5.9267
9.5485
13.9792
18.7992
10.7273
4.37304
5.0342
19.216
9.23326
6.30899
5.73533
12.7944
2.13165
11.2621
13.9939
0.625744
10.3636
12.6068
18.3603
12.0681
17.9192
7.51096
0.274928
4.22045
17.6997
1.23287
8.74176
0.0313451
8.54317
11.0439
8.93153
7.1945
12.544
5.07817
2.6467
8.17622
17.6782
17.932
16.4382
6.88544
2.33056
4.97472
7.44663
8.48177
9.20778
17.9826
5.67288
18.6371
9.69066
11.6747
2.41012
18.6318
7.29659
0.323678
13.3056
4.37564
5.30295
17.1117
8.11427
18.5575
14.5033
15.1263
16.2456
10.2745
10.2372
14.8854
0.0628501
15.3805
7.16961
4.6025
13.5721
19.0322
0.895498
2.79636
9.20086
13.7842
1.07046
0.0672524
17.1858
8.16239
4.7826
16.1163
6.94273
13.4814
4.88458
7.20225
10.9935
7.87738
13.4023
13.1143
5.3631
19.1973
1.91235
18.6328
8.99277
6.12363
14.7037
18.7852
9.07805
12.8147
9.674
1.5493
4.67357
11.2984
8.29192
10.193
2.61745
12.9835
18.7212
16.3194
4.89675
17.0993
5.97962
10.9473
4.47146
2.51884
4.43507
11.3494
6.65904
3.46102
3.06498
18.6276
17.7759
7.82105
2.04914
3.18294
10.115
7.52437
8.34169
2.18066
19.2047
19.9556
15.9696
0.575901
2.7298
8.86897
15.8882
3.70995
15.2089
17.8493
18.933
2.98401
4.7825
4.75094
6.68275
0.931689
16.2465
8.70486
9.58527
0.819706
15.7384
13.5001
0.171503
12.3799
17.8735
3.2329
16.4089
17.8966
0.76622
1.93184
12.2443
1.90937
18.1836
0.493776
5.20195
19.9609
3.19645
8.8339
5.76518
6.68547
13.9111
12.3339
5.63744
3.88023
5.89909
14.0883
14.6484
15.7652
4.52376
15.6238
14.0846
15.4204
9.60743
13.6009
0.00484578
19.7016
10.733
10.0644
5.6281
15.2958
7.42403
1.89008
5.10367
10.0046
18.7202
5.56378
12.1484
13.5274
3.2788
12.8804
10.4988
17.4659
4.25581
16.719
19.7096
3.82286
19.7917
4.99273
9.09563
17.8531
7.62935
12.2109
17.0913
14.5754
3.28134
12.2913
10.44
4.80716
0.835228
6.0372
13.443
2.01091
15.8448
6.07549
0.863016
1.72446
1.25187
0.564499
19.269
15.1233
13.6423
18.4038
3.25989
5.85495
18.7779
18.1765
17.634
17.634
19.826
17.3986
16.7661
14.4149
3.17525
7.00008
9.87094
5.8575
14.6215
8.85274
2.53233
0.904788
4.88748
17.4344
5.38708
5.64173
12.3845
8.01125
8.27867
12.5703
1.52823
5.67338
12.1885
14.568
3.81737
7.41729
19.597
13.0796
1.61848
17.6855
3.92828
5.29947
14.4965
16.6632
17.8573
14.1676
17.8303
19.3048
16.6808
19.3651
11.8516
11.9065
7.44597
10.9113
3.96664
9.50897
3.82736
18.286
12.0567
6.8993
1.77769
14.6002
5.45497
3.57647
15.5578
18.6036
17.0508
16.2882
13.6863
9.87402
6.4253
10.7413
10.7769
11.8614
6.21609
6.03487
11.2879
12.865
17.9817
11.4499
9.15339
13.4805
4.0707
10.4907
9.48278
13.4628
8.51637
0.284271
14.1522
2.51082
8.04758
8.29265
1.55961
5.60259
8.25943
17.3061
5.0573
13.2834
18.2179
11.5323
19.8194
15.6884
0.592927
18.9752
3.08615
1.76099
16.771
9.68453
9.69414
19.0963
19.1405
10.2929
16.0857
0.527929
0.386604
1.68945
11.1251
14.1932
1.27117
14.7512
10.7584
1.59455
4.65395
9.28283
0.663309
19.8163
12.9665
8.38566
15.5337
18.1832
16.4705
6.50335
11.451
5.18106
15.5479
11.2474
13.7236
6.27108
5.60002
0.952989
8.43615
15.3134
11.9629
11.7809
3.75906
16.1169
15.9194
13.4207
19.1616
1.60045
16.7714
6.77597
3.75923
10.0868
11.1253
10.8468
4.41499
7.22407
3.26656
16.9482
16.1978
5.19696
3.43975
16.7165
10.151
17.0734
12.5471
19.0559
6.22685
4.69322
17.9791
13.5774
14.8186
12.6411
4.10428
13.2655
12.8728
1.25283
14.6547
6.26717
19.2204
13.261
9.00742
19.8248
15.8733
9.04681
17.2169
0.188017
9.09079
7.4335
18.8569
16.6499
11.4271
2.10685
17.5547
2.88375
7.67431
11.1982
4.63147
6.16601
4.90963
9.38004
11.3661
0.288304
9.11961
1.58898
15.5094
4.80662
9.55665
18.7379
13.6515
0.121508
7.28293
4.74576
13.0106
12.8767
10.1344
15.3849
8.9914
8.40784
19.9241
1.59466
10.5509
7.36967
4.28026
9.69616
6.51984
11.2386
14.3832
5.23244
4.02143
1.13304
19.6265
10.2826
4.81571
7.46071
16.1658
10.2709
17.6827
5.3833
10.8155
0.81694
2.95205
9.91453
13.0261
10.3095
11.3902
1.17589
6.5711
16.1374
1.32828
10.9509
11.1164
2.84609
4.55786
15.7406
7.03312
5.56143
14.3732
0.205695
17.5385
0.846225
18.153
1.38749
16.6677
5.89303
15.9753
8.11449
1.22588
19.3219
9.79486
3.72227
14.9851
1.61219
19.703
12.4707
15.2769
14.4291
3.23864
14.0395
6.60312
6.16194
13.3596
2.9714
9.02795
18.3641
6.41698
10.9352
10.2513
13.7219
2.06906
9.6697
0.449831
19.8443
12.7203
14.4684
10.0042
19.6913
16.0422
12.1835
4.20529
12.3477
19.2628
15.6104
7.42575
3.48427
2.4054
0.418572
12.7663
19.5462
14.1493
11.7786
2.46018
2.7204
19.1
17.8769
2.86381
18.0815
12.9775
19.7187
7.74912
9.92045
9.72855
1.88563
8.59846
13.9424
6.16419
17.3058
14.019
13.6336
11.5962
10.0346
15.5692
10.3562
17.1454
13.6659
5.28995
17.9173
16.7742
2.01675
14.1947
2.03359
15.4741
19.3992
11.4531
5.07161
12.8308
15.2767
6.08781
8.3599
12.8757
17.1559
18.5651
5.47928
17.8516
14.5364
12.6143
0.62994
4.63023
18.0856
15.0194
12.4962
14.8876
12.1524
19.7781
14.1388
6.04949
16.0814
3.30408
19.0916
16.2098
15.9185
7.20125
11.6729
19.2934
2.58295
3.55619
2.75807
8.61368
15.5675
7.65019
14.1618
13.8379
18.1363
4.82613
16.5113
6.67231
19.1599
14.5952
17.8863
10.4739
6.79269
6.10196
3.77787
4.35625
6.17802
18.8372
13.4993
16.0601
18.1907
11.9901
19.4086
9.62623
16.1489
9.51916
4.23363
6.66306
7.50753
4.07667
15.6646
11.9075
12.2925
11.5431
15.1221
5.18783
18.6043
8.41277
15.6298
13.5456
6.92202
13.0663
13.8098
9.93595
0.297753
19.2008
2.32363
16.6163
8.78885
9.63876
4.19178
15.2359
13.6879
8.34
7.28202
16.2755
4.55074
1.89927
17.0262
13.3333
18.4911
17.748
12.4502
8.24098
16.4846
4.92091
2.32647
4.73355
12.7767
6.54225
15.7056
0.344386
13.8691
17.7581
12.7848
15.8641
14.253
10.3841
4.2561
13.6184
2.29983
18.245
17.0316
6.38167
2.37667
5.30015
15.0878
0.0447127
3.20841
0.800888
15.3694
6.4693
19.9768
1.40644
3.65667
10.593
2.28972
15.2019
19.9191
9.56019
7.08715
15.7537
12.4241
16.0451
6.2962
13.5468
1.25374
5.16774
12.4937
4.4865
13.49
8.64637
1.89129
12.5518
1.35206
5.06344
12.8559
10.0745
15.6405
12.2992
5.15348
2.8823
10.0209
15.4741
3.15414
8.31194
16.154
12.5689
4.03676
13.7477
9.40768
14.8138
13.14
1.75762
15.5442
1.06358
3.75292
13.3843
16.8934
19.2283
12.9582
6.14648
8.65512
6.15205
6.22669
4.52323
15.3084
2.05791
13.6752
17.3165
2.05213
18.1135
9.82925
11.5712
15.9068
7.70878
7.67689
13.3657
9.05807
5.05597
5.68097
14.8059
4.5439
0.527525
9.81899
4.75321
9.37575
3.15903
15.0925
0.53006
1.73118
12.5605
16.3735
7.3078
7.85517
14.5715
9.21285
17.607
17.1019
0.599749
17.7232
18.4887
16.0129
13.2487
10.891
9.05215
13.2151
13.0143
17.058
10.6405
4.15905
6.63871
10.65
6.58955
8.71605
7.24431
6.91547
16.8856
9.53955
12.0815
3.31846
6.21758
1.35948
3.20822
9.46515
16.1863
0.748077
11.0355
15.2558
9.17861
16.988
8.98735
6.50917
16.3023
14.7336
6.28804
15.4486
7.10431
14.3531
9.69039
7.70741
3.71179
8.11606
2.52329
9.92444
12.1342
17.472
8.13983
1.30838
8.39687
15.8569
15.8276
5.32681
9.61237
11.671
12.1968
11.8196
6.34192
13.0952
17.3627
18.0432
6.03329
15.9062
12.2932
19.4318
3.25702
12.6871
11.8571
9.90172
2.39271
3.98663
5.43453
0.845313
8.53184
4.09143
14.2567
5.09196
2.03206
4.34174
4.18705
12.4949
3.55355
11.1456
2.57647
8.93479
12.1606
5.18289
16.1044
3.85766
2.39569
4.44655
1.26142
7.91294
5.44303
6.26471
6.51657
18.0509
10.0882
4.16902
6.97991
16.1729
16.7389
0.891263
11.7445
4.15337
10.4541
11.9658
11.3301
14.6059
16.7599
3.87856
18.0109
13.2602
19.0986
10.6438
3.83699
13.6879
4.76184
4.70638
0.294609
0.556407
9.30327
4.74687
2.37899
17.8111
12.2786
6.24301
11.0691
2.70371
5.9869
18.6297
18.7657
18.5762
5.63291
15.1107
0.819431
8.58457
6.25103
12.4964
0.420272
1.75069
1.80968
2.67616
6.83099
7.62115
4.12672
14.6813
17.4888
6.65175
18.4682
16.475
10.8409
15.4369
12.915
15.6372
15.7677
8.31945
14.9209
19.991
6.44398
11.9754
15.4299
10.6256
13.6949
1.06049
3.20889
1.4225
17.7083
19.7912
15.0824
18.2346
8.76831
0.794146
19.2126
7.01129
9.64807
5.72681
6.89108
15.4986
6.61688
17.6396
1.22186
1.09596
5.94349
14.5355
7.76304
10.4899
6.0394
3.45305
18.5262
14.8156
12.6369
11.3778
8.42269
5.56241
2.75757
9.3002
4.73554
17.9106
10.9836
9.65323
0.822971
9.81277
8.75163
2.25005
17.5267
5.2014
6.42231
2.22224
13.9277
5.52923
7.724
0.793496
9.26177
5.25957
4.29454
18.0976
3.74719
14.4736
15.7364
0.383308
12.1748
17.9008
1.06781
0.0895435
17.6564
3.93513
17.1856
1.5137
19.4454
11.8238
19.606
8.00995
12.3276
1.00513
0.328041
8.66469
8.51517
19.0226
6.5672
9.06709
9.32855
16.8848
16.9539
8.43716
16.2662
13.1675
6.94829
18.5655
6.78946
19.533
9.51474
12.4164
15.8193
19.0064
3.9271
13.708
4.77545
13.7856
8.70145
12.3464
14.1891
1.87398
17.8871
6.57212
8.42133
18.6414
17.6058
3.15467
19.7371
6.57774
18.0935
16.4073
18.5137
2.39769
12.6674
6.89701
5.54536
1.99663
8.81216
19.4809
17.3227
7.81341
11.8883
1.99994
10.1813
11.4951
7.99204
5.67065
4.21337
4.51668
18.768
8.21039
6.9909
13.7771
9.91596
2.35905
15.3734
8.31806
2.2185
19.1357
19.0526
6.17291
6.79066
10.6677
1.06691
18.2462
2.05532
8.10625
8.56853
15.515
8.67161
5.19044
19.8442
15.8735
19.847
6.93229
2.47305
15.9121
5.765
16.1902
1.18793
11.0506
15.828
17.7511
0.891179
17.0364
0.0296811
3.97256
8.27905
4.64751
5.53103
19.0939
5.71718
7.40705
10.0957
6.79483
9.36021
8.88295
6.06619
2.67088
3.31796
3.27797
8.12382
16.7957
13.5737
4.26572
18.9488
3.53875
1.11893
3.56103
2.01628
12.0812
7.04776
17.1319
9.32775
14.8041
3.42894
14.6656
1.11018
9.33395
5.7964
1.64151
17.1217
4.18228
1.21957
13.275
3.67617
4.62283
12.7247
12.5484
11.4428
14.7634
11.0096
4.68527
14.2043
5.68667
11.6426
2.25897
19.4538
8.61176
12.1239
9.75331
0.659386
3.96735
1.26224
12.0332
9.71909
10.3102
14.8679
11.8503
9.81971
10.6642
6.05634
12.1225
11.0909
15.5112
10.7383
1.93642
19.2987
6.74226
3.16964
8.05704
4.25478
3.7895
19.6933
10.963
16.4996
12.3972
1.52405
2.97628
1.24333
5.46709
1.87962
10.4686
1.63779
10.2072
14.0914
18.5073
6.21421
5.87249
3.77124
1.41084
10.786
17.5505
13.4542
0.701814
1.42903
19.4742
0.706851
19.8947
10.9539
10.1521
8.5417
16.4508
2.58352
12.6404
2.01247
7.78876
3.28843
5.94324
8.37453
4.60072
0.125722
11.0971
15.3675
2.64573
4.37456
18.6149
7.01516
3.94245
8.96589
12.3594
13.9212
15.1186
11.5194
19.1573
4.95126
9.75968
0.940241
9.79369
10.9174
15.9414
9.83039
11.5639
11.3925
3.42788
11.4587
0.140306
13.3189
9.89829
19.236
15.5013
8.7074
18.6388
4.73611
17.7526
9.67093
12.1403
12.3822
8.25299
5.14185
3.38301
6.09358
13.132
16.7847
4.10679
11.2435
8.6504
12.61
13.9927
7.98942
1.39336
15.9844
0.765167
12.5219
14.5033
5.14998
8.18776
6.37747
6.28925
14.3562
0.835456
12.841
0.969556
15.1858
18.2542
10.2864
12.8055
0.955202
14.4866
16.0706
10.86
9.70848
14.2117
19.0767
1.2171
6.20533
10.5948
14.0124
12.3323
1.16781
14.2792
2.61533
10.0668
7.4996
15.0628
4.88912
1.81725
3.34724
2.10006
16.8871
6.97923
17.8549
6.48693
15.1085
2.85954
12.2096
14.8004
3.66111
19.7462
8.82446
15.0472
7.06642
4.50469
13.0483
2.7207
19.3786
1.41618
11.8291
14.5448
1.2004
15.2077
3.91478
1.02759
15.9503
13.6389
0.16894
12.7107
7.23461
8.8272
13.2828
2.16487
6.74676
14.8108
3.89549
16.8532
12.7057
19.4786
2.92097
13.4277
2.29259
9.36667
13.9708
10.4619
15.976
5.62948
17.2709
12.5426
11.13
3.18071
7.59212
10.1667
6.27474
7.66124
4.95311
13.2792
12.9383
19.4109
5.02745
6.94146
5.48913
15.1213
10.3768
6.77417
3.89781
17.0231
0.207221
12.7198
17.815
3.53277
6.24344
14.178
10.9512
5.72836
11.511
8.36648
17.2218
5.01883
11.1408
16.1451
8.74519
3.59619
16.2806
15.9823
15.176
6.47753
14.7857
3.07118
7.72634
7.59543
5.69383
12.1764
16.1807
19.967
9.16258
11.1018
4.2805
1.88995
2.37447
8.31532
4.11539
8.30296
2.10966
12.0245
8.65895
12.7716
14.1072
0.193612
5.29744
9.01793
1.99082
7.22959
6.58977
10.3356
17.1968
8.25783
19.4247
11.689
12.6475
4.08569
14.1044
16.1768
16.9639
19.5048
18.2829
4.7019
7.25997
16.2612
19.5826
8.74227
16.9711
2.45946
9.43698
10.4368
12.5048
0.317365
1.85352
1.19897
19.9575
7.64029
13.6785
18.7991
0.160909
4.13266
11.2995
17.9459
14.5338
11.89
14.3231
13.451
3.77414
7.59103
13.7409
12.4135
19.5402
10.7394
17.1177
18.0096
12.4296
13.1435
1.26855
5.03683
6.99272
7.44536
7.77339
9.77304
12.4269
5.10171
4.44616
6.63155
8.17781
6.65865
18.5668
9.5354
17.4199
14.2201
16.9933
8.21954
5.4449
14.6633
14.1782
15.0193
11.7181
5.79614
12.882
17.817
2.00463
1.88536
3.68257
12.0435
16.0032
0.556365
5.81705
4.14351
13.4973
4.02107
17.995
9.14195
4.77853
10.503
4.68619
11.8585
5.32797
0.136293
6.79947
16.5695
10.5939
4.88158
13.0344
12.8137
8.25627
11.8882
14.864
2.1894
12.9676
11.789
0.157703
19.0821
0.610959
8.29419
7.73574
13.1114
7.37636
2.79595
6.50561
13.4069
1.98114
0.0250863
2.2692
19.3787
15.8599
5.22678
17.2018
1.54712
8.23565
16.696
8.64928
2.09627
2.64081
10.5125
18.6879
3.96729
11.0125
19.7653
4.73936
7.37581
19.5239
5.09211
17.11
16.102
18.9645
13.6352
15.0715
1.31767
11.0668
7.83387
15.7374
14.7862
16.6072
13.8885
9.99067
11.3526
3.80398
3.58679
9.08993
16.1263
2.04867
15.6973
17.5919
18.3149
14.8881
18.1226
8.47371
17.4162
11.8333
6.18955
19.9995
5.28082
9.65955
15.078
0.772502
11.2981
3.27443
5.30485
18.6188
0.623937
13.9423
13.9593
7.9726
18.4025
7.50521
15.2619
11.7479
12.0535
3.68641
4.09357
15.7224
5.92462
13.3239
7.81973
11.0945
2.43304
10.2241
1.70418
14.0342
1.70323
19.9291
1.38807
5.66881
11.7947
7.09398
6.97574
8.03007
13.7011
17.7539
17.9753
16.8786
12.7307
15.3305
12.38
10.1092
3.72127
9.47652
1.20257
1.85632
13.3628
15.4619
12.7922
18.6666
8.10203
14.2718
18.7703
10.2725
19.6036
18.9854
9.04864
19.1133
11.527
14.716
6.38413
10.2102
6.05295
13.2346
9.0402
10.6971
16.7704
16.2167
4.0923
8.91795
12.5219
11.6969
6.96969
8.65841
10.466
9.48377
19.6132
4.59093
3.6296
9.61276
1.94866
8.41794
1.46166
6.9433
4.83591
11.8141
13.0708
10.5591
12.4613
13.8246
19.1342
14.0922
0.944721
15.4847
15.6661
6.81448
10.7136
17.4172
2.50206
0.223738
3.69504
5.54052
16.0303
12.4041
14.9799
16.0844
18.9132
7.01574
7.45727
18.0206
7.71146
16.1078
14.7326
14.2908
11.1385
6.05154
19.8429
4.91887
16.1293
6.68849
8.50509
3.34687
3.04574
6.42924
12.0129
11.4619
2.99346
15.519
3.80037
7.85674
5.61708
9.81069
4.30673
5.25605
11.1533
4.76025
13.7774
0.182514
17.9758
5.00522
9.51515
16.7121
11.6456
19.6547
6.17561
4.79344
2.38457
17.5627
6.90377
18.389
0.203118
6.31629
12.8517
2.77658
19.0646
14.3359
6.86915
17.9747
5.12156
14.4765
10.0576
8.74699
9.25203
16.307
3.06881
15.5281
16.4419
8.69303
16.6532
13.7476
7.20863
16.4345
5.14372
16.3906
16.603
16.1443
15.9256
15.2882
10.0804
0.0251506
10.035
10.2596
18.1037
0.313784
13.6526
14.4689
7.03007
11.9339
17.9452
14.4007
3.37477
5.69883
11.9087
4.80581
19.6456
1.4419
16.4425
7.92471
2.16452
13.6321
9.81934
8.76512
6.02062
6.57562
7.33691
16.7806
10.6267
10.21
6.46922
9.10673
12.1914
11.6314
17.8377
2.35122
7.5943
6.84804
11.5547
15.8175
3.25955
10.7591
12.438
3.21009
8.46258
12.6736
13.1724
3.13324
17.0629
9.55957
19.5622
4.63786
4.77413
8.40717
4.60125
15.1476
5.12757
11.8128
7.66477
7.28885
10.9487
13.7663
14.8384
0.116726
16.8585
9.70411
5.19663
7.58002
10.8092
4.96236
14.1408
12.4807
19.4106
11.4802
3.18271
14.3977
11.4969
5.0182
4.12055
19.1093
17.8765
8.19813
16.0751
7.67804
0.156689
7.35284
2.67852
14.2615
16.6557
1.98158
19.3828
9.01681
16.8447
6.85278
8.9363
4.45825
16.7616
14.5952
16.3619
8.03365
0.894697
18.8665
2.01604
6.63472
15.432
18.0602
10.9211
12.8705
8.74124
2.27941
9.1115
14.6367
10.3814
15.4387
2.70686
11.9762
2.95961
10.1225
6.6325
15.1785
2.35246
4.74492
4.05809
17.2514
12.6092
3.62641
19.6344
11.4822
13.3837
1.01037
10.7316
18.0542
7.79399
17.5389
13.1974
13.1401
16.254
6.97641
4.06212
16.8738
12.6287
7.40535
17.9489
1.13934
4.31863
11.8177
17.3897
0.913816
1.3779
3.19507
8.82163
2.80986
6.47182
8.8612
0.97673
10.4602
5.31934
1.86787
12.915
9.34942
18.0426
16.298
12.9233
18.6413
12.8816
15.4945
18.7777
1.56063
11.0091
8.37311
17.1266
9.1548
15.7733
17.6226
5.0614
2.91891
1.83235
6.17059
13.6351
19.8737
0.111854
14.9583
17.8135
19.3297
10.27
2.87977
15.7838
14.5049
7.96041
3.86324
3.06799
4.5949
14.7882
18.0344
16.2789
10.8711
14.0978
19.2289
4.65683
10.3146
18.4699
14.1642
17.105
9.84112
17.6789
3.60103
2.24878
17.1771
15.2875
6.73166
0.768965
4.28352
1.61306
9.34755
19.0801
5.59046
10.6761
16.7921
18.9398
4.27696
5.96909
4.27782
12.9007
17.3574
13.6141
6.40426
8.31946
4.57118
8.00914
6.29229
16.1333
12.0737
15.1712
7.87925
18.036
19.8959
14.7092
5.86524
8.89881
16.5772
3.5952
6.11561
16.7389
19.132
11.3251
0.953333
12.6075
14.3873
7.54798
7.12201
15.9801
4.24458
4.51611
11.5875
13.7801
13.7538
10.1074
5.65864
3.69046
16.655
0.772236
18.5735
18.2746
8.26205
10.7809
7.88854
5.89185
5.72799
13.0808
1.42686
2.37342
17.9446
6.5989
16.2076
4.53548
15.755
3.51273
8.28458
15.2064
12.9661
1.79918
9.25728
4.34001
1.27618
8.69749
19.5953
3.04209
14.8324
4.04241
4.95778
11.7459
11.4439
14.1968
3.19214
4.92994
4.17731
11.7332
17.6666
15.8097
9.56611
5.73047
6.13678
0.735597
3.98666
9.79047
11.7188
7.54399
0.0243028
17.6025
14.0278
8.32745
19.8327
8.46824
17.8699
17.4417
5.83094
17.4154
4.99705
4.29794
16.6174
0.685068
17.5019
11.7286
1.83554
1.12289
6.50166
16.2206
10.2556
14.593
6.43496
15.4152
15.1635
4.53062
7.64565
2.2421
15.7791
14.5267
19.6827
1.30061
2.04711
7.82002
7.78498
4.80596
16.7327
14.2032
0.701492
13.2639
0.805022
1.6594
5.34194
6.97092
1.87717
6.19278
5.86965
7.46475
8.2538
3.05404
12.7541
1.21211
2.91164
5.85406
0.645774
4.37914
1.38929
18.1673
11.5091
6.63751
3.88059
17.6349
16.1866
2.34126
19.6574
19.4644
17.8904
6.92641
13.1705
12.5325
11.5478
11.1326
1.39903
6.61839
13.7221
16.9122
6.69788
3.17893
13.612
6.28983
1.90657
6.27914
9.35451
16.1377
11.2599
19.7324
1.44772
19.4187
4.06763
16.8275
1.61304
8.22325
3.86121
1.70987
10.6669
9.55658
3.76767
6.87573
15.7724
12.7753
17.1221
7.39968
7.83269
17.9562
2.00918
6.61057
6.92497
8.54286
16.2716
12.0663
16.5264
14.6702
7.91502
9.86698
14.2264
10.6861
6.17228
4.30803
15.2585
2.44923
0.487907
17.8884
12.3654
12.7351
3.11959
19.0237
1.16786
2.50107
16.8864
14.6518
14.0065
2.31927
13.0065
2.75757
0.825278
0.14121
10.1095
10.916
2.70676
13.8406
16.5441
19.3809
2.78212
11.3986
6.75835
0.609082
2.9429
14.1879
16.537
8.63804
11.5487
19.7539
1.78978
10.9272
8.04582
17.2453
8.67707
14.5153
7.0794
18.1326
7.71206
4.49242
16.2891
0.297345
5.7617
9.99044
0.507429
2.30827
0.359524
1.30782
17.1324
15.0998
17.3334
13.9176
2.86424
19.8837
11.9326
13.2058
7.65551
17.9674
14.9548
4.81449
3.56896
13.1436
1.9203
14.5966
12.6486
3.43083
6.60679
6.19522
13.5053
10.0946
17.8256
10.6889
5.13951
6.40129
19.5985
8.66058
8.50296
0.525558
4.94126
0.26822
8.24537
12.7832
14.8566
4.65735
11.8603
10.2152
13.9683
17.8947
7.37902
11.6217
17.568
11.7812
7.89791
9.29763
18.6797
1.3438
11.2502
8.62633
14.1645
17.2808
2.18471
5.87548
3.48445
16.3644
0.131037
4.70178
2.78993
13.5267
8.60826
1.65663
15.742
14.796
9.73535
1.35725
4.18282
6.33243
15.5533
7.06185
11.7329
6.93427
11.0778
0.153889
0.66278
11.1372
4.61541
9.53931
6.18608
12.8268
8.92596
6.08589
11.1564
5.04548
8.09172
16.5231
7.43339
2.97496
15.2195
1.22326
9.57954
15.8585
13.436
19.7822
17.2654
9.4308
9.17827
3.77066
9.30835
14.5534
9.47894
9.00593
3.90302
15.6157
14.1667
8.60997
7.89613
18.6697
3.79836
16.2683
4.10596
13.7989
0.630805
0.685709
9.32582
7.67238
6.5589
0.111241
1.95027
11.5652
13.8514
18.5385
7.65529
15.7623
8.05244
14.7808
3.18348
13.401
5.4602
15.6319
18.4926
14.7613
14.6075
17.0829
7.03749
12.0137
13.5202
12.2618
12.4288
15.7726
10.5784
0.881034
1.37397
6.62825
15.8428
13.5349
11.5915
7.90891
17.8865
19.5311
15.7604
15.8694
17.9835
0.38204
7.55289
10.0533
15.473
8.59353
12.9493
18.5228
19.4441
10.7676
11.3639
7.49539
3.19708
10.406
9.59406
6.50512
13.5884
13.876
0.401823
19.4634
16.4101
15.2116
12.0386
17.5786
0.829767
8.50956
4.37991
5.60895
11.5871
1.27402
3.22472
0.139573
17.5172
4.14967
17.9191
9.02641
5.98848
4.90887
15.3623
3.96953
14.3904
12.7246
15.1347
6.7384
15.6786
11.7476
13.4593
12.0735
11.873
15.8113
5.34638
10.4022
1.16264
7.09217
11.4449
6.16314
12.4529
14.0443
15.0552
16.2162
19.9836
8.77666
13.9444
3.71716
3.00242
19.5693
6.60663
10.3186
16.7056
2.2395
3.67456
11.1037
11.3755
13.9837
8.09408
11.7329
17.3924
11.7407
5.35746
9.4376
3.4981
9.71389
17.6595
9.6271
18.4645
11.3118
11.7861
15.1289
2.14216
15.3093
18.0322
9.74887
17.5537
10.8582
9.97691
15.294
7.08143
1.03566
0.775683
1.07961
9.85904
0.285841
3.3199
18.0539
15.5669
17.9846
2.08911
6.95909
4.37636
4.35491
4.74399
9.15406
1.85571
14.7323
16.321
16.0518
3.63611
15.4694
18.8921
11.9649
7.55327
16.0241
18.3655
15.4914
3.15537
3.87421
5.8015
2.50406
6.25103
1.8819
2.19825
5.57527
18.6238
8.93475
17.8615
0.112452
3.17281
10.567
0.706963
16.1883
10.1909
8.39918
2.44406
7.88873
1.95137
6.78546
10.8278
10.4927
1.42868
3.602
17.0539
17.8804
1.94523
12.6166
0.115776
8.07476
16.5352
11.3106
14.8135
10.1774
17.5321
5.34331
17.7314
12.7955
18.6803
17.5508
2.98037
4.91881
14.6705
1.1952
13.302
9.52264
17.8994
15.3066
13.4594
14.2965
14.0768
15.1141
9.52335
17.4484
5.53576
11.0558
8.99291
8.62648
15.0012
9.3297
2.06116
14.2411
15.3256
0.731732
4.56864
19.1672
9.84004
18.4168
11.107
5.81827
3.73198
1.09297
15.3359
13.8714
1.8938
18.9021
14.0586
9.46928
19.5074
11.9752
2.63307
13.4102
1.58759
9.84683
0.572679
13.7721
13.7022
16.7596
6.57623
18.4543
9.02294
19.109
10.0324
17.0233
0.182415
1.86759
9.11321
10.077
9.36469
5.8979
12.9577
7.37778
2.48982
6.24562
15.4944
7.43287
3.12286
8.16282
3.38528
7.63961
10.5397
2.56621
18.4992
15.3525
17.6854
9.20771
6.65443
0.214709
9.20398
6.89755
12.2554
9.58879
9.49737
12.8276
7.76708
3.78914
9.36123
3.26974
8.69768
13.8096
10.3108
3.96762
8.68683
16.7557
12.6289
4.01768
8.09817
8.72291
14.8594
18.0249
1.78418
7.18536
1.51575
19.6214
7.01941
4.27807
12.2806
6.84903
0.765836
10.3017
8.10219
6.12882
17.0728
5.46274
15.4761
15.9658
5.45667
7.77207
19.3339
9.33315
2.13044
13.8023
11.2151
5.53939
10.9049
17.8639
14.7141
16.7051
16.8323
8.23151
10.8877
14.129
9.62693
6.66034
17.1249
11.538
3.25339
13.743
4.32681
5.62374
1.03814
12.6932
3.22394
4.00639
5.11791
1.69963
3.15189
12.6072
13.9392
15.6155
17.4956
9.79701
3.33801
7.64756
2.18155
17.0228
1.36062
17.9158
8.66332
14.8961
6.96054
13.8502
14.1395
4.62498
11.4709
17.8501
1.40258
4.87519
9.39877
11.3066
16.698
7.5174
15.2366
15.7721
9.80931
16.4285
17.8723
11.4495
18.2511
13.3443
8.05403
16.3876
11.5199
16.1261
17.7584
14.7996
18.3563
3.5983
14.5425
12.701
5.0184
9.52067
1.15453
8.46057
19.4309
11.3239
2.81036
2.92506
3.20872
1.89908
12.4
11.0254
17.3851
6.84194
16.0599
10.7926
15.7424
2.20753
6.98119
14.4829
17.1258
7.57059
18.8217
4.37322
3.62841
4.53187
9.24811
6.55338
16.0299
12.6103
7.42586
15.0062
0.230435
7.42761
12.9981
7.87875
2.30029
13.5408
2.4139
12.8744
19.7314
14.7901
10.0323
11.8083
3.73288
11.8935
11.1319
10.1327
6.2619
16.6508
17.3298
4.9804
19.0097
3.78218
3.27699
2.96897
6.31071
15.034
10.7114
2.81715
4.54525
16.6704
18.7223
18.6535
0.960907
16.516
6.26935
4.89164
6.57559
7.5746
8.58779
17.3986
15.8031
15.0704
1.25492
12.2756
6.20474
18.7066
7.89418
7.07296
5.49595
8.61527
5.58804
1.48676
12.2145
4.95418
5.3666
17.5487
9.10616
14.1283
0.214872
10.6053
14.5658
6.7916
0.356344
12.4106
8.6913
2.10449
10.4602
8.07568
11.5637
12.0196
18.4085
10.9609
8.67015
17.5206
2.08031
5.36162
3.30941
9.9765
7.7546
11.1656
6.05606
16.7223
6.0773
12.2575
19.1494
14.5087
13.042
15.6165
2.35034
5.51562
15.5479
1.18474
16.2401
18.3122
9.24968
0.0436709
8.08561
12.1993
11.3727
4.52915
4.66448
8.58454
3.59312
15.8617
10.8297
6.91613
6.8319
4.97665
18.5919
16.0245
16.6054
7.86025
16.8437
19.7093
9.34677
19.3294
12.0856
17.7549
8.04294
8.44716
12.5496
15.2393
1.21312
5.46013
14.0246
3.388
0.866368
3.51391
8.20049
0.0847246
5.59557
9.19117
1.21044
19.682
11.2403
5.96334
14.5063
19.2908
18.188
19.2828
17.9523
5.09441
15.8711
14.5281
19.1291
16.7729
0.9776
14.9989
3.46452
7.26806
8.27802
6.07617
14.8153
15.6526
11.3566
2.29242
3.76478
13.5525
4.90635
13.946
3.78583
15.97
15.162
16.75
19.9801
6.46708
3.10554
9.02242
3.14826
18.0564
10.3549
16.4476
7.73224
10.9498
5.58539
3.66447
18.3554
14.8457
6.6724
8.0555
17.2483
8.44718
11.8587
5.23425
17.9282
3.49637
9.57049
7.56703
11.5475
11.8795
0.656746
4.92944
19.5247
13.3973
13.8654
14.9855
8.85136
17.0142
19.2722
3.10539
7.75061
17.9162
11.499
8.95211
9.6245
14.7597
9.34819
9.99461
9.94905
7.06416
16.3135
13.157
8.34349
7.51786
5.67122
0.45432
7.3245
14.3642
11.1227
8.81523
12.1925
12.861
5.30357
12.9694
18.5799
2.40191
8.69757
4.21917
15.7726
1.33938
9.39271
14.2907
8.49327
17.0623
7.97631
2.55115
2.39094
10.9182
18.333
9.55134
15.1492
3.10802
0.567868
2.61648
8.22141
9.04246
19.7294
19.5639
6.15742
4.99228
15.3692
3.19758
14.4301
2.89139
17.3515
2.2455
17.9245
9.28415
2.36208
7.61203
8.98731
0.661163
6.51086
2.53502
9.24989
15.1952
3.08675
3.53863
0.585448
18.0717
15.5602
10.7852
1.4791
14.6873
13.456
2.82494
15.8359
2.05762
11.8102
13.0835
0.162991
3.11263
13.2497
6.19989
8.80979
18.3314
8.66392
15.6641
11.2534
3.91594
6.34153
19.4245
17.4361
11.1177
7.93813
14.6963
8.37625
9.30361
15.3452
14.4247
5.05237
5.10264
6.19825
15.6058
18.173
5.88558
11.4323
17.9246
6.7938
13.001
18.8833
5.61189
18.4006
13.2609
0.673696
8.64793
2.60608
7.29364
0.776366
2.03404
11.2746
16.811
2.04431
0.39705
8.10496
17.9261
1.75329
9.10335
19.3342
17.1824
0.664631
4.96548
0.210436
2.93345
0.252054
3.25218
3.61678
11.1047
7.89283
16.5979
11.5343
12.0746
12.7515
16.8744
16.7943
8.71539
6.42369
12.0078
7.34748
11.7651
11.5659
8.69994
11.8434
7.47383
13.27
18.5595
19.0645
16.2448
6.91333
12.064
3.35739
10.3094
6.88568
17.696
1.4796
13.6813
10.8468
18.3811
3.52842
16.3012
5.64055
4.3379
0.881132
16.7916
13.3115
4.95038
16.2081
9.89031
5.28899
4.63833
1.34393
5.30658
13.5748
3.63471
9.36869
0.297103
18.9319
1.32922
19.3413
10.0899
12.7434
5.96319
19.3356
3.16859
15.9486
10.7354
10.7227
14.5927
10.4143
10.6222
0.51947
8.82395
2.69871
3.16597
9.45766
12.8112
6.69437
17.3854
9.64958
8.28706
7.25721
19.6347
3.21962
14.1332
3.0798
15.3887
11.1663
11.168
7.76292
12.6475
9.79399
13.4959
15.4016
6.67082
9.72065
13.7803
9.78634
13.4664
7.40373
6.02258
13.1685
14.6422
18.5294
15.1561
16.32
1.76486
15.9153
14.0384
5.22238
6.98273
3.73068
18.3707
3.06618
13.2955
1.02222
8.12127
7.20682
9.77403
8.32437
5.77926
1.94288
11.8769
3.7583
14.558
19.266
3.60378
11.724
18.9482
3.38851
9.11524
14.2352
6.10973
10.1489
13.6355
3.11187
10.7843
14.8256
2.7398
16.6429
6.01339
1.5151
4.2807
15.0848
0.747372
13.0948
13.8964
18.1217
11.3057
1.51776
4.38216
5.72338
0.666624
8.215
11.7251
9.91088
18.9137
18.6559
17.8665
19.9165
3.52331
4.54583
14.7441
10.9632
17.904
9.90869
17.6397
18.1491
17.7748
19.0616
18.6964
19.8381
0.583723
8.56902
18.6769
1.35915
14.2926
2.2307
2.67435
15.6733
19.4261
19.4832
12.3419
17.3214
3.43586
8.21691
3.01749
15.968
1.52044
10.1142
12.3161
18.4537
10.2074
17.9652
3.88566
14.1624
8.43824
3.70366
8.24977
17.7177
9.99797
2.7166
9.64574
7.49315
19.8299
9.3978
3.52779
17.3071
11.8939
0.927437
13.5666
8.29021
8.8666
1.40302
19.2074
4.45866
16.9565
1.43072
10.6003
16.0317
8.38804
19.1617
12.2014
18.4605
9.96654
1.60192
2.58656
8.69029
10.5419
18.2895
19.6691
14.2841
15.3284
13.7585
17.4314
11.4489
19.0572
4.80036
15.8114
4.62492
3.66642
14.7802
4.47479
13.3512
10.4852
13.7165
10.4742
16.7354
0.597168
15.5693
3.71811
11.9129
12.1847
12.1149
16.2581
7.4588
11.7151
6.26727
5.1728
12.4668
7.11618
14.9822
1.03749
4.84635
13.3847
5.42465
11.4515
14.9091
6.879
2.19979
3.36335
10.4597
3.7882
16.4024
0.426607
19.9728
3.15993
9.97553
7.72849
10.0378
9.98028
14.4893
4.04612
0.572283
10.4071
10.4615
3.41046
11.4319
4.34977
13.5097
15.8578
17.0781
7.52119
9.03903
13.078
14.545
2.45777
10.1132
1.17859
3.21891
6.53859
0.26438
17.687
19.4141
6.64958
16.5998
6.41529
12.4175
4.81797
17.029
14.2007
6.0678
7.15891
16.5853
2.41743
16.7864
6.98057
8.66551
17.6808
7.55073
7.44363
9.72907
13.1875
14.183
12.5712
16.472
15.4357
15.4808
18.7164
18.171
12.9606
10.3107
15.3035
18.5534
8.84151
13.0664
13.3279
19.1741
3.02312
4.68217
15.4514
17.2958
1.11342
19.7425
5.99117
19.6615
13.5997
12.8624
2.92645
2.06068
1.06009
3.67755
6.02482
8.25979
10.6961
3.54259
6.99456
11.8085
1.72949
19.0298
14.9291
0.487986
5.3091
15.4802
2.22296
12.6097
2.71109
15.8218
16.6702
7.78389
19.0504
7.81052
16.8166
11.8287
17.8382
13.8374
5.67795
12.1741
15.9837
7.09821
16.688
10.2212
0.498629
9.62652
5.18087
14.2829
2.96662
6.51723
5.94521
14.8277
19.1115
2.19549
7.32238
15.5294
6.79018
8.77045
4.75851
12.0224
19.329
18.129
17.8631
15.8386
8.00219
7.65274
8.03216
14.9211
4.35492
9.51531
3.86169
5.06408
3.48217
15.7887
18.6097
13.2576
8.84657
1.5209
14.3176
8.95251
10.3595
2.70593
12.0183
15.3988
6.12038
13.6455
4.46615
14.8622
9.54649
0.270279
7.28227
2.10598
9.1345
7.99291
7.55277
2.46235
3.09198
3.83908
17.301
11.9039
14.7333
13.7385
3.54633
0.607044
17.8233
5.3748
4.74693
2.03213
16.7789
16.3177
10.3604
11.166
12.7394
5.88084
2.59013
5.05059
2.66961
1.44401
3.68852
18.553
8.24954
17.8504
8.71576
0.236065
4.68904
13.8619
5.74916
17.4307
16.049
16.5078
5.91259
2.66775
11.417
2.22059
0.600769
7.34929
2.76444
14.9241
14.7703
10.9274
3.17084
18.1492
2.05232
5.16587
17.9025
16.9652
5.86599
9.37888
14.1793
18.7894
12.6722
18.7058
7.61183
7.33584
15.0333
8.43107
19.7328
9.2431
10.3824
10.5872
4.5261
6.76255
13.1897
14.4447
0.455695
18.3392
11.8746
11.6387
6.70942
19.0754
10.5213
14.1583
6.80017
0.464364
13.6584
7.07006
3.28751
8.11204
19.4299
5.90927
18.5981
5.1638
10.0361
11.278
16.2839
10.0313
9.05364
19.1868
14.2619
2.9229
0.695472
17.0477
4.59073
4.08655
10.4767
13.4398
0.621677
13.0396
3.20325
13.5552
10.8277
13.1411
3.80644
7.29387
14.9504
7.49546
1.19823
15.6148
9.62272
4.38369
10.5132
4.61971
1.0516
18.3206
17.6545
5.39756
16.5794
2.05859
13.6854
7.22797
3.04524
10.2208
16.6981
11.3428
12.5994
18.9794
8.50456
0.133711
13.2707
10.4385
18.7934
1.87425
13.051
6.54373
10.9178
0.685935
5.19736
2.20873
16.9471
3.54765
11.6748
17.9084
2.6416
18.8664
16.3972
2.5294
18.3645
11.4157
6.25584
11.2384
17.8293
5.97389
5.24771
13.8805
0.286572
9.34096
8.70575
7.57227
16.0032
7.16248
2.22646
8.64796
9.32422
17.211
8.29799
11.9729
19.5677
14.3446
15.0676
9.16686
17.1853
14.5539
4.1841
11.6742
17.2325
12.4856
5.92329
7.10043
11.1882
8.54009
0.108169
19.234
2.13069
17.0778
16.9512
13.2901
16.3028
2.13169
4.94464
14.6316
8.97547
16.4331
14.9126
0.335231
9.78418
14.831
19.2223
3.55926
2.59206
6.73451
5.52429
0.500848
9.82953
17.9676
17.2349
13.5266
8.03486
13.2857
0.332899
3.64149
7.74939
3.5007
2.39564
14.3095
19.7738
9.97143
9.58123
6.37736
9.96459
4.75831
4.66694
15.1148
18.6332
6.24581
7.23123
10.3578
17.5053
3.76883
12.4658
13.5453
11.8248
7.72852
6.37178
18.8921
11.7263
11.2199
7.73735
14.5875
13.6723
8.19622
9.02217
11.4857
7.69588
13.6486
19.6334
12.5708
11.0904
3.96282
6.42533
12.9235
6.32903
12.2575
14.9384
7.78171
4.30079
15.1624
16.0913
2.9309
8.7384
6.40645
9.13961
3.22561
13.2307
10.8682
13.8968
7.03536
19.4859
1.58014
2.34904
10.6643
1.82387
5.63141
7.26014
9.34645
19.8
6.04293
9.82564
6.58085
3.56298
18.7158
15.9064
11.2426
19.8703
4.37119
13.7622
17.9947
18.5981
3.91237
10.0766
4.38712
17.5217
16.9643
10.0934
5.29725
14.0788
17.7073
6.3221
14.6221
17.2085
13.1232
12.9613
2.01948
3.60051
3.22788
10.062
4.27363
5.85167
9.08842
1.06917
18.0431
9.00544
12.1023
5.42078
13.6113
19.6284
6.87284
4.40891
17.7026
17.2558
12.8415
9.47362
12.9074
18.8077
5.07581
10.6063
5.33146
