12.4549
18.0638
8.45283
9.85922
19.0481
8.8844
18.6813
9.48224
1.42025
9.40688
13.9471
18.4496
13.1897
13.4613
10.7801
7.30934
14.1853
6.57661
9.54894
19.2261
11.9239
15.759
17.9069
2.79165
7.42438
6.15987
1.03263
1.50748
18.9506
18.7854
13.8163
3.22037
3.36819
1.65217
15.5061
3.64542
2.09067
0.489408
17.5759
7.56182
0.577707
15.4823
12.414
4.12197
8.61416
8.07694
13.7372
13.9879
8.63223
7.79186
15.7283
2.90574
12.8575
6.55293
9.34893
17.2676
10.3445
3.89895
17.0479
17.1299
5.06287
9.64642
18.4647
14.6227
13.7446
5.2361
13.7825
14.2403
12.5992
12.1503
14.6791
1.73935
2.90066
12.3852
12.6895
9.63443
18.4776
8.63123
15.4558
4.55017
3.30088
19.2458
3.96337
13.296
0.496065
12.4596
19.872
1.77186
6.235
14.7977
4.79916
12.7375
14.0575
12.0065
6.73804
2.39285
6.98326
5.12609
7.18957
3.82496
7.30263
19.6525
13.6359
11.6518
9.30128
8.26645
11.3168
11.5714
19.1135
4.21553
10.1471
15.1383
