10.996
5.0932
7.12381
6.95717
16.2037
18.4214
15.1405
11.0666
18.7017
12.151
9.14868
19.9345
15.9047
16.28
1.69775
5.22035
0.416143
13.8976
15.5035
7.50959
6.17793
3.28723
18.1187
17.5468
5.32042
7.17543
0.112055
10.3696
8.21009
3.83577
1.54518
7.32696
19.2515
4.33478
9.27624
16.6132
14.1598
3.7239
5.75811
9.2049
15.3556
10.4546
2.53392
15.9847
15.2084
5.56874
0.675062
6.09511
0.673116
1.43652
10.2823
11.7679
11.9219
2.82083
17.1255
11.9995
7.1387
8.18843
10.6206
12.7628
0.776984
1.92303
16.5932
14.2001
12.2216
13.3582
19.7196
1.73604
13.0823
2.00574
8.01236
1.95006
15.2083
4.93253
5.95653
11.505
19.6906
10.0366
11.4749
13.2672
19.1154
5.38496
9.41392
17.1359
6.60725
17.5625
1.31605
7.94578
10.4529
17.8201
7.67373
12.9878
17.5808
5.49724
0.479849
3.02654
15.5268
10.6995
2.75876
2.78771
5.03483
5.8693
10.1465
19.3454
18.1245
12.8258
16.2264
17.8184
10.0622
17.0106
5.30855
14.7569
5.21566
12.3609
16.7954
5.33713
12.057
17.2106
12.5774
7.52174
0.629336
4.24583
12.5939
8.31167
19.907
10.648
16.3491
15.0662
1.84863
8.07261
4.29135
8.02935
3.89734
8.91294
4.20767
1.09223
0.751267
11.6089
15.2954
13.1871
15.5743
15.0846
19.3922
4.46335
16.655
10.7685
4.8207
14.0606
18.1946
0.0752461
2.64974
14.1838
18.6803
11.4581
4.01516
14.6099
16.7826
2.85126
0.350441
10.7221
0.223572
13.593
3.66829
18.4006
12.6815
12.7729
18.6283
10.2405
16.0665
3.18415
18.4874
17.2079
3.63666
17.9565
2.30164
2.68178
14.364
10.0153
3.60755
10.4675
14.5419
10.9313
15.9313
10.8192
14.0096
8.35879
15.256
5.35997
1.34043
2.45753
13.4308
6.03571
17.6799
17.2278
0.731434
12.5745
17.8927
5.21686
7.63389
12.4128
5.366
8.99842
10.1607
15.8569
4.2997
2.77687
16.8261
14.3086
8.63468
17.5935
12.5477
4.13845
0.62729
18.0726
10.2296
6.32042
14.6354
4.0665
5.95831
17.6143
3.87111
17.6581
4.08803
16.3209
7.71096
11.1167
2.22591
13.0801
6.63304
5.81434
2.07024
11.3253
18.6134
9.07977
2.97762
2.09915
4.76111
0.913915
2.41183
7.21707
9.80965
14.5667
7.72336
17.3583
18.1277
13.2814
19.5463
1.44439
10.7391
16.8894
6.21055
7.5035
14.9273
4.9594
10.889
3.73871
16.0441
19.7544
2.29328
11.0834
1.06169
1.82418
8.51596
19.3203
5.76438
1.83566
6.02963
16.4421
15.8153
13.8535
16.1093
14.8383
16.1792
17.2438
16.3586
3.37743
13.0088
17.9165
19.0002
16.0815
5.74579
16.046
11.1231
9.19415
8.29999
16.8759
16.8776
9.99009
8.43848
1.68682
9.43005
17.4682
17.4844
7.14655
8.51372
19.9677
7.3768
18.314
11.2588
14.0195
4.32725
10.8578
8.05228
5.20879
0.163056
13.7945
15.1366
0.346073
1.41924
9.77006
7.9114
7.13663
18.343
12.6168
2.03087
16.512
14.5896
3.4442
13.2477
11.1223
1.63887
16.1465
13.2862
12.2779
11.5262
17.7812
16.7648
0.359081
10.4888
13.6087
9.44512
0.258379
14.428
19.658
5.88587
1.29039
17.7741
17.6437
11.3959
19.1831
17.6221
4.12769
11.5723
14.249
1.65246
10.2939
4.93589
5.68125
16.7099
13.3882
14.0329
9.78322
10.808
5.20999
5.11927
11.732
19.9693
16.0967
1.0092
12.5716
18.7121
16.1888
8.39813
15.4742
6.84505
2.4331
13.1639
6.70474
11.7019
0.0798738
3.98262
10.4014
7.17788
13.4963
8.23992
2.52143
18.1794
15.1754
2.23041
3.15027
7.33861
2.44407
14.2959
16.3758
3.03793
19.7506
3.08546
17.0148
9.97379
7.02784
9.03869
13.9314
11.142
1.65658
14.2352
16.4576
17.2535
18.2612
2.94215
16.3193
4.89147
1.17632
3.86454
1.00226
12.578
8.61991
2.76908
4.87932
2.49807
17.4575
4.38821
15.3706
1.85764
11.1527
8.11789
9.27191
11.935
3.99615
7.52421
10.7952
18.1929
16.0462
3.88775
5.69009
14.9303
5.06904
4.40691
5.71299
1.2548
19.5881
11.85
10.3779
18.5424
14.513
17.2251
17.7224
4.07799
19.9153
4.44156
17.2311
2.33508
6.03995
12.2488
4.00262
4.11118
2.99535
6.63064
14.0977
7.07284
12.6887
16.4996
8.20995
6.91514
12.8085
13.0477
11.5506
17.6633
1.85812
15.4774
14.9111
3.95229
7.77336
8.62833
3.15564
6.73765
12.0286
4.47647
1.56686
12.0428
6.05754
15.3563
7.6127
15.0604
15.1641
12.1622
9.41728
4.97296
3.1968
13.6277
2.28919
8.90972
3.97097
18.6808
11.798
4.49808
12.3409
7.0886
12.0227
4.91016
9.32977
11.7862
6.40045
8.2887
13.9364
5.13212
19.1325
11.9488
19.5336
3.92975
8.87758
2.03313
4.25035
2.0552
2.34152
6.04568
15.7472
8.52782
16.1959
6.15748
3.43797
17.2098
16.9187
3.96365
10.8642
3.94909
0.439755
8.5362
0.332937
10.2169
10.3257
13.8768
6.37637
9.93602
9.22801
15.4536
9.29532
3.81332
0.353738
15.6109
3.02944
16.312
7.9835
9.56464
16.7225
7.02673
15.3526
11.4976
2.97336
11.5837
6.28486
11.673
5.74377
16.2122
5.10394
18.5159
11.2845
0.258669
18.6821
3.96813
8.43381
19.523
2.25673
1.54585
12.2814
18.9343
9.5422
13.9938
4.96186
6.74552
17.9524
3.51795
1.8282
12.0104
19.0293
10.9474
0.337595
19.8217
3.13033
11.3063
7.57861
8.61492
1.21683
16.8146
3.0006
5.34135
3.10795
15.0352
2.96516
2.6038
19.1558
12.4681
5.97156
3.5074
15.133
13.5764
2.70488
9.28493
1.78935
12.0197
17.9625
11.3698
19.44
5.64851
7.19799
7.60105
18.2945
14.4932
16.8891
8.5535
8.81947
10.0391
17.4647
8.62867
18.0181
4.31608
3.51307
12.9631
16.3334
17.4436
9.66786
2.81105
12.8908
4.35259
5.10558
2.59511
2.71268
11.1884
1.86044
8.86083
2.07971
15.1148
5.21727
14.9135
3.41403
15.8104
14.2728
17.8571
3.78606
7.23597
0.789774
0.0328896
8.70826
13.5401
1.74549
11.9588
9.22226
8.04441
8.27493
18.0139
2.77485
10.1579
15.598
5.57267
13.6984
17.4257
12.2276
10.7896
1.13633
1.64572
8.72892
2.0611
6.91225
2.97117
8.79386
10.7086
6.67872
4.60386
10.5082
7.40342
4.29303
9.95198
0.924776
14.2405
13.9742
17.6163
4.12481
19.05
4.72789
4.60537
19.8049
3.45294
17.5434
0.581494
17.1086
7.35553
3.98405
8.20306
9.61243
18.4599
7.32284
3.89399
1.98788
16.8613
0.630712
10.4054
9.60636
17.4748
15.1205
6.34456
8.18579
18.0518
7.10945
6.20454
3.31846
3.58105
3.38077
9.38593
18.6602
8.64473
18.5455
0.297318
14.9299
1.39825
4.22364
1.48448
14.5637
0.347556
4.00781
9.92728
15.6072
3.49148
10.4007
6.17547
13.6561
5.55663
1.17614
15.5634
1.35086
12.5139
14.1695
11.9966
6.45876
9.62858
2.20231
12.3512
19.3495
3.51707
12.6497
14.5805
8.54101
15.4783
6.46596
17.8499
6.21017
9.84325
6.54188
18.5945
16.1704
3.26877
11.8397
10.9383
10.1933
18.0034
6.15605
9.41907
10.0152
0.086427
9.50255
16.6297
7.15368
6.9471
0.662406
17.5231
12.9528
16.4742
11.5328
12.8378
19.3924
16.063
2.54747
16.7659
13.4926
2.17017
1.65142
13.2346
9.99759
11.033
9.9592
14.8365
2.52096
17.6468
6.41618
6.98999
0.959137
6.75492
7.97057
7.70093
2.39602
8.39243
15.4497
15.0005
9.01586
5.78331
5.88842
9.692
12.1735
9.40644
6.47238
9.28537
6.36285
12.7298
18.3752
9.38102
1.34279
2.75142
7.08862
8.62366
3.79933
17.4364
3.72478
8.81479
7.75343
10.4788
0.379087
8.65447
7.89481
3.40429
0.90761
2.77732
17.6851
9.98531
19.9941
7.7439
16.1391
14.8071
13.8766
13.5913
