10.1946
13.1734
1.32403
0.211126
15.7371
9.43856
7.62455
6.74698
5.74903
0.445987
14.1574
15.5543
0.556672
7.37256
18.8124
12.788
13.919
6.5029
16.7733
4.52383
12.0096
5.56409
5.83442
9.30339
13.7528
4.44193
18.8718
0.563312
1.43705
2.11514
4.02644
10.1193
10.5784
12.224
1.1463
15.6466
9.62982
17.5259
13.0184
0.473132
15.6277
10.8348
5.57791
5.29607
11.6106
10.1053
18.9801
17.5637
3.10615
8.31212
4.19059
0.627506
7.71156
18.7169
12.4583
15.29
9.80406
9.29275
9.37174
4.37566
13.2576
14.6782
15.4516
12.6456
3.43195
18.8003
3.81236
10.2069
8.73597
15.3588
6.18515
5.04496
4.45369
12.3341
5.9909
14.4846
11.8692
11.8093
11.4955
19.0562
18.3184
15.0048
1.4585
1.00213
12.2023
18.425
18.4934
15.6838
18.2711
7.24923
19.3961
0.398247
14.7475
17.0614
7.77878
13.2799
7.90878
14.0486
14.5869
7.42703
14.8181
15.9555
9.61506
9.74152
17.8777
7.77716
3.72652
15.4536
10.1622
3.71728
5.39741
17.3725
13.3106
3.00852
9.90947
5.31674
1.31702
14.8057
4.05095
2.30858
18.1786
13.5546
1.6557
7.21818
5.80427
3.39868
11.0281
14.0931
18.3341
10.2788
17.8565
12.2694
9.84453
14.53
3.43445
14.4291
12.2145
11.4983
17.2633
8.88625
18.6922
19.3313
8.61921
0.100337
14.6595
19.7797
3.9035
15.9934
2.44808
1.6567
9.0706
15.718
5.54023
7.4347
11.5636
2.0381
13.4771
17.198
19.5883
17.0106
13.591
0.180976
14.3647
6.17683
5.79435
5.22172
5.12002
15.3399
4.26678
18.7956
9.16706
17.1064
2.3367
1.62824
13.3444
15.4365
3.39891
10.1969
1.4517
19.0194
17.1475
1.95736
12.7271
18.8025
3.45422
7.46768
8.76109
2.97754
14.2828
10.7784
6.29121
17.4489
1.08627
16.8642
10.4478
15.8498
9.95577
1.26719
5.91398
10.7147
19.7938
6.21061
16.4192
18.2825
0.323315
11.1032
0.596376
18.5345
13.1321
15.579
10.4769
10.8326
17.513
3.73465
7.83104
4.45379
6.61971
6.42811
2.72143
4.39145
15.1128
9.5471
9.92118
4.99575
5.13808
0.706108
5.7189
6.93448
18.4625
12.1673
15.1356
8.72783
18.7104
2.60231
10.1048
13.3742
0.934828
1.20331
12.7468
14.2123
9.16636
12.8653
7.45982
0.862075
2.86444
6.18593
7.15979
1.24073
18.5203
9.70171
0.226023
14.1029
14.4377
13.836
1.34912
18.1643
16.533
2.11816
4.31081
15.119
16.7563
17.0523
13.6591
6.72974
16.3087
6.28373
2.31932
4.08929
4.94568
12.1506
16.7063
7.64696
10.147
0.111215
6.2822
14.403
4.01629
8.96934
4.88307
1.02761
17.9555
13.2375
18.6653
3.0724
0.353184
15.48
10.6166
18.47
11.4238
3.02952
13.5303
13.8542
3.35619
19.6532
19.4606
11.9601
4.9006
19.3688
11.6412
13.7894
19.2666
19.7244
18.8705
14.2458
7.16085
14.4089
17.287
4.20527
1.20282
19.3605
5.02835
2.84209
6.63054
18.621
0.320356
16.0577
10.0068
16.553
14.7144
1.60425
9.52187
11.1416
7.87442
17.1928
18.74
4.96784
0.812411
16.6395
9.28752
2.27218
7.65603
8.86005
1.26595
7.42573
12.2741
11.1545
11.9033
8.36573
6.61275
14.6981
0.585765
11.309
3.10152
1.06895
8.82071
10.8227
3.79977
15.6663
16.0875
8.96353
19.4894
17.3922
17.1504
12.7214
1.54913
12.1205
14.7085
8.87834
3.89995
0.980304
8.54643
15.4458
17.9256
18.2977
6.98926
16.2182
2.75618
3.71624
19.4701
9.87918
12.5452
2.56984
10.8147
14.147
7.96252
3.65994
0.145576
2.25885
17.2432
11.1804
3.7746
14.4064
5.44948
10.214
2.86576
6.35065
1.6792
3.80355
2.46716
1.17619
16.6626
10.0578
15.2098
1.60344
16.3748
16.1526
7.88906
10.1769
4.25237
1.06199
6.38872
3.17406
15.6551
2.65613
2.59244
15.7857
5.12473
11.2451
7.53074
10.5731
18.9486
9.51898
17.3561
0.599766
12.2914
2.61491
16.0482
16.9655
3.10738
4.6382
3.02238
2.48484
18.3646
0.364936
11.9622
14.6065
3.16954
17.4201
17.3446
11.4198
3.20295
3.35744
2.43355
13.9606
3.61861
0.119324
5.98177
16.8413
0.188408
10.5172
19.432
12.3916
18.3999
13.3993
3.16269
7.25085
1.78236
14.4532
0.710864
16.3969
18.7348
10.1728
10.674
18.6432
6.45284
18.3323
5.58188
11.2977
3.91256
8.43991
16.3189
9.10579
7.11817
3.51152
0.875012
0.095694
16.0901
19.1182
19.7907
19.9823
16.3221
9.08774
12.5228
17.2694
3.36374
1.60365
1.88479
19.6424
18.1075
12.6771
10.6027
6.15833
15.7999
11.9626
15.6359
16.2599
10.8722
14.6754
3.76326
10.7412
7.48636
1.7843
11.2399
16.5597
2.35388
14.2553
1.91867
5.15818
0.772639
16.716
15.4059
10.4019
4.17791
2.71213
18.9231
18.802
8.35109
4.74545
12.1693
10.0721
0.379552
5.0548
18.0169
15.1262
10.8252
15.2419
10.1486
9.34322
3.65206
3.9629
4.88012
5.30499
14.1563
15.2228
4.8019
8.5858
16.8507
10.7474
13.9197
6.90796
8.12937
1.43533
7.35792
16.8226
14.8631
9.52359
4.99923
19.3414
11.71
9.25549
8.78754
18.6596
6.4935
16.3537
4.99827
13.6286
18.9719
12.0601
13.5414
11.4279
18.9367
5.8286
9.03827
4.6034
5.80599
13.2651
7.54478
6.10783
17.0032
15.0146
1.5616
12.9047
17.2212
6.87502
18.6342
12.9327
9.32902
15.2785
3.11706
11.2489
12.6492
13.5078
2.87453
11.7423
11.1724
13.6006
4.04921
7.84536
11.9372
18.7225
13.7521
14.1363
10.6593
17.8273
0.748609
5.50215
16.8198
9.5669
12.4534
6.82854
8.10529
7.56089
9.45471
0.614518
16.063
19.2809
11.691
19.3359
16.1887
5.86312
2.09428
11.6821
12.3297
14.6066
18.1253
6.98123
4.57806
19.6105
1.47088
3.6421
1.0305
18.6731
8.96011
9.67023
1.97938
4.02226
7.59142
13.8189
12.9743
5.57041
12.9846
10.3873
9.27016
13.5488
4.77027
8.06943
16.6851
11.3801
4.82837
10.4072
14.1125
13.0201
16.3727
14.8026
2.73111
7.23139
17.6367
9.41705
6.616
1.76336
3.51097
7.28847
2.6155
18.2272
8.17558
18.9167
7.72874
0.14814
18.0094
1.31904
12.5947
16.7446
18.403
4.9755
0.828659
13.2066
1.90487
15.2274
5.35351
9.50611
13.2764
15.7642
8.62649
3.21929
3.46547
2.16183
0.437315
6.01086
17.5599
12.4881
10.9314
4.82819
15.7361
9.00037
4.37758
11.6333
2.24108
3.35138
8.86183
10.2436
18.0637
13.7101
18.3536
11.0333
5.63648
1.96273
13.6215
2.39496
11.0793
8.62692
10.2694
15.7899
16.7354
6.72179
18.4712
3.39116
3.25757
11.9341
15.9048
8.6824
8.91049
11.0189
19.1874
5.33801
5.28406
11.4161
11.4034
11.716
10.6761
2.15143
11.2793
10.8168
9.26587
0.816643
6.11298
13.105
6.51901
2.58809
14.3373
2.21455
16.1403
15.4523
5.73376
0.553012
10.8731
15.0772
12.1561
1.0518
15.8188
5.95514
15.9257
2.64703
19.3012
18.2319
3.29273
0.710437
17.7777
9.953
8.3087
9.0386
11.6024
1.11806
11.2028
14.8502
2.13649
5.00851
10.7549
16.2975
13.7258
19.2263
9.92223
12.2567
12.2475
7.01601
19.5594
3.15752
7.81396
10.2785
8.08582
9.06262
19.7582
16.0027
11.5372
10.2792
1.42441
8.81138
17.8757
15.9083
14.4961
9.32624
9.12668
16.0673
10.7686
7.59498
17.7789
1.56307
11.5917
12.377
0.196145
0.0352923
18.4262
9.25501
17.5843
18.79
8.85462
18.9224
11.1008
7.58559
17.3726
14.7258
15.8825
14.6886
10.4311
15.6789
6.77439
4.29414
2.01246
4.04426
3.56324
3.51683
8.29558
9.50087
15.709
8.48386
0.368653
9.72796
15.637
4.86548
5.42884
8.49671
9.54555
1.98806
15.9564
5.62857
4.15193
2.29001
3.35202
3.82883
11.7499
19.5015
9.73322
19.7915
1.3556
13.8468
13.1205
0.352922
4.18972
7.12802
1.76911
6.74997
12.6713
6.25108
1.15841
14.6541
8.46945
11.8733
2.65413
1.69983
3.32042
4.19344
5.30828
9.42878
16.3286
15.3538
17.0305
3.65065
16.4797
9.67853
2.16042
5.31409
5.44645
9.03023
1.92576
7.5994
1.31854
19.8376
7.53039
15.2835
17.1298
12.8322
2.43767
1.41463
4.84476
5.40399
13.7088
17.7668
5.09322
12.7332
0.815015
12.8615
11.6586
10.1812
0.692576
11.5824
14.7321
0.166409
11.1993
2.04371
0.388296
4.25971
10.2833
13.8617
19.1027
18.9158
5.07694
3.06986
4.74332
6.49253
17.0543
10.1742
11.5568
16.6674
15.9053
10.4373
18.7746
19.1594
12.8707
7.39605
11.9492
13.6478
7.87548
14.0741
8.45746
15.5179
11.2324
5.19312
4.26489
7.37568
2.44182
8.61775
8.25638
6.86332
0.799662
1.25074
2.32513
13.6408
10.9195
13.0467
14.2335
6.74475
19.9993
6.18752
18.7967
3.34026
15.1692
6.29638
0.145591
3.26289
15.6301
3.50935
1.25015
8.93772
15.8917
12.2071
2.43201
9.52371
8.43459
14.4862
15.9386
19.9826
12.5095
14.5616
7.01954
9.19519
18.8391
9.96729
12.1403
14.1646
16.4114
9.42172
4.1335
2.63942
19.4338
0.674728
1.65528
1.02084
12.7947
11.6912
13.535
6.96233
6.62911
9.30836
5.95557
15.4918
16.0743
10.6926
4.25733
1.53834
17.8514
10.8109
0.716909
12.9154
18.7596
14.2186
5.67048
14.4454
18.4033
1.78568
1.03267
16.5901
13.4835
5.16777
19.6763
8.74297
13.5995
1.0639
2.6353
18.8717
2.58693
1.85195
17.7262
13.5693
3.14296
7.26978
14.7906
0.479979
10.6273
9.59131
18.3783
6.68404
9.69264
8.8188
18.1909
19.1324
7.12651
3.59918
2.70806
12.7403
3.6366
0.871317
10.5891
19.0071
6.04482
10.2848
16.8791
18.1636
2.53815
18.6092
6.10077
13.3437
15.3659
18.4975
19.2678
18.6236
2.95486
5.82457
16.0876
6.544
5.21013
13.9482
12.3353
15.7888
10.7503
2.28115
11.7039
15.1609
9.50288
13.921
1.27827
14.315
1.9393
9.1878
18.4765
14.0869
0.567636
5.38537
5.11716
10.6045
10.1523
2.32463
12.8424
15.3177
14.9325
3.33522
2.04739
19.2805
10.5752
5.40396
17.0521
19.5556
12.5087
14.4927
19.6612
19.7267
15.8549
9.70742
19.3786
19.1327
19.6309
12.1285
8.28497
5.7668
10.2064
7.60013
8.90108
8.67549
13.8682
1.81746
5.14381
18.663
17.8671
8.82972
0.168207
12.3796
1.79099
2.40697
4.70781
16.7335
2.26959
0.348999
10.16
7.02952
7.03892
3.88698
4.83934
1.77795
8.86044
7.57983
19.8441
14.2105
17.4168
15.2365
15.9939
8.9453
6.01834
14.8814
6.39014
13.1298
9.89872
13.8091
19.7893
5.75138
3.84936
19.2777
6.03927
2.02806
18.5256
10.3501
12.3552
17.4635
4.97245
4.77157
6.11814
18.5906
17.4099
11.9211
7.65941
0.0359604
5.74834
7.71605
17.7755
8.93163
10.6442
6.68217
7.65802
1.37216
8.35186
3.35284
14.0994
10.2999
11.579
5.72488
16.9586
7.68743
16.1524
11.5393
17.9208
6.55081
12.8572
13.7815
6.65057
1.06574
14.1783
6.57754
0.669116
8.06949
9.94572
10.7838
3.39728
11.5994
7.90169
19.044
8.83286
0.570345
1.05229
13.3111
13.6758
4.48733
12.6982
6.443
9.65882
18.0589
11.7134
9.1779
5.08749
17.4543
10.9871
7.21272
15.4115
1.50572
1.40321
19.9471
5.1081
1.52264
14.1501
1.25762
6.06106
11.8866
0.522492
1.99977
18.7216
8.19133
11.7403
18.8886
5.90835
12.9811
14.9741
15.8337
0.898091
16.6256
13.1801
7.8684
3.62677
13.929
5.62491
9.30843
1.90352
5.45951
9.11029
10.0985
2.41504
15.3501
11.8575
16.5013
4.84695
12.8191
12.62
2.27641
9.05727
17.0464
3.59936
16.8725
5.43018
18.7218
15.7026
3.28144
4.57732
17.7864
19.8095
1.7464
1.07845
14.689
7.10468
10.7561
14.3952
12.3174
0.998336
14.5525
5.24923
16.0716
0.5169
15.3345
18.0388
5.89477
3.75214
11.3659
6.65487
3.13925
4.62929
1.87034
1.01743
11.916
9.82775
15.8342
1.40609
16.7025
18.1773
18.7729
18.0934
2.07093
11.397
0.287783
18.5026
10.9967
9.54574
9.9714
16.583
7.15123
6.65482
7.05854
18.5507
15.9689
3.08365
3.25047
2.83668
3.98652
1.02331
16.2116
3.51025
18.5149
6.72911
18.9384
9.89515
19.9068
10.7417
14.3067
0.195575
2.66694
11.2211
7.27898
5.45675
18.7606
2.0171
11.6682
8.08753
0.869583
14.8363
10.5512
2.42311
6.47099
9.78939
6.95695
0.227732
5.02692
19.8229
9.35683
1.88011
11.8238
8.59047
5.74216
18.1355
6.43091
7.40912
10.0617
13.884
18.4704
16.8952
3.98674
7.42442
8.27146
1.00626
8.57367
4.38848
5.19733
1.15577
15.6893
16.3333
14.7611
15.8001
8.562
19.123
1.51844
8.6574
19.4018
5.24991
4.98956
12.364
11.6579
18.4848
6.7707
12.675
15.1868
5.39286
16.0421
7.77948
13.4577
6.69548
2.63284
15.4236
17.4484
10.1992
13.9589
15.8808
16.9789
0.423499
15.1825
13.5653
7.19717
6.33074
19.3473
8.19096
14.0913
1.51213
19.0836
0.238666
4.56111
11.6796
5.43873
7.78038
2.58027
5.88997
14.6865
11.2649
17.6076
17.1824
11.1808
17.2323
0.622359
2.03533
2.95013
12.6605
4.05437
15.7583
6.08578
8.61282
2.30626
14.9405
18.5637
7.85208
6.0491
9.64337
6.50451
9.19332
5.35978
19.8083
17.2285
15.5849
14.7397
7.06055
2.74499
1.96326
12.58
6.36113
7.51243
15.5162
16.2402
19.6368
8.48861
9.17193
13.3578
7.42723
11.799
11.9296
8.06748
17.6201
12.734
7.90774
0.888334
18.526
4.43954
15.6508
4.25662
1.89332
7.70163
12.2584
13.0285
5.60297
4.56271
17.0933
19.6373
1.27258
5.48473
6.06652
9.79148
13.186
18.3262
17.6313
7.44178
19.161
18.2811
1.26625
3.86229
2.15759
4.57182
1.20049
2.7528
15.853
1.12312
1.26202
2.59478
10.1124
7.09043
14.8132
7.50884
16.1153
6.71072
9.38218
8.40561
15.9593
14.1481
3.95423
12.274
3.23628
7.56603
11.7348
7.34764
13.7601
18.4801
2.82709
8.18771
3.82481
15.4116
9.93806
13.3506
19.9551
9.75649
6.62374
0.750753
7.08953
18.4862
17.4734
12.1825
6.78646
15.4139
8.72028
8.37948
16.5481
13.084
10.3357
16.2189
3.28914
19.8243
2.6711
11.6667
9.97426
19.8725
1.86722
13.7535
13.8627
12.6034
2.70455
0.167336
3.16681
17.6128
11.8513
2.36411
8.48717
15.8876
0.338936
16.8496
14.995
19.7145
7.41615
12.274
17.6116
11.8762
0.667525
15.375
18.8231
3.78771
12.6266
16.0066
10.3832
5.98976
15.366
12.7182
18.7869
10.6235
19.0912
7.2315
11.7116
14.0076
2.08362
0.72192
12.86
18.7782
15.3489
1.82139
4.70979
1.33127
7.99214
19.0102
17.0276
11.4963
15.3147
7.27555
6.27612
17.5858
2.25905
4.04009
2.44013
9.54522
16.2444
6.44281
10.656
6.09586
1.13791
16.4595
12.7901
6.33396
11.8387
0.409496
13.2215
10.8753
10.3429
17.7188
7.48508
5.05041
16.982
13.8404
6.27977
11.2163
9.94348
5.3284
18.726
11.2401
16.9898
14.3455
11.6247
12.4485
19.0168
15.9672
17.5508
12.3047
15.7903
9.44126
15.8978
9.2691
12.2186
9.07873
4.27773
15.685
2.76837
10.3025
10.7926
1.70318
1.93543
2.92108
14.8078
13
12.7474
1.5885
0.470513
1.09393
19.0674
5.57272
3.83235
4.20708
4.15005
11.3745
6.56249
7.78194
7.74093
10.3172
1.31414
14.737
0.562342
13.8723
19.9205
18.6605
18.3571
4.71815
4.63489
6.34631
18.2942
14.6085
13.8918
14.2915
0.173197
14.2443
10.6887
5.74785
7.61099
8.33357
13.3623
17.9243
15.0111
1.68723
9.26469
8.42802
10.9851
16.9383
9.89249
0.837235
3.36508
2.40728
3.51191
4.25418
15.9318
18.2257
7.0008
11.8862
13.6384
16.9116
10.3601
7.5378
4.89915
10.9385
13.5791
2.47987
18.4833
16.6572
12.9391
9.88235
9.87283
8.67698
2.85907
3.31103
1.42982
13.3523
19.0673
7.86328
10.5649
12.164
1.48739
14.4761
16.4502
6.13018
14.2389
13.4551
14.7685
5.99589
8.55859
15.3293
0.831152
5.64709
8.06288
13.576
12.5593
6.90304
13.0281
3.12482
15.5734
11.8021
10.0195
5.8687
1.56994
9.39132
19.2975
19.638
0.578631
11.4381
13.8541
12.0132
18.4765
19.5493
15.0262
13.6995
13.5191
14.6003
8.16891
9.54743
14.0503
15.0618
19.7011
0.675255
1.18752
0.79919
4.41051
5.27902
3.04281
0.629127
6.33059
10.1714
13.991
13.651
3.41107
5.52172
7.44092
12.1657
8.62994
7.96855
4.197
5.12651
9.80657
2.08933
14.416
2.51778
13.008
11.856
6.11276
4.34261
4.04169
1.26636
14.1696
2.01907
10.3448
18.8141
17.3635
14.5093
6.17991
0.171883
1.06274
3.83792
4.59386
1.81191
16.0641
18.056
18.4202
11.7515
16.4945
3.61733
3.05019
12.2863
13.8617
8.90013
3.41809
4.04307
5.15107
19.5426
3.6523
18.4809
17.9551
17.1862
14.1352
0.559829
10.0008
10.4514
11.7474
7.68985
18.2204
15.3489
2.71007
7.32888
19.0341
12.1723
2.29518
6.89632
14.1287
18.8283
18.8987
13.8012
14.876
12.5914
12.5695
5.96509
6.32376
5.21886
12.0187
6.64066
7.26794
7.17598
9.26502
5.70119
9.72527
4.33022
17.3941
9.81912
11.1125
16.1277
11.8287
4.31268
4.14742
7.15528
11.0474
0.390516
5.32288
12.968
0.842238
2.5761
11.3721
12.6102
6.06305
4.67228
16.434
0.517028
7.64808
18.745
19.3217
0.582414
9.62461
1.21211
10.1617
10.3962
9.77061
13.3374
10.659
16.7814
18.294
12.3968
6.1283
9.83566
3.41428
4.12438
3.20334
10.2663
14.8222
0.930502
11.0185
14.3803
3.5421
14.5523
11.9258
8.26629
10.0248
19.9836
18.5608
19.0382
10.4203
1.54154
0.382986
3.38478
11.8859
5.50659
19.9819
15.7107
8.66677
0.587403
16.1543
3.17125
6.20943
12.0918
8.04434
9.06378
18.7213
4.57478
3.13489
15.7184
19.3875
4.23663
16.3093
4.87669
17.2803
13.4909
19.4118
10.1347
8.67034
9.72346
1.15158
12.9187
6.97338
11.3121
18.5784
2.96123
4.97027
16.1692
18.0032
9.01324
9.67923
19.1731
14.4551
1.74879
17.6387
3.78487
6.21463
10.4019
3.69541
19.4174
6.8281
3.34186
15.8892
12.2609
10.939
1.3059
18.6324
7.02679
16.4711
9.40409
3.79406
10.3134
19.1858
8.56649
