2.63926
16.5022
15.9441
18.9848
1.47847
1.873
5.06726
11.5622
11.4986
0.268129
19.265
1.19898
16.6697
19.5103
11.7265
10.4942
10.0556
17.5008
3.13992
15.2181
19.913
12.8875
9.61278
16.3534
17.5751
15.1089
6.29325
14.9735
9.3759
12.6073
12.5419
11.9171
5.58627
13.8539
7.04667
18.5782
12.3266
14.3073
4.95009
3.79651
0.965615
9.17532
16.4861
12.8905
14.8607
5.78048
1.74771
3.05883
17.2475
16.0397
11.4388
5.04543
4.93187
7.09527
1.89058
1.88074
9.1045
18.0544
9.55657
4.07849
12.9464
12.1649
19.4065
0.550205
10.3317
7.13811
13.7544
5.85585
3.30776
5.11623
16.9699
9.89713
18.9039
1.10256
16.2237
2.58842
5.07321
17.1963
15.3805
19.6535
3.91325
3.2608
15.3264
2.77296
18.5615
7.73399
1.64355
10.675
11.0138
14.4306
5.64212
14.6262
19.8799
15.999
7.89469
19.394
17.5202
6.77841
11.3451
5.95968
14.1763
2.33822
11.4752
3.92981
0.836231
11.5889
2.48188
10.8286
14.8457
0.335813
7.14816
19.4894
9.51365
17.5468
18.2367
7.66637
3.75281
17.2266
5.29473
6.5744
7.37672
14.3054
5.43284
11.6689
3.47552
19.619
8.55867
8.71107
15.5981
10.4331
18.0678
12.2816
7.54387
0.601241
5.43934
7.68801
1.96908
13.4953
4.89113
11.8322
17.1403
4.5606
15.3082
10.6556
8.75358
9.59035
7.09937
0.0653347
17.8748
19.901
11.9357
1.05219
14.3994
5.014
6.70552
19.7167
16.5024
6.06271
0.894606
9.371
12.1128
5.28831
10.4267
14.9619
8.75859
19.2731
16.4017
9.33049
7.62281
1.94342
17.7489
15.6852
12.4515
8.07316
17.727
18.5697
19.6623
6.65176
2.38056
5.84935
4.70246
12.1705
13.4143
7.86461
13.6194
15.6704
13.5369
19.6033
16.1952
19.9578
8.86724
17.8794
19.1917
6.93685
11.8829
11.4471
15.1477
19.0209
18.9457
19.2376
17.8548
2.40854
7.81944
17.8249
4.90123
11.8078
14.013
6.25286
16.9694
10.4482
17.9892
16.1542
3.1045
10.2731
15.5894
9.22803
0.411266
1.46758
16.4724
15.0728
7.91418
0.658237
18.1058
9.77295
4.975
16.2097
10.8943
13.4206
14.2802
9.83986
18.3768
0.238903
2.80667
3.90027
1.82354
14.4478
8.91048
14.2284
2.12269
16.4408
10.4329
7.43467
10.7609
5.75928
12.5524
10.9491
1.89698
16.0426
10.8825
9.73831
17.3457
17.8399
3.72816
11.5858
13.165
3.23676
9.55993
1.42295
16.2637
9.07122
18.6415
1.31759
5.19733
10.0781
19.7031
7.52133
13.5753
4.86515
17.1492
1.71259
3.84241
1.61569
18.9636
0.624055
3.53387
18.2997
4.96519
13.6149
5.45895
12.8429
14.7546
18.0435
11.2261
13.6577
3.56604
0.510753
18.0468
8.30043
4.52301
1.1027
11.5006
0.512309
3.80095
15.473
4.97789
17.8709
0.526348
9.96328
1.0123
13.2819
10.3061
12.7936
5.73849
7.03855
17.8771
10.4859
6.02751
16.2761
17.5874
12.8603
19.1575
1.82557
6.98629
8.59392
5.76334
4.00075
4.62888
13.5567
16.6982
14.4486
5.86591
14.4231
7.06331
12.6741
12.8238
18.1197
9.9393
14.7147
2.7635
9.20992
7.92714
5.40615
2.28177
10.8203
16.371
14.432
19.0765
1.55508
5.23626
14.2903
3.44381
17.1449
19.0459
5.80286
11.6881
4.12252
0.647857
14.2367
8.97428
10.8213
2.88597
1.32174
15.2509
13.1193
15.6193
13.627
0.0204248
19.759
2.14942
9.74104
9.91087
11.1518
3.31938
9.63422
1.24339
6.87852
14.3842
6.90398
14.2073
14.8429
1.55431
6.58508
18.0689
6.89411
13.2453
16.0859
7.71067
12.6806
10.4392
17.4028
7.85642
2.67083
7.9132
12.7437
9.41948
12.1843
11.6977
9.82166
1.64366
6.86489
9.11398
9.50133
7.12444
15.0674
12.73
8.74958
1.39484
18.8587
12.5888
14.8989
5.38016
14.4534
4.50673
11.1117
1.73983
15.754
15.0517
0.167837
0.00329763
2.72926
9.4276
8.96054
11.8541
17.6624
4.88711
1.8308
1.48348
4.22603
8.59991
2.85377
15.5276
12.5113
13.0921
6.61435
10.6691
1.17921
7.07958
15.6724
18.9367
11.4256
4.00316
12.1595
5.52643
2.94333
16.5582
4.94836
0.680745
18.5685
0.0131117
13.2218
0.970478
12.9762
14.5889
9.00232
3.19796
13.6105
0.824311
3.44155
11.8719
8.04976
12.8968
17.2868
14.5475
6.41759
8.89881
14.1939
17.9345
19.0955
8.55169
15.4719
3.61082
7.39158
2.07958
0.621559
9.06284
18.481
5.79076
2.49334
