8.39124
14.7039
0.938735
13.2307
10.8784
13.8952
0.014989
4.60448
4.94413
3.32334
16.2748
11.0374
2.52411
19.6289
16.5936
2.07536
5.65431
0.171965
10.4378
15.2439
8.36585
16.4594
9.98255
10.9805
8.48279
18.3288
8.72166
17.9919
6.56935
0.156723
18.9058
11.3243
5.91479
1.38397
0.571645
17.6014
2.63123
0.756658
3.99391
10.881
17.4898
12.7661
15.9423
14.6496
8.74067
1.90232
4.93562
11.6271
13.0699
18.5922
9.36079
9.3849
17.4839
0.857863
13.2033
18.511
1.75568
8.60647
19.8209
3.20192
6.91139
14.8674
0.828518
3.23504
16.7854
14.4902
9.28445
3.38241
18.8506
19.3063
14.566
0.345094
8.09148
1.58308
9.15074
16.1109
18.0698
9.86061
5.94316
15.1642
4.04342
5.07802
7.39892
15.0251
9.18857
17.0249
18.2274
10.4165
17.3504
11.5745
9.48293
3.94316
9.0929
7.0903
15.6957
6.22189
10.2513
17.4034
7.9259
16.1577
15.8696
19.2905
9.50883
7.73636
3.70132
9.7007
11.7527
1.24278
12.8607
17.2009
7.15211
3.01813
11.5748
16.0469
17.6879
6.39032
7.42431
0.465103
1.39767
3.00705
8.00289
1.16347
11.7039
2.83442
2.17349
10.8609
9.74212
11.1706
6.45247
13.2265
3.18162
17.9291
16.8249
5.84526
19.6825
11.5395
14.735
19.2325
19.9856
1.36007
14.4706
1.57261
8.9595
3.30538
12.1893
16.3242
8.64731
3.04565
0.661096
15.6837
2.15594
19.224
13.8551
6.35851
12.745
18.2481
17.6676
11.103
3.33789
15.9727
17.5157
3.33795
15.0561
0.492393
14.8103
8.09846
11.2972
10.4075
14.6971
14.1008
5.32328
3.66789
4.35644
14.68
11.8597
8.461
13.3032
9.42776
12.7085
13.0942
13.9666
8.19043
11.4096
17.6791
16.7585
14.7712
9.611
7.81245
16.1325
1.73566
6.24794
3.46864
11.0692
19.4395
18.7058
6.45121
1.33697
2.51895
5.15209
16.0378
1.97831
6.64908
19.8501
15.7232
19.337
1.43914
18.942
14.3407
14.1323
4.09762
4.98239
10.8026
4.38472
13.1747
0.68768
18.2638
19.4242
13.9119
19.369
5.60872
5.25224
6.23329
17.953
1.52024
13.2711
8.81118
7.25516
1.33494
19.4513
7.71722
14.0787
3.42125
11.5776
3.40344
16.2756
9.81996
2.59221
0.321364
12.8494
18.447
0.0716669
18.6891
16.8929
17.7857
1.70518
11.9791
13.586
19.384
14.3371
2.72165
1.78791
2.89155
15.9291
5.54096
17.6736
2.40503
18.0964
14.0736
14.433
17.7499
11.0905
1.20372
7.66748
10.8599
18.4727
9.91913
6.68605
18.2448
7.19235
8.66106
19.3224
7.90062
2.04594
15.7069
17.3452
16.3807
5.78062
10.5211
4.89847
7.9116
9.71033
9.90843
17.3573
19.5645
5.48072
10.5391
0.309493
1.14281
8.4772
6.47448
2.6156
2.83403
10.1129
15.3865
16.8837
7.87632
18.1793
2.56693
13.151
8.46015
11.8783
4.29868
18.3728
13.8892
19.599
8.79582
3.85225
19.7674
8.04119
6.65134
4.68129
19.7888
2.14346
17.6607
7.54546
13.4233
11.3974
6.42351
0.312524
5.41218
19.9885
10.0459
5.09565
18.1508
1.55683
8.82304
19.4354
10.8051
8.72055
3.32171
9.53872
18.9681
19.0325
11.4017
2.92054
18.3418
18.6095
11.7195
5.24237
17.6175
8.84475
15.926
11.7881
3.95642
1.27277
19.3084
14.4838
18.569
15.7066
3.61978
4.65438
15.5978
17.8166
11.4311
14.837
2.22238
15.3044
6.94045
14.4774
3.65196
15.3842
9.88811
13.5655
5.93678
0.0367003
13.8329
15.4962
7.53452
6.40723
0.848859
4.06975
14.7609
2.69749
11.5312
19.084
10.8674
12.7265
3.97924
16.3762
14.9525
0.836394
3.89183
10.6268
4.29984
19.2788
18.4682
13.8138
5.19453
16.9112
10.541
9.75184
10.3162
6.21356
13.7141
2.31856
17.0852
14.7213
0.740152
5.18184
10.4675
16.0797
19.2585
18.2626
2.78883
16.2608
4.76564
8.68653
8.97561
12.3773
12.0864
8.15422
1.13681
3.46795
3.62799
16.8955
5.0269
0.479805
18.0171
9.07854
17.3643
7.0914
1.42854
17.01
3.48946
15.2621
13.074
16.5759
6.86391
6.31659
3.02166
13.0514
10.7011
14.0065
13.534
19.0162
4.55944
9.14117
3.64781
8.61862
3.61694
9.08694
14.1224
3.36906
6.80871
8.24472
14.2262
15.2564
4.02137
8.85996
15.6766
9.08031
12.3709
1.56049
1.8473
3.95066
10.0673
19.0668
4.63757
11.0434
0.390369
3.53257
17.3184
7.22219
18.89
9.68219
8.2236
6.90143
0.361411
19.3377
1.99234
17.6573
15.4654
6.01117
17.6592
2.83747
4.58804
19.0277
19.1818
6.26084
6.17043
2.04987
5.42749
15.6025
4.87373
4.65613
15.4775
5.32186
15.9787
19.1154
17.738
12.6607
13.174
8.51676
8.72156
7.74197
8.10931
3.71989
11.3373
17.6565
6.37969
14.0254
15.2932
15.2034
16.1618
12.4419
7.63336
7.31308
17.3721
15.0206
18.0872
13.2137
13.7418
3.1521
10.8112
16.1573
11.3835
3.99058
0.697462
14.7304
15.809
14.9742
18.1545
0.910218
6.94501
0.998464
13.6346
7.73312
0.718918
12.4932
16.8786
8.45647
6.06476
13.1694
17.9493
13.6711
2.58235
2.28817
0.610899
1.98626
18.7645
0.386371
7.17763
19.5788
19.9866
5.91528
10.5738
15.5315
5.48307
10.5712
9.0301
3.17659
10.7424
9.05871
16.3225
9.67174
1.66143
6.30007
19.5283
4.13994
1.65294
8.28541
8.0519
6.54873
4.06013
13.685
10.2349
2.4813
3.57639
15.6893
19.4946
7.30969
9.53702
2.95617
19.05
7.52396
6.51314
2.34473
14.9345
18.7622
17.0062
3.30766
14.4005
1.67125
3.40048
14.9562
16.9739
4.88521
16.9218
0.220188
18.5429
18.6833
2.23741
2.47069
6.25009
4.31451
1.46412
2.26414
0.241436
10.6549
14.3195
5.53853
7.93418
19.5508
11.6752
10.6927
13.1186
12.7543
4.47695
11.9421
14.8537
12.3597
8.18675
14.9766
13.1794
7.89065
8.59024
16.2829
2.02585
7.95311
6.06406
2.21726
2.93913
12.0143
10.5823
0.179938
2.50324
9.01762
5.02889
17.9225
12.2391
18.0669
18.5369
6.51876
3.95492
8.01904
1.22549
6.42271
11.9059
3.99952
16.188
15.1689
15.9613
8.73996
14.004
1.22808
19.3476
14.0687
2.46346
15.9062
3.20902
4.87179
3.58425
3.63334
16.9196
16.4439
1.5448
0.478478
11.7093
15.6887
5.05081
6.06781
3.00016
5.73923
8.17609
0.0558446
8.53866
18.22
12.3247
1.38606
6.49743
12.9214
7.10007
12.3092
5.79176
15.3354
16.8504
5.87504
4.26885
4.44512
4.60741
15.3569
0.793468
1.37686
14.9589
17.421
17.8444
9.4246
10.8768
9.3435
18.0825
17.0723
3.10964
6.15575
3.6526
12.3183
13.5273
0.462547
14.2583
5.79707
14.6907
11.0715
16.8587
13.113
5.27665
13.1009
17.0178
0.828771
1.2001
14.1247
9.71777
14.5596
18.7668
14.2814
17.4177
6.01746
4.28051
7.35275
0.393015
16.4404
1.69581
16.7043
5.18311
4.02474
1.61176
15.0315
6.78346
0.799623
3.34898
12.2653
17.7526
10.3794
5.19107
10.8932
0.534225
5.00766
0.11491
7.38778
11.6972
3.26167
12.5558
5.08682
4.91357
7.1897
9.65907
11.9294
3.9329
18.4312
9.26778
18.8706
13.7486
9.59364
19.2469
17.0608
0.306237
14.2635
9.12181
1.95783
3.00975
14.8315
17.3247
6.34284
7.74454
16.0116
4.74644
13.4755
11.6627
13.0182
19.4693
18.2279
16.0805
0.675635
4.09439
15.0965
13.6417
5.32383
15.5775
11.3269
19.9803
14.1391
7.20628
12.9332
7.55753
7.18442
17.2984
2.07635
17.7739
4.07157
15.238
7.56889
12.836
11.7283
15.2385
3.49443
1.59615
15.0634
0.866579
13.4883
6.30403
12.2837
1.43586
7.6205
9.39352
6.28898
9.2391
7.37274
13.8342
14.142
10.7099
12.8908
11.6118
3.81044
11.6174
10.9203
17.8379
12.0469
12.1398
17.0368
4.23318
14.6673
14.0878
11.6908
11.8753
12.2392
15.2128
17.1968
6.83441
19.5815
13.2854
7.3873
17.02
2.40821
8.54559
8.66492
5.69933
11.0565
4.96332
8.16144
13.5038
19.2918
7.39527
19.6639
15.7335
7.56696
0.979705
4.53241
0.520038
13.7781
18.1448
7.4284
6.46089
1.08692
18.1014
17.8836
8.71551
0.627074
3.12172
15.8315
0.563341
0.498919
9.14727
3.6657
17.4133
9.36907
10.4497
16.2113
0.305717
18.5773
10.8086
0.559418
17.9995
8.82365
19.2967
1.99462
19.1135
18.8355
4.69199
13.9007
4.82992
14.801
18.2675
5.60914
2.79888
7.77842
13.384
12.0806
13.9709
11.8384
13.2429
13.8338
8.94338
5.59046
2.33641
13.3864
8.4052
18.5305
8.60448
3.4279
4.27412
3.01489
0.295584
11.7898
11.3823
18.7879
3.24802
17.3402
9.59217
0.0819037
5.91553
16.3041
8.79817
5.10389
18.8324
2.93519
4.70381
15.1497
6.42182
12.9786
8.71892
2.65512
11.6231
12.4849
15.9314
11.4044
9.34998
11.0893
11.86
12.3435
3.06466
7.04951
16.2437
5.37799
13.8439
19.1866
5.26452
6.53233
4.92634
18.9859
15.9428
15.011
0.462491
7.21855
1.75953
8.62487
1.96536
4.90774
16.9909
6.11312
2.22297
11.5821
0.110242
12.2482
16.7152
3.88831
11.7178
12.6555
4.06652
6.22629
4.79692
12.4597
6.65126
7.72344
0.523655
2.62207
5.41886
7.76332
7.6606
19.9538
4.07963
5.40653
0.524036
4.64212
3.13335
18.6102
16.3125
11.9036
8.42858
5.11959
10.9361
10.2241
12.3048
19.0233
17.439
12.8495
1.84524
0.126612
9.39078
9.65021
17.4246
5.75021
13.4082
19.3965
7.07643
7.27802
1.51692
6.06683
13.8698
17.1643
8.80191
10.1874
2.98608
13.6116
14.5865
4.36341
3.96674
3.39271
16.2398
16.0582
17.426
15.7797
6.36972
15.6683
10.401
17.1874
4.13316
4.4971
19.0014
8.59322
10.9799
14.4277
2.93105
13.9209
4.33362
9.76102
2.89933
4.66113
17.3671
2.60323
9.81464
14.2668
3.02628
18.3087
18.8642
5.33137
0.194061
12.1488
3.52293
6.12064
4.38995
13.3439
4.39862
7.04099
19.2602
11.6859
14.9143
9.12548
14.1011
17.2199
14.2436
14.2093
16.8878
1.35116
11.9162
5.99454
0.0824608
2.38262
19.474
14.8941
12.5655
6.82052
10.0802
15.3003
10.8107
9.17056
4.9381
19.7162
14.0668
2.08888
7.96058
10.2471
6.02065
13.4679
18.9182
11.6868
5.21276
0.575078
3.08503
18.0446
7.57117
6.49055
11.8584
16.1478
12.0965
9.84796
6.62118
19.0991
11.4733
14.9246
17.6768
1.02192
15.5296
17.4807
2.40004
15.6463
9.98614
8.55124
6.52905
5.20437
5.0862
6.82397
19.6685
3.44351
17.0873
5.82615
9.19751
14.7614
3.31314
15.4382
6.96278
16.2492
2.13264
12.0251
13.4058
16.7695
7.18378
11.5895
19.6136
1.79306
1.79863
19.3418
6.06249
8.54545
18.7655
10.3035
11.921
8.09258
8.75744
15.4179
17.4011
8.24912
13.4738
2.8432
2.39728
19.8007
14.8808
4.05475
13.1518
5.60798
9.14563
18.9815
13.4145
4.44377
14.6698
8.56182
9.53885
13.4691
9.91735
12.7706
15.6665
17.4265
15.672
2.05446
13.2811
0.663863
13.7751
3.86797
5.15001
11.8875
17.5416
9.11112
14.0549
3.23235
18.8176
15.18
10.4752
4.66516
2.37124
4.84745
12.0172
16.0197
13.2528
12.5882
7.84111
11.1993
0.491622
14.5243
17.1167
0.320032
18.5765
11.1694
10.1638
9.06296
16.121
12.8289
2.46729
18.8563
12.0985
17.6566
14.8542
2.75643
5.4474
8.29329
3.85873
7.35006
5.86331
16.2407
12.5554
8.98023
1.84908
14.4895
2.3629
0.919969
0.757245
14.5846
3.76768
6.21801
19.433
13.7434
4.22846
6.80619
15.2521
5.89814
11.4967
12.4321
10.2652
3.07989
16.5358
0.347815
17.7196
0.108782
15.5115
16.6024
18.2846
0.245751
16.629
1.43242
13.6746
16.7311
16.9879
11.1202
7.64534
3.47495
17.9455
18.265
8.02921
11.5785
2.30284
15.7405
18.9616
18.4644
5.63023
10.5978
4.08422
11.21
18.632
13.2001
3.8774
9.79564
11.747
14.0366
0.191827
10.231
3.43611
10.267
13.065
19.6025
9.80595
13.685
3.63281
5.71554
10.8279
0.796286
0.983669
6.00115
6.47746
2.49908
8.95263
18.2992
8.0437
14.3744
17.0437
3.03273
11.8454
11.4223
3.13328
1.10845
1.12395
5.09131
0.330819
12.1455
18.6842
2.39582
0.13055
3.34746
18.398
11.1061
15.8594
12.5958
2.40319
14.4574
13.6616
16.9855
18.2119
8.70179
1.33473
15.8735
14.2603
6.96891
0.315705
18.2433
6.05386
3.09033
4.92138
13.5606
18.5337
1.43583
7.52336
2.32048
8.22914
16.863
16.1984
15.2818
2.95932
7.67474
13.7401
14.5293
1.25334
16.6285
0.966738
13.9484
14.8505
2.50359
5.14752
10.2807
5.99707
12.0022
17.9687
15.012
19.4214
5.10732
7.98574
16.0756
12.7168
16.3566
3.68091
0.294641
8.12569
6.94167
3.18783
16.0119
3.38143
10.2933
12.7413
14.8836
8.38929
12.5372
6.43292
10.0498
1.40204
10.9576
8.23234
11.3205
15.1286
2.05129
12.3803
8.28301
17.6437
14.2968
13.5763
18.6891
19.0712
15.4656
1.94032
16.4427
12.4163
14.0772
12.9464
3.00985
11.5848
9.68628
9.99778
8.90653
17.4405
2.42812
18.6102
8.09171
17.1385
7.40861
4.15612
3.7394
4.88237
12.072
12.6947
15.3193
0.926964
10.3152
3.7152
3.9686
13.7299
1.83883
13.8589
11.0407
3.40443
0.271511
11.2786
18.2037
0.748284
7.74956
8.16101
8.22272
19.5192
19.9516
14.9128
5.62286
8.46266
18.8491
15.1756
4.37966
8.5224
13.9316
9.00527
4.79692
6.08218
17.186
2.44029
19.8294
7.99944
18.516
5.05972
6.23757
16.2984
6.67852
0.215427
19.8292
5.05097
7.53078
4.88514
12.052
12.9481
14.4581
7.70851
1.14779
10.231
1.54703
15.0714
19.9131
14.7514
5.90083
11.5631
16.666
17.537
11.3891
8.1294
15.5572
6.85019
8.15871
15.7768
2.9659
1.82879
7.67605
19.7162
1.14291
0.721856
16.7633
5.49976
6.9482
2.42228
2.03762
5.69284
17.1849
13.027
16.8716
11.1379
12.789
1.37597
19.7056
19.5888
14.4395
14.6471
13.1556
14.4847
15.8146
13.437
2.24654
18.9476
11.7388
17.47
8.38377
11.9489
11.8224
6.82701
19.2575
12.7365
15.2073
8.99208
3.25422
4.81137
17.3477
7.27057
18.1296
11.8554
8.21237
2.46764
18.7098
3.24819
8.29256
2.87629
5.84967
15.7183
9.05661
0.463993
15.5999
8.54852
13.5059
6.57374
5.1906
7.44742
4.42022
10.7314
17.8306
9.85591
5.41041
12.7162
0.30337
15.6395
14.03
16.2628
15.3874
4.23455
12.8044
10.0982
6.35044
4.77177
9.67742
10.4307
1.99155
5.75237
14.6543
2.32416
1.52303
10.2457
14.9162
18.251
13.4215
7.92975
16.511
4.83936
7.65868
2.46555
5.37819
15.6488
1.01746
18.722
11.4824
19.758
14.3686
17.4346
1.73528
2.66468
12.297
3.56328
13.0309
9.35782
9.71667
0.587917
9.56076
0.884313
8.7137
12.8915
3.19154
14.8497
10.6609
17.7518
7.82652
0.869549
0.988556
18.877
5.5648
17.261
7.18786
17.457
4.11643
12.0455
10.1805
19.318
16.9807
18.0396
7.87685
15.086
10.5114
15.6761
7.14383
11.1627
9.30338
18.8894
7.47035
12.5308
15.5166
19.3995
13.2978
7.49486
14.3263
18.6291
13.6509
2.75287
11.5517
7.38077
6.42284
0.470101
3.1443
19.8407
1.46836
1.96335
2.29584
1.80969
17.4707
7.4657
12.0851
4.83106
16.3962
6.80975
8.27528
11.9567
5.32737
15.6383
6.67132
13.6948
2.13167
2.15774
19.7989
3.9305
13.347
11.5361
11.1002
15.303
12.5506
13.4537
14.6749
9.85757
0.0578243
5.19091
7.36178
6.34874
2.74989
7.7021
2.51048
9.67476
19.3066
10.4599
7.54637
7.67472
0.905179
10.3401
15.6477
2.61515
18.5394
10.0728
6.50604
13.9555
15.3841
18.0222
3.82717
14.1173
12.3771
13.4576
4.67773
17.2415
4.71556
15.7344
8.23388
4.33436
4.91389
5.7254
3.48635
2.50062
3.86487
8.07823
5.03583
2.03978
16.951
0.447907
8.47156
16.7744
14.4916
6.63369
19.7733
12.1924
12.6464
11.9866
8.56938
4.11198
19.5453
4.30615
15.1914
1.60177
5.54458
19.9104
5.54065
8.66367
12.275
4.65618
12.8119
5.20873
7.79647
2.11211
14.0514
5.98368
6.88479
9.99912
14.0264
9.57532
18.8519
11.629
16.8126
0.492351
15.9994
18.86
4.61147
8.47895
17.4751
0.237181
18.6672
4.48399
19.4837
2.49759
16.5291
16.2085
14.0693
13.9778
14.2222
14.1739
0.930024
18.0192
8.25935
9.44953
3.10129
0.64612
9.28505
3.35493
17.262
12.8738
9.73654
13.1052
18.3556
2.24996
2.88287
18.2465
14.8096
13.5483
2.24122
1.751
15.9448
14.3477
14.1505
11.1616
19.3573
6.10922
5.796
17.1299
12.7692
0.336326
1.75822
8.51946
12.2977
3.44573
9.16233
13.3114
7.67486
8.47725
1.27756
5.28781
13.0503
19.3391
5.00447
3.542
10.0412
12.6083
14.2884
7.82872
1.74166
6.56478
14.1855
11.8424
5.7175
15.8075
14.1731
19.2325
16.7421
3.21677
10.7199
4.4295
6.05842
2.4137
12.006
15.0095
5.67424
8.21445
5.51631
13.3649
19.9546
17.5048
1.34253
8.59424
15.866
3.5784
11.5768
19.529
13.1904
4.13807
5.56735
11.5426
19.9228
0.388993
5.24924
19.7605
7.44366
18.0779
15.375
10.7439
9.76933
6.77898
4.65646
3.57849
19.7654
11.8107
18.8644
8.59686
11.6087
2.04694
16.8478
14.2233
19.4547
15.0142
1.89287
12.6263
9.38695
9.95072
18.9247
5.55202
16.1057
9.92295
8.36419
18.6559
10.9866
14.2991
18.5202
16.1004
13.7077
18.5715
5.06028
18.4226
10.0762
4.70259
11.6051
11.2177
17.8135
3.3348
15.1934
7.34258
19.5589
3.65995
17.5077
0.165974
4.1145
10.9007
5.73506
1.94195
6.05711
13.7112
0.493754
15.6326
14.4807
9.73776
5.18068
15.8094
19.4107
13.86
1.6027
2.86703
17.0276
16.4161
4.02943
18.4
16.2146
16.8047
11.7971
9.51743
13.8149
15.2538
18.6582
19.8709
8.46576
4.55297
0.375164
17.3903
10.766
16.2847
11.5632
1.51518
1.92129
1.86062
9.82514
9.98526
4.47895
10.8994
11.9032
15.808
5.15152
12.6754
19.2007
6.82939
7.5942
7.46821
19.282
12.3501
14.0012
10.4827
10.8142
6.27539
18.0727
1.74172
15.0112
7.14099
1.62066
18.9516
13.9818
9.87877
9.86284
19.942
7.39925
2.41078
3.80154
19.261
19.1163
17.7841
14.5956
11.0887
13.1048
6.71066
1.8107
4.21579
3.97429
16.8428
8.74885
17.9899
6.63133
4.30624
8.43421
7.4503
8.7561
17.9687
6.22292
8.66531
1.61808
11.9525
2.06923
7.87664
14.9793
11.9781
16.6922
17.0415
3.48239
11.2064
15.6096
10.6256
15.3293
1.64332
12.0004
7.51619
8.24914
13.6974
2.71582
7.26973
9.34195
16.6681
0.619044
10.7006
0.216795
13.4504
7.56069
4.34784
13.759
17.0119
13.8307
19.2662
0.925228
14.8559
3.3097
10.3534
7.24345
12.7212
19.85
1.52654
1.20506
12.5623
10.5488
18.092
13.5459
6.30421
5.06574
0.714812
14.1041
13.2224
16.4358
5.72843
0.0210636
12.0409
3.57089
9.5081
3.58152
14.1764
9.89889
14.7721
3.313
4.67108
9.90598
6.67362
16.8472
14.9936
4.83738
12.7237
6.97973
2.06938
0.614259
2.73961
4.79753
8.9228
12.5625
12.2941
5.80295
4.48394
3.06577
6.46867
18.3798
10.1533
9.60822
12.1817
3.76544
19.5359
11.6538
6.54511
15.5519
12.9497
8.04248
19.473
15.3474
4.03639
7.68098
5.15785
17.9848
4.42091
3.12787
10.6894
6.68648
2.44229
7.58202
2.77812
10.0092
13.5906
2.09364
10.7253
9.38901
15.5171
0.948709
14.8124
2.48085
8.16436
7.58796
13.0887
19.1114
3.06843
2.33159
10.8941
8.85511
14.3442
6.61354
6.30936
1.61055
16.3278
6.41703
7.83969
13.3923
7.49596
2.73627
3.23497
1.9002
0.518057
9.12367
3.11092
2.17024
11.6157
7.11492
16.466
4.15144
12.6803
15.8601
10.1099
2.53095
6.54988
16.4149
13.1079
6.16395
12.7767
2.45763
5.0137
0.00123284
2.52706
15.9227
14.8393
8.19085
12.5279
9.44027
16.7049
1.59188
4.27972
17.0441
18.4055
12.3818
7.8093
8.03221
3.79998
3.55397
3.3413
8.50211
0.561872
2.72073
12.4003
3.61904
1.92465
3.96334
0.0681294
19.3476
4.87781
15.2142
1.0936
5.10231
5.69169
5.22524
9.15697
14.8479
17.9572
18.1467
1.6608
18.6378
5.7739
12.7969
19.422
12.4248
8.65205
13.0315
2.57392
18.2729
6.07081
9.34095
4.6136
5.84788
14.9081
18.5544
10.9401
7.52431
17.2962
5.39607
13.2328
16.4003
8.11861
19.0845
6.8911
19.8189
12.8969
18.8507
1.75445
0.882191
12.2783
16.1609
0.136244
4.86347
5.47677
19.0967
6.66214
16.7278
18.876
3.22737
13.7368
8.14215
16.374
2.62534
3.46254
1.32022
5.76426
5.42433
3.21536
16.2746
5.56384
1.81168
2.18456
4.2179
4.85777
13.2615
4.37015
5.28083
15.5039
3.77181
5.41541
7.52405
19.5271
13.0019
0.219629
12.0114
4.18104
11.8711
0.119958
16.9084
2.88264
9.1583
1.74742
13.1101
7.87032
18.877
2.74615
7.8316
7.83167
7.98294
1.99996
14.8975
6.78416
3.80216
14.6768
9.33224
2.6348
16.2881
8.23098
9.91944
10.6911
11.7616
16.7482
2.05342
0.563779
0.403236
0.76794
6.36341
5.46352
14.0442
9.96706
18.1452
11.7621
0.475508
13.1177
1.63331
16.619
2.69261
11.8646
0.190887
6.96755
1.61774
11.4996
6.07939
14.0269
4.21567
0.597766
6.95422
6.27772
6.42192
0.725797
2.64703
9.61117
14.4634
3.65538
19.3992
14.3791
15.621
7.65175
1.05607
18.6124
9.58663
18.3583
15.1628
7.27146
15.3508
18.9712
7.98114
12.6784
5.17001
3.30731
8.29306
8.88324
13.7721
8.76803
2.2087
3.35568
9.09129
10.9747
19.9748
3.46419
15.6231
17.8633
9.39236
4.30812
17.8388
12.0325
6.80379
18.6439
13.4716
12.0533
1.9526
1.88317
8.88108
2.21657
10.0409
4.3171
8.95557
12.1202
12.802
17.5388
14.6681
5.62782
10.1727
8.18647
17.2249
12.5086
4.84115
18.814
4.05634
6.88055
0.310318
7.78037
9.06659
10.0458
15.0787
3.8143
6.97913
3.99664
2.68736
0.751926
13.2049
2.6263
19.2165
16.1157
11.5679
18.9932
9.52179
0.894521
12.7276
5.82186
9.1849
12.3866
6.37054
14.5029
15.1793
17.3599
11.2851
2.33043
1.44064
17.3896
6.53704
9.30335
7.78815
0.110501
5.72686
8.26396
13.2901
3.19776
9.49184
3.15288
12.4695
9.18103
12.0818
14.6058
8.25912
7.64384
4.17792
1.46569
15.9966
1.61333
11.1345
18.5738
19.3443
1.06519
15.1308
19.3086
4.79782
18.3277
19.3216
14.53
16.2698
7.222
6.726
8.09211
1.67265
18.9863
12.3467
6.65094
14.1021
13.6254
9.12371
15.374
15.1279
16.5653
3.84512
0.483651
17.8283
9.12339
19.1186
11.6874
5.41201
15.9962
1.1362
11.639
2.59544
19.1767
5.46074
15.3853
2.19028
12.2125
18.4257
0.599356
17.7984
8.47918
6.01568
18.05
2.10247
6.72076
12.5464
14.1381
16.6877
3.94669
4.97942
15.6693
19.5463
16.7802
9.84049
6.02267
15.9619
5.56307
2.96882
13.5193
18.6731
7.69208
15.9184
13.245
3.89587
1.21496
0.655406
19.4001
16.1371
10.6065
18.588
1.6448
8.99778
8.36171
11.0726
14.9132
4.56193
1.07992
4.35735
19.1601
12.5751
19.6473
9.09518
6.70934
12.159
19.7796
18.9103
15.5533
16.2336
16.5933
8.43662
1.07191
14.748
16.897
12.1193
18.6289
13.7021
11.028
10.4056
12.7674
7.68812
4.08279
3.67253
15.1378
17.2871
15.1332
8.01214
1.70665
6.05789
4.21574
12.1885
0.960715
17.6314
1.82859
3.64733
6.67441
19.6326
11.7564
1.79188
16.9069
15.0122
12.0698
1.73461
7.46744
8.43243
13.4977
15.1079
13.9541
15.1394
5.35334
12.5817
9.90749
4.87783
4.09446
9.88141
12.1598
5.2545
16.1465
9.3189
15.9529
8.28501
8.02718
1.44467
14.8501
8.06237
5.39883
2.01015
17.0456
18.2162
8.60561
15.6879
14.7542
18.7003
10.0057
18.9982
11.542
18.3824
15.6111
12.6761
3.10297
14.0716
17.5365
19.7945
8.59549
0.16316
1.85284
13.2222
1.65575
16.612
19.2595
6.5394
14.4739
10.9154
19.7778
14.8311
1.00413
17.4114
3.63219
7.10129
19.5268
14.0844
18.2975
12.0056
5.41851
4.56528
2.13529
12.926
8.85713
12.066
11.9494
4.81178
12.9391
3.07025
0.486021
2.90337
10.5448
2.72255
7.80934
5.31262
17.7965
19.4436
7.71868
2.89775
15.9715
12.2491
6.05994
11.0719
1.69215
1.93453
0.286035
11.449
11.5174
17.7828
12.5381
13.8323
2.97805
3.55347
13.0671
4.76665
18.2616
12.2683
6.19286
3.84109
0.040905
16.2225
6.18609
11.6631
13.3386
9.00879
11.0102
17.7906
2.36342
17.9673
1.12351
13.8424
4.81376
5.38772
7.98126
9.66287
0.391828
4.38242
1.12855
18.9453
12.2655
10.5197
3.25166
17.504
8.52134
13.9445
12.3271
8.3382
9.77071
4.04929
16.0767
4.10929
15.1314
10.0318
17.8619
5.91151
13.8196
8.92776
1.27473
12.1158
12.6094
13.4882
2.70839
18.7198
18.6515
9.56169
1.38744
12.6042
18.2602
1.43265
19.0031
9.63031
5.88005
8.37985
16.6087
2.00769
9.75301
15.6368
16.29
11.9635
6.41316
2.12769
7.56759
6.87805
4.23972
18.8305
17.9375
9.48779
3.51618
9.77067
4.63109
11.3803
15.883
0.124432
10.7848
13.5715
12.9446
2.10497
15.2461
12.7778
9.77758
12.1138
8.83094
14.6347
14.1123
2.8892
2.90638
11.1557
4.82529
5.37419
4.26019
15.9671
15.2239
5.08356
14.8851
13.4886
3.71753
3.21783
17.4939
9.80684
2.28601
6.25581
2.89545
0.802326
7.41633
12.4389
13.256
19.8983
17.0181
3.26649
17.6455
2.9808
16.5642
15.3788
0.0197108
19.078
10.008
14.8476
11.0436
12.8743
8.9526
16.6506
4.24799
19.6865
6.22711
5.82855
16.5653
7.83259
14.3544
10.346
0.173515
17.2984
3.66462
13.3823
11.1624
3.32183
5.60909
4.00716
0.43017
0.81602
9.56885
8.39447
6.00237
7.51959
1.34705
3.86676
9.13467
13.9186
5.83652
7.71551
18.2883
6.07569
10.7651
10.9526
6.71896
10.1158
10.0848
17.4508
5.13493
2.48632
8.13743
0.405672
3.89813
15.0294
8.80088
8.69573
4.37618
2.55252
8.28878
2.74937
18.7382
12.0126
0.301824
16.7826
4.45473
15.4244
10.1511
6.35737
18.9785
2.85029
4.8821
13.489
9.3856
7.09657
8.12393
2.35463
18.5248
17.1844
14.4712
13.444
10.5992
8.51365
2.31061
14.7502
11.9714
17.2917
14.2781
5.92687
3.78593
15.1751
17.8246
18.3574
2.29468
15.0735
0.547061
12.1319
10.648
0.439083
1.12676
12.3082
18.9501
0.906755
17.9526
3.87174
2.84843
11.0171
12.8932
1.11795
5.42579
10.9565
18.0067
13.1638
10.8645
9.72607
12.6765
12.7897
3.29757
11.764
5.23676
6.25152
2.32027
16.4715
17.8742
1.13882
1.98255
11.2918
4.29138
13.5851
10.3362
3.44385
0.255562
0.576871
2.13815
19.1525
1.2694
4.89328
12.1098
4.47464
6.59099
2.53427
8.40833
15.5536
5.17567
0.203255
4.24379
19.1406
5.26766
12.9885
16.8807
19.8233
5.86403
14.8358
8.25458
3.39084
12.1981
0.819472
4.3753
3.80831
0.393107
3.91201
6.22583
0.524593
13.0442
2.29709
4.80891
8.57715
2.17609
0.747206
8.24121
18.1824
4.3831
4.62886
14.5371
7.52913
8.3342
3.2164
18.4598
8.19777
10.6257
9.63805
2.7199
3.43533
18.9297
19.7449
6.53364
9.26976
12.7829
19.154
18.6056
19.4674
13.3874
5.60172
2.70429
19.8953
14.6919
8.31862
11.5343
18.0261
2.27666
17.6848
19.9989
3.88473
15.7433
11.6466
2.07022
7.52404
16.3161
6.35323
10.7606
7.01823
9.6872
2.48133
11.2212
0.983518
12.882
12.8693
17.8353
18.0948
18.6263
0.662954
13.7706
19.7392
4.93107
0.0240769
3.61199
2.76579
14.0329
13.9617
9.89053
0.964496
9.27916
9.93289
1.16233
9.69524
9.3961
14.0717
18.204
12.7799
19.1943
9.83438
2.90615
16.0774
6.6019
16.4659
4.94797
12.2387
3.62258
17.537
14.204
18.7683
1.27346
13.0004
19.1235
16.6194
6.71544
1.48134
19.9676
19.2591
2.36419
6.62889
18.4099
2.02943
11.1665
15.6882
17.2944
19.3579
3.93948
14.1371
17.1668
7.98813
15.5611
2.92046
15.8024
3.04537
6.26508
7.77327
13.8501
1.24402
19.8207
11.908
8.10822
2.22542
17.3065
2.69108
5.73911
5.81637
3.51444
2.82326
17.2583
8.65766
19.8765
15.7126
15.6492
15.8041
6.24026
5.30686
19.1445
11.8116
17.5238
15.0049
4.55106
8.1987
18.6835
9.96611
2.9223
18.0105
19.3971
12.4755
1.02029
0.893304
15.7243
2.07904
14.7435
6.70389
10.0715
1.02691
0.586273
9.22656
13.5846
4.02319
6.66121
2.69384
13.4332
4.65641
12.5117
15.614
0.0840195
14.1604
5.88156
0.142926
9.56032
17.6876
11.9022
0.438805
6.69017
17.244
19.3263
2.74973
15.8709
0.833524
17.1607
16.6893
8.99663
16.9234
15.1933
11.8278
3.70077
17.8842
14.5851
19.2255
18.0365
3.94164
11.5958
9.18577
15.5977
3.32651
5.80653
18.3874
18.3769
17.5535
11.3433
19.285
17.599
1.46068
5.7853
11.9902
13.4063
6.39877
15.8899
5.71968
18.3735
13.9883
13.0349
7.78492
11.6895
1.08066
0.720164
16.4781
16.1459
0.283784
7.08151
15.7586
15.1206
15.8126
9.16383
1.9992
3.81688
19.0729
11.3854
18.6152
12.229
18.325
19.4678
3.26915
18.3552
7.05182
5.21257
14.1322
14.5586
10.6951
3.60849
7.4902
6.40067
13.5369
9.91614
16.6943
19.0539
3.99113
8.46407
2.94648
12.496
18.3462
5.94193
6.35445
9.10447
19.861
7.00077
8.55775
12.103
13.549
10.2095
9.54753
9.85936
17.5894
1.32294
10.6096
4.82179
9.63251
8.18594
7.27353
5.52805
14.3777
6.31682
13.3981
10.0989
9.934
19.6194
16.425
7.39509
9.98873
14.7955
8.50076
6.24451
2.45372
5.67482
8.81551
8.47043
2.72848
5.75665
12.4349
7.42256
2.306
5.24618
6.06971
15.1249
13.6305
10.4635
17.726
9.22297
4.64067
0.971373
15.1934
8.509
15.1616
3.48456
3.0952
10.7279
7.40902
15.1476
13.0939
14.0483
12.2983
11.06
14.058
9.74877
19.6373
8.53924
5.54342
4.38331
19.9775
17.4099
13.9734
1.36668
5.55977
0.435284
4.65873
11.8304
0.0953257
17.6315
1.88791
4.98335
14.429
10.569
5.46928
17.0524
1.75034
9.24509
10.3358
11.119
16.671
17.8221
17.1733
4.62046
16.0026
19.9907
13.2549
18.1214
18.5378
16.9175
10.5683
18.8461
17.889
2.37158
7.18763
0.711746
12.6362
19.0746
1.31068
15.9052
5.99743
14.2332
14.1337
8.47816
3.59511
13.2626
14.9203
15.3899
17.6568
15.7097
4.47871
19.8024
14.8033
13.1951
16.634
7.55777
4.71115
13.9496
1.76328
0.176308
8.49685
10.1223
2.59227
18.459
5.46747
3.05823
2.47537
9.02854
10.2744
7.69503
18.7386
7.32169
13.5633
10.7299
15.9642
19.1633
12.5009
7.24063
9.43425
17.7854
17.0146
8.0701
5.34147
5.12114
5.7167
0.313271
9.45716
16.6152
5.67212
3.45917
11.8801
7.41939
17.3316
18.0203
16.863
17.4011
2.42693
3.78813
5.81685
9.65023
6.35227
9.97185
14.9895
14.9522
9.38324
16.764
9.52608
9.55729
15.8739
18.317
2.48728
11.2987
14.9229
4.7083
4.98701
9.49157
14.9441
14.859
4.13813
15.6462
8.07828
19.3492
10.4017
14.7757
3.82216
17.8552
7.56194
14.2678
10.3832
10.1976
11.6243
8.4978
10.021
13.0363
5.86172
12.6122
11.8442
7.27898
16.4519
6.13046
3.38562
1.31889
14.1663
8.6564
2.55076
7.72727
15.6943
8.33469
3.14611
9.00101
2.06229
11.7649
8.9581
5.36441
13.241
4.04849
4.17922
4.82041
8.79053
4.15902
15.5959
5.56699
5.04313
14.934
7.33562
9.15814
6.16639
19.093
15.5224
12.6706
9.79539
10.8182
5.89857
10.2472
17.9254
7.71283
8.43996
19.5167
17.2738
4.58261
9.59045
10.4244
12.8911
2.37797
15.3676
1.05158
3.47607
14.6026
0.664702
14.1802
4.02475
17.8099
18.2274
1.67841
4.99765
11.1787
4.65947
19.4652
13.7695
5.17136
2.98515
0.822499
9.53945
3.73776
17.0618
0.239616
0.00535476
13.5502
10.8515
6.58323
1.94293
11.5011
2.05929
12.5164
9.12601
15.0986
2.2142
18.4366
3.71236
14.5003
2.0743
13.252
7.86844
5.61432
12.0296
6.67252
7.19844
16.6164
5.17628
6.29763
0.173617
10.8354
18.6888
17.1984
4.86997
7.70303
11.8438
18.4325
10.3887
4.17487
1.84243
19.9836
12.3512
6.86757
5.52237
11.7967
15.8761
19.1403
6.28693
0.578043
6.74548
11.789
14.4538
1.71119
13.9552
15.5452
6.70488
10.1699
14.1459
16.407
13.9898
12.6278
3.05447
5.99217
5.18412
17.5259
9.19242
8.47381
14.4662
2.08444
12.1451
0.832353
3.20877
3.76162
15.0042
6.27064
16.4352
2.97359
2.84031
7.76914
9.4353
6.20564
10.3726
14.3218
7.77368
8.7061
7.29972
15.9124
4.29021
8.31094
17.7947
18.2908
5.22197
2.4142
14.9739
8.59321
9.69776
7.91315
15.4992
10.1118
15.0611
5.47313
17.2481
0.77521
3.84441
17.724
12.7556
8.5722
13.8426
0.556918
16.3707
17.2912
5.31805
0.00799231
1.50022
13.6204
11.6141
19.1032
2.24195
12.6528
10.5906
14.8982
14.506
18.4701
0.809309
19.4815
9.35025
5.62727
10.038
8.61526
17.4181
3.89529
6.47124
6.47409
0.082685
5.69693
14.8484
15.611
18.3969
18.7606
2.46799
13.2366
4.63054
11.9292
5.25289
18.6517
1.40753
19.094
2.36602
6.90397
5.56244
16.2042
19.772
14.8207
12.9448
8.28706
16.9661
6.86571
9.98134
2.14114
11.6402
19.2363
14.0545
0.064429
1.13813
2.74324
10.9574
10.5152
5.25372
4.70341
8.54296
13.4368
14.4965
3.01105
6.3563
13.9236
3.26791
9.1097
3.34806
1.03412
12.4125
9.48123
1.05586
13.557
0.521736
0.848364
12.6598
0.835181
12.3449
17.0051
16.7968
9.55001
8.03169
16.9903
11.3106
18.1315
7.50045
8.67411
7.71231
2.75454
9.21605
18.502
6.71946
9.66071
3.56303
10.7445
3.68329
6.21303
12.2121
13.0107
7.98464
18.0447
4.52175
13.1507
6.1143
17.365
11.2582
10.5393
7.61882
0.540075
5.35568
3.81986
1.35181
12.0774
19.8247
13.0867
7.95138
10.9033
16.9947
15.1043
16.0996
4.55825
2.45644
7.80968
6.80885
16.2245
15.7333
19.4031
3.05861
17.928
9.18261
5.88084
17.9636
15.5293
13.2169
9.79022
19.8676
11.1659
1.56212
4.01213
17.939
18.7083
18.8518
0.914897
3.3954
5.27354
8.484
2.46419
3.54581
2.83467
1.21745
5.17063
17.071
8.64112
12.2605
2.74048
11.0373
11.4318
15.7292
9.90552
7.40939
6.41596
7.0245
8.53468
15.7234
16.9021
13.551
11.7318
11.9193
6.89842
0.287756
1.21019
3.90226
12.8854
13.1658
19.8778
17.3236
0.510246
8.4542
17.3723
15.086
1.54435
2.55656
15.3778
6.89982
16.4729
1.35233
1.58346
0.643267
10.9324
2.60795
9.05506
19.7541
3.79883
0.219816
15.4808
11.6566
9.72641
18.2018
17.9792
1.76214
16.6032
16.9499
10.8044
18.3872
7.76807
1.32683
10.7032
4.50301
11.2655
6.43054
0.429343
7.82346
3.68407
16.8962
3.17267
4.66104
5.72952
19.7535
10.2596
2.30835
3.48036
8.82726
8.02459
8.47191
14.5508
16.8176
15.2933
10.6978
17.4391
7.3983
16.3871
9.35828
15.0037
2.7287
19.8716
19.777
14.5602
2.89185
2.93294
19.8382
8.26332
6.693
17.0644
2.47049
5.76595
5.47227
17.868
2.65183
3.44678
17.2666
0.715232
11.4806
4.98928
17.4263
10.6085
7.30274
5.77797
18.5663
15.2668
18.343
11.8308
15.1211
1.08512
5.16196
15.3515
17.1241
17.8943
4.4179
2.04034
15.0627
10.2451
2.79262
4.76864
2.0874
6.7111
18.5674
9.13677
11.2062
7.73822
4.34859
4.35404
13.7187
0.820533
14.4443
15.2827
13.83
7.4021
5.74911
8.59328
17.6664
11.8064
10.1232
10.8783
0.143201
13.7109
10.3058
8.33451
18.7323
9.6605
3.74255
7.06227
11.2814
1.84733
1.77691
13.9804
14.7131
4.89335
18.0093
5.96995
12.9796
3.06541
18.524
8.57012
6.7316
3.31396
17.1339
3.61966
4.07275
10.1834
10.8262
18.341
16.859
3.66164
3.59088
13.54
16.6497
9.02469
4.71022
17.7178
16.9012
4.0705
13.9822
17.0174
2.90459
1.10405
13.6616
19.4385
11.242
11.5908
14.5187
10.0107
7.19475
8.88705
1.75728
10.3606
19.6297
16.8995
4.40796
13.9712
3.90312
0.901216
15.9341
4.39047
18.3504
19.5538
7.66156
2.15144
11.5358
6.45405
5.15901
7.58444
14.4817
10.7575
1.21896
17.3163
16.4004
19.0195
15.8157
4.37549
5.25415
18.3482
7.19883
10.0844
15.6641
1.32602
15.4254
1.79654
18.5775
17.5147
6.19272
2.41171
5.8339
7.62112
9.27843
12.9657
5.32359
17.0455
14.343
18.5349
16.7085
9.81399
5.52061
10.2741
11.7818
16.3079
5.3394
0.396327
4.29461
7.34444
17.5607
8.72048
4.80648
2.47385
6.24203
12.2929
12.3558
17.3236
14.5028
4.0468
6.28951
13.8943
3.66737
17.8712
6.4997
8.41654
13.8467
1.61683
6.75981
3.32781
7.85946
18.4917
1.91185
16.1091
14.809
2.55531
5.33706
14.7754
13.0381
5.84402
17.6581
5.70054
15.9383
12.8134
12.2253
4.39585
19.1793
14.1418
9.48455
4.90167
13.0143
11.2558
10.1134
1.63744
18.7874
11.13
0.729999
5.74573
4.74078
4.89798
6.91989
2.31189
17.9413
4.95252
3.04552
15.1987
5.22553
17.7263
11.6797
4.97881
10.992
7.13507
9.37394
17.2571
13.8862
4.48228
5.96669
13.829
13.9177
8.21574
0.623401
8.13556
0.260559
19.0095
5.79562
18.7518
18.4092
19.9219
7.15375
19.0271
18.6697
18.5968
8.57773
9.40027
12.4516
19.4853
9.56097
11.7152
16.1981
8.93744
17.8803
13.0973
0.907009
6.61939
15.4712
3.60484
12.5356
5.00815
4.87472
4.452
8.32354
13.0194
4.81562
0.438343
6.04741
3.18661
18.891
2.785
11.198
17.1651
11.9554
18.7081
8.79111
18.8279
4.48693
10.0176
5.32513
5.03703
18.4616
14.5902
2.43952
10.3464
17.5505
12.9105
8.19487
2.19932
4.05346
19.7926
1.17628
6.67926
6.33192
2.63251
18.1114
8.77422
16.589
19.8857
6.29713
2.99092
15.4255
10.4245
8.36918
12.9867
16.9754
16.2046
2.05334
15.7065
19.3466
19.4219
15.5357
6.59159
2.05325
5.38947
14.4724
19.4511
16.4603
2.12194
17.6334
18.714
16.9734
4.02673
16.2922
5.96724
11.7981
2.20967
19.567
3.39516
6.63539
6.65685
6.63397
1.36851
16.2032
14.9484
17.6113
19.7942
16.3294
9.3088
3.14191
11.337
19.8203
2.56063
14.4377
3.42319
4.68652
6.0814
17.0454
0.272671
2.65331
8.76245
4.43484
4.40006
1.57367
15.7436
16.9026
18.2137
12.0558
19.1449
9.59057
2.88838
11.0037
2.4294
6.46723
9.74355
15.0409
0.101978
15.753
19.4292
16.6062
19.9871
10.0306
3.89023
8.55052
5.68566
