13.3256
11.5033
11.4163
7.75259
10.5696
11.8102
0.0342896
12.1491
19.214
5.92105
0.374095
6.17293
11.9517
1.99447
6.97053
4.57403
18.289
5.4173
10.8749
12.6167
1.8174
13.8097
17.4714
4.29093
16.0708
6.92725
10.1395
2.82401
15.6839
1.54229
15.7281
7.99504
4.13653
0.824659
19.5517
9.2359
0.595527
9.97461
5.36506
6.19828
19.3275
1.26989
5.28813
14.3269
0.696251
10.1779
16.1076
8.9238
9.09446
3.78825
3.27077
5.13318
9.00393
8.48216
15.0144
7.06952
3.185
16.173
6.19552
11.0728
5.03639
0.236649
14.023
1.01323
11.2416
3.1666
10.8517
12.2291
19.9172
9.28223
10.6975
15.311
3.33354
13.2811
4.89173
0.0184631
7.05635
15.8662
3.60032
0.814077
15.6006
4.62767
17.42
19.7344
0.786388
3.65623
11.3577
14.9807
13.3925
8.33534
7.59742
1.83898
18.2377
10.5164
12.2747
18.1848
5.50912
17.2966
2.54155
11.9841
4.50425
3.85093
14.103
5.34269
12.4366
9.74336
11.3589
2.15303
6.03206
8.72128
18.6003
11.7564
17.5826
5.89408
0.452152
8.23532
0.741405
10.6384
16.2314
4.03117
4.12572
5.34567
1.08335
16.9798
0.114518
3.56756
16.9953
7.0743
0.269051
4.92014
15.948
11.8356
10.7333
9.53253
9.5024
16.2604
11.6914
17.2866
5.83216
3.25941
1.79303
5.03629
19.3393
8.76743
7.19611
13.0037
16.2768
10.3458
7.70785
3.04862
16.4758
17.9091
18.4395
4.77124
17.7002
15.6938
15.533
4.4837
12.1053
13.2261
6.21899
10.7844
7.06055
14.0622
4.58001
14.6503
9.42708
1.07402
13.2491
15.9816
7.22623
0.438246
10.6288
4.33564
14.5414
13.434
16.6011
4.19798
3.24916
14.2423
19.878
15.7706
1.8917
2.01682
3.63707
1.59191
16.1687
10.9979
11.4534
3.51564
8.83375
3.24469
5.96803
14.5729
11.7004
5.34401
10.6878
5.31556
17.4857
19.9069
9.01355
15.9657
4.01426
18.2835
12.4862
3.2347
1.23432
13.8624
11.7613
17.8548
12.0278
12.1705
14.0088
4.46086
13.6255
10.2657
19.8668
16.7178
4.68232
11.0312
7.82252
17.3897
6.53599
17.9147
4.21863
9.95785
4.10453
16.4681
15.8955
17.6109
0.827845
15.1132
13.0796
6.21388
0.577774
16.6479
16.9488
1.28682
10.9972
14.8549
17.8099
5.70923
18.7439
16.4987
5.81621
5.4388
8.28588
12.6081
0.158351
16.7927
12.6982
8.36513
13.7846
1.32187
15.6296
1.11853
10.4822
6.39835
17.1523
3.97286
10.8589
13.0677
17.9394
10.459
5.93965
19.9281
2.86055
19.2244
19.1294
11.1812
12.0593
15.918
0.140134
10.5095
13.3623
11.138
9.64723
8.79701
4.88303
5.05022
2.88602
9.76713
6.81597
2.39145
19.8593
10.4314
0.318542
17.7815
17.8186
1.30227
7.76365
6.00562
17.3528
1.58968
12.8046
0.640921
16.526
4.62286
19.7788
16.8154
18.921
8.17446
11.4398
18.4786
14.6141
6.13386
3.96708
9.60977
16.7969
6.13925
13.9851
6.00563
6.74102
6.95148
10.1521
2.84154
1.31061
6.15108
2.15947
12.3141
11.0301
16.5121
1.95921
9.11016
5.51299
0.673929
5.0589
19.0837
11.9076
10.598
19.6885
17.406
12.8551
7.04246
13.8088
13.1724
0.335124
7.09505
12.4582
19.6395
16.2703
2.83426
1.5898
8.79791
2.34007
16.1959
0.600081
15.0957
0.787615
5.45029
12.06
17.133
6.2166
0.648416
6.71501
7.4604
8.87742
12.8877
19.9049
3.57463
18.732
0.58024
19.416
11.0358
5.64116
9.77472
5.09781
16.2625
7.66237
13.4292
19.839
15.2357
11.8097
12.4115
4.50541
1.3122
10.8393
2.74689
17.3517
17.1114
5.81745
18.945
18.3669
10.8486
17.861
4.56321
4.00483
9.48527
4.75326
7.82904
19.7133
11.1925
4.60568
1.92862
7.70704
17.5345
17.4282
3.81662
2.90821
1.56973
9.16312
14.7806
16.1591
13.3962
18.1056
1.02887
7.78659
17.6304
5.20231
6.21872
3.9692
6.18252
16.0916
15.3573
14.3677
5.28507
16.0822
19.169
2.91054
8.5078
16.8503
0.301317
8.05728
14.8184
6.59274
16.0111
15.003
3.26071
2.88428
9.87612
18.9941
1.8234
6.33824
6.857
17.6183
18.3653
5.03438
13.3925
7.39601
4.10603
6.79752
3.46223
12.5722
19.7002
15.9524
16.3679
11.8396
7.42935
8.94322
10.4865
13.7954
16.9416
4.11328
6.14866
9.21466
15.5143
9.5314
16.7718
10.4019
3.60464
18.7247
0.509031
17.6988
12.3791
3.69399
19.6365
9.90546
19.1802
7.13526
2.36327
0.729726
16.5397
13.1936
12.7718
8.40481
13.9209
5.23021
14.2838
14.684
13.9969
4.2972
17.2722
14.4006
16.5081
3.39008
2.99925
15.9311
17.0976
1.72245
3.46225
11.6394
10.9962
19.8546
2.94524
16.8201
5.69516
4.37047
11.0338
18.4015
13.1936
6.54384
12.2143
5.54808
14.8315
12.3909
17.9501
4.48796
4.58636
4.81568
0.955368
18.5534
17.9083
15.3265
13.0239
10.9806
0.772793
18.2488
4.54138
14.4202
16.8968
9.2085
12.1673
6.31219
12.5223
5.78386
11.9942
0.262602
8.67854
6.15019
15.4836
6.58646
6.93245
7.83924
15.854
0.18257
19.3669
9.11213
4.47661
15.6355
10.4847
11.5018
7.85833
18.5712
0.834566
3.91564
0.719399
1.95741
7.53861
16.2853
14.945
8.48412
5.7467
4.00508
9.64973
17.1423
10.4958
13.3534
17.6015
4.13351
2.04062
6.05963
1.70887
15.718
0.276584
11.4361
5.32544
2.73938
10.5772
17.5877
6.88759
6.78335
3.56807
10.5982
19.1703
16.0062
16.1046
10.5429
18.0692
17.5661
4.08557
12.3078
10.7474
10.6301
16.0799
4.31811
11.7043
4.79897
14.6208
19.3765
19.5698
2.08488
11.2477
18.8818
14.2495
12.4084
4.30283
19.1208
17.5601
1.32272
14.6879
19.4669
14.3635
4.32095
0.218092
1.29478
16.8322
15.7663
0.467135
18.5052
15.8108
13.8161
16.1207
7.39429
1.13016
8.83576
9.85837
11.8369
5.59298
13.5165
8.58128
3.98007
12.9434
14.5403
7.06037
2.20787
14.3474
18.1437
13.3794
17.365
9.10001
18.6282
1.29753
11.4899
18.8135
12.6908
8.46869
6.14739
18.6855
16.6288
15.6244
15.0292
5.421
18.3098
6.43255
16.3665
10.6704
4.1266
3.31588
17.3301
11.3691
1.6966
12.2214
2.98815
3.73332
0.334323
4.7433
2.10644
1.19131
8.97046
15.6061
5.15967
0.919958
3.2672
9.32743
10.793
10.0251
14.8314
17.2495
5.37866
1.34906
18.8389
2.98089
15.0025
16.0327
13.7564
17.3598
4.8914
4.01156
15.1384
0.299165
17.272
2.64494
7.70903
12.4671
13.0427
5.52926
2.54157
12.0198
6.77182
1.93933
10.6733
5.15152
18.2022
14.8226
4.98134
6.59574
12.3807
1.41408
9.02751
1.21471
5.13168
8.48023
8.61892
16.7095
1.15556
3.71024
8.08055
5.4564
0.0104193
8.30838
5.27368
5.30509
2.00097
3.30078
10.6924
1.18356
13.4571
5.4524
6.98087
18.8014
4.90867
16.786
9.81166
4.3716
13.0872
0.905189
15.1176
10.5804
11.0265
13.9032
11.8304
4.47335
6.11116
1.5182
1.3866
7.6444
6.38494
1.16123
1.46689
15.5014
11.4035
15.3239
4.69195
13.1841
16.6326
13.4478
12.6289
17.2666
4.26199
18.6293
1.8273
5.08453
5.84476
8.27345
17.7392
8.87445
19.8607
16.0698
7.4633
9.32302
0.490201
4.13615
16.4383
2.47399
16.9715
19.0021
15.0748
14.2657
1.72928
6.72514
5.10516
18.9662
11.5775
4.58549
9.87524
17.2616
4.45582
4.16512
17.6359
1.95272
2.91539
7.65195
6.86989
18.173
19.6261
5.11738
8.04478
14.2731
4.1357
0.303007
3.94048
17.5712
2.94859
4.23975
14.7063
9.19304
16.9804
16.3649
17.717
14.2
15.2222
6.7224
8.61155
1.98646
16.1082
19.9448
8.23862
1.86642
16.4483
15.9246
16.9946
14.5086
9.0225
4.56485
11.3739
5.22076
5.29252
8.59114
16.1167
0.694056
2.58852
18.1866
6.64571
4.65994
6.37151
6.49369
4.20213
4.62478
18.6164
16.7421
14.0924
6.22667
12.1789
0.794757
18.8136
0.922549
14.1756
12.3845
1.40658
11.3398
5.53722
5.46005
7.71091
3.77923
19.3164
5.71744
19.6753
13.1147
16.375
13.8254
13.5948
13.9435
14.8475
1.52612
2.40862
19.1821
18.7665
18.7017
12.0669
4.11844
18.6051
19.5962
5.99729
0.476658
3.93011
15.9629
7.94142
11.8309
11.9667
11.8328
12.9158
0.119536
1.21712
17.3789
19.3864
15.0831
13.6625
14.6457
14.5183
15.4192
6.87264
1.34677
11.5178
11.8025
19.7779
19.7722
5.15966
16.5104
1.52355
10.4358
0.221701
10.7229
3.83401
5.58921
3.99358
14.3692
9.51437
19.4466
18.4003
15.3908
4.58624
16.8032
6.89961
2.0102
12.1614
11.0118
18.1505
12.1673
12.6396
12.698
7.29821
8.59104
18.327
7.17132
8.68411
5.71041
17.4319
13.0417
19.8138
10.2414
4.61909
11.3838
3.42823
15.0044
1.13204
9.1131
13.2524
1.60301
11.5636
9.92596
10.0778
7.94319
5.74666
16.6407
6.68515
5.04597
0.0496492
3.58457
7.50652
14.4432
0.599724
1.28014
12.0319
7.66925
9.99667
2.23805
3.45968
5.94189
18.0845
5.02411
8.91569
7.28149
5.07038
13.6752
12.8515
10.7026
4.36211
2.33218
10.1029
7.86541
9.12566
5.27682
15.6108
18.6355
17.4385
8.44781
0.632931
5.94774
5.28194
15.6528
0.253732
7.03462
18.7302
16.0699
11.4788
6.11126
3.23154
0.874397
13.2253
13.3679
0.0940557
13.4424
11.9457
15.1814
10.1273
16.5391
0.263924
19.5618
8.19166
13.0251
8.4786
9.91872
16.5917
5.51021
12.4729
10.8747
14.7685
2.72735
5.27071
17.9646
6.14194
7.9404
5.55062
1.80086
7.4921
0.107472
9.49942
4.25874
5.86622
19.0772
13.4113
19.3671
4.87293
4.40605
11.4746
14.7607
16.424
6.58835
5.99789
17.8807
19.8554
0.828276
3.09496
16.015
11.8555
15.102
1.5372
7.63293
19.8621
12.5274
2.94435
9.05065
8.82924
15.4134
1.07631
16.7146
1.9513
12.4186
7.43139
14.5412
7.07195
16.0949
6.60356
1.33877
12.667
19.5537
7.86251
4.89069
1.94502
14.5123
