13.9873
12.2415
5.30603
17.1774
1.78917
18.9753
10.9283
0.854928
18.523
18.6119
2.5639
19.4173
11.0175
15.5828
1.55611
11.6656
18.7349
8.37933
3.61648
5.65013
10.5781
5.17757
3.04404
16.4859
0.52954
3.03842
7.83705
17.2389
9.98237
3.85615
0.30474
3.05563
19.9834
18.1533
14.0545
15.7083
2.3967
17.0517
13.8104
0.48186
17.9832
11.6104
6.70949
9.83962
16.7993
17.391
17.1203
12.3081
5.60342
7.85463
0.0343957
16.6828
3.37745
9.5218
2.3555
11.6394
17.2818
16.0627
3.74973
15.0454
13.9959
7.83084
1.44823
1.34655
11.0421
8.331
12.4868
13.8459
3.78515
10.8415
18.2277
18.9025
9.80519
16.0901
0.615598
11.062
8.76492
0.622835
18.9635
10.7943
9.09929
3.19718
0.387895
11.9954
10.3758
1.02034
9.54829
7.26715
7.98387
13.7503
6.25305
19.9048
13.2499
15.6511
11.1692
1.33041
4.81327
10.3256
7.56143
13.3833
1.19302
16.3059
8.42546
18.239
17.8348
8.55455
0.29971
5.09234
7.5563
4.56881
19.7983
13.3717
18.9482
15.3
2.77007
11.9193
16.0296
12.6532
6.477
2.58254
5.88211
10.2073
9.30119
11.0233
10.1896
18.4158
8.85481
11.8143
0.381656
14.2505
4.63928
4.50414
19.9733
6.19251
5.52399
4.23782
10.3181
9.26406
6.85731
4.45839
4.39369
12.9537
2.19555
11.0996
7.35296
17.536
19.3444
0.25546
18.2474
8.23913
8.39843
2.53741
17.6609
5.90564
13.3008
3.62174
10.1084
1.86763
17.5055
5.49045
9.18793
16.6083
1.96928
2.30846
3.54549
8.21542
8.46462
6.8396
4.60297
13.2647
14.4111
2.47683
1.69777
2.35133
0.849853
5.92531
16.6724
1.64455
17.0387
7.89135
11.6153
8.20168
1.78571
19.9717
1.62839
19.8328
11.6327
8.98055
12.73
5.58056
14.7813
12.0724
8.21022
15.2255
10.0417
5.29451
3.1469
8.54418
7.87553
16.9659
3.38461
10.5066
12.2948
4.22838
17.1061
7.27155
11.443
17.1985
17.1601
1.63284
5.73805
15.1713
18.9092
4.25886
16.888
13.4277
16.723
1.95457
6.5149
6.99756
18.6862
15.4102
18.3645
0.109257
4.72992
16.5999
11.5058
2.93142
1.69533
10.1467
8.08137
11.9095
13.3917
19.0422
13.4628
14.174
4.96043
0.072916
6.91691
17.7427
18.5997
14.8717
11.8805
2.22458
12.8863
4.21933
17.0866
13.4003
7.87537
13.1713
19.5294
10.8456
11.917
19.6811
4.71921
0.142485
13.7139
15.2131
4.71569
16.6131
14.7667
12.0452
6.36826
3.45036
8.19908
10.5066
10.0097
11.9268
2.04204
6.52156
2.87984
4.29484
18.3165
17.3793
5.5839
1.36599
15.5427
13.3487
9.46732
13.7376
15.5481
8.51246
1.64226
19.6748
0.522292
9.65125
9.57813
12.8185
6.83231
17.6703
3.7243
13.6555
2.54086
18.8897
0.0287912
12.1113
15.6303
6.12714
11.2745
1.28832
1.34509
11.4999
9.79647
18.9477
10.9864
14.8017
6.92018
3.26039
15.6215
6.57849
5.11032
15.9347
14.467
7.97007
3.86761
18.9741
14.8653
9.09455
12.2329
13.0212
11.5407
16.4372
5.09458
19.8891
18.1503
12.9576
11.4128
4.02535
1.14143
11.8529
10.2868
17.2661
12.5913
11.9291
19.3571
0.935007
8.95526
1.40013
6.03496
3.24164
15.7926
12.946
14.9871
8.54611
15.4262
2.13498
18.0578
7.08479
4.85856
15.9501
0.3314
15.0043
5.87876
14.3532
6.07827
0.703071
17.5154
8.7292
8.20522
0.865661
19.0457
14.178
8.42658
15.4971
7.82386
18.3479
13.7186
15.9241
18.6639
4.15467
15.7334
1.45375
15.1353
1.60955
1.62127
15.2993
16.8843
19.2287
11.4932
8.98266
11.2962
3.9089
6.06576
12.6877
16.5653
8.21679
11.4498
16.8576
4.52849
0.118943
13.3088
19.6143
14.5887
7.56369
7.35755
15.8367
19.1501
8.95301
19.7007
5.84198
6.23088
14.2837
3.17556
17.8647
1.66454
9.12067
8.01703
17.7129
7.07664
17.3682
2.09899
8.07067
6.64279
18.3418
18.8687
2.50115
8.32827
11.1314
13.9577
16.9122
14.0814
10.9255
6.37875
10.966
4.02634
11.2416
17.5174
7.54063
7.65647
8.21117
10.1679
16.5912
4.62942
10.156
11.8396
1.95962
12.5979
8.06301
7.05267
11.6516
4.48249
19.6024
10.6542
17.5858
6.797
17.434
6.17552
0.946752
12.517
13.6073
14.9923
10.2801
9.30537
12.182
18.8094
9.61891
13.3193
6.90179
15.5198
18.3316
18.0801
17.7921
14.2681
16.2276
3.95325
18.1493
11.9559
17.9615
16.0383
11.3051
2.67517
2.47807
2.78799
13.426
10.411
11.2174
19.6075
0.99791
12.3038
17.4137
4.1688
1.93593
12.2178
7.70032
6.60815
18.9352
2.96848
8.82131
6.83522
14.1749
5.6851
18.8955
6.46125
11.415
17.1218
2.05749
16.957
15.0921
1.59174
14.6473
8.65146
12.1423
16.853
19.8386
14.122
1.06847
14.9008
14.5617
6.90313
17.0077
7.58159
13.833
3.74978
8.37369
6.68232
12.6715
3.18686
7.95095
10.5877
13.9849
11.5071
0.813279
9.64089
11.8384
11.2996
15.7954
14.9059
5.4926
5.89522
13.6505
7.07684
4.98699
10.9961
14.2128
12.3457
19.1495
3.01651
7.58157
19.2332
3.16113
2.93157
8.30887
10.0759
15.8161
12.7849
2.20804
1.11225
1.137
3.34642
9.33332
10.8109
18.9401
6.55186
4.57969
7.97078
1.07431
9.38636
8.76321
15.8707
18.5881
18.7129
7.6696
2.9892
1.65901
16.5057
9.61174
18.2473
0.397894
6.00686
16.6042
1.98078
18.5346
5.01478
5.88528
12.3088
16.287
14.0105
7.84004
19.9186
7.8315
18.0011
3.27047
14.5148
10.0057
4.63326
1.62791
19.2804
10.8518
7.0377
11.0215
2.23937
18.0156
3.93071
8.93795
18.8065
12.0042
7.49223
16.5289
18.8288
17.8072
6.89391
5.87912
16.6061
14.2857
7.19561
18.1988
7.01365
13.0996
3.93239
17.0125
1.30429
16.1352
4.04262
15.8485
10.5853
0.885378
14.8481
19.333
8.75833
19.7302
8.89911
18.5009
12.8329
11.8857
11.9831
7.35479
17.1886
13.356
5.60163
5.50264
17.6682
10.0103
7.48196
13.703
8.53086
2.29588
0.443887
14.2664
13.5539
8.24331
8.1797
3.98827
15.5459
19.7005
7.2897
2.66262
12.0877
1.55614
12.0809
17.6713
16.0285
12.2144
3.1596
12.978
5.2315
5.90315
6.3118
13.182
4.31606
4.2542
16.2552
18.1937
0.935414
1.58593
10.6926
8.83193
15.3067
5.82405
3.00634
18.0747
6.78901
1.93196
11.0942
18.988
3.12664
7.06155
17.9573
3.93515
3.73616
1.33826
18.7423
5.8154
14.2894
0.231083
18.7878
6.3532
10.3616
5.79771
13.0263
3.55563
13.3018
1.89363
7.13685
13.8694
0.653217
7.99942
11.2653
8.15218
12.128
1.7169
13.52
13.9098
9.67771
1.49139
6.05194
7.24008
3.51028
13.2184
9.21396
0.696067
5.0061
5.67628
9.04847
11.656
5.36884
6.25748
19.9754
2.3062
15.3319
13.5475
9.49356
16.0079
4.36688
13.2661
6.73508
2.24822
7.71998
17.1299
7.1453
14.7678
1.22844
1.2599
5.99488
1.044
3.34033
13.2428
18.2705
6.30934
3.45347
15.9713
11.7023
9.21444
4.99398
9.1888
4.61275
18.3559
8.03715
15.7628
10.921
4.65699
11.1419
1.30566
19.5809
0.913577
3.61236
1.38859
8.93404
3.36193
2.56771
4.09629
19.1378
11.5832
3.0244
4.23014
2.59498
12.7913
8.31767
12.6556
2.82409
10.9909
7.35695
7.36091
8.68992
0.930648
16.5288
3.63827
2.05187
11.0088
6.20301
9.74975
12.0443
7.15908
9.7505
9.86847
1.58101
3.7464
5.20955
14.9786
6.92287
5.05889
3.7103
3.61233
14.5761
11.0704
3.82249
18.4684
16.8333
12.8806
2.7323
12.8451
6.46139
14.1923
2.46721
11.1291
18.0817
16.3798
4.9842
14.7062
1.24801
12.4545
9.34664
17.1484
18.4692
19.5989
17.3448
2.97564
10.8726
8.23163
6.99908
19.6299
18.1074
10.0528
14.3442
19.5538
19.2156
2.45539
14.5353
11.0628
6.66244
4.03473
0.811947
19.388
14.0969
10.739
12.7362
5.97457
5.87593
14.085
1.0127
9.19902
4.03418
7.76041
15.0797
5.68053
4.29453
6.65269
8.12694
9.13865
16.2099
8.19926
12.7163
18.2369
1.97447
12.9238
9.51862
7.46342
12.4673
3.46773
5.39175
15.0519
6.34056
14.3848
16.6543
15.1911
9.69568
11.4697
16.0683
0.298331
18.2291
0.135519
8.47842
10.2746
15.8415
13.5622
14.3112
10.4405
10.9331
10.0665
5.50669
1.15139
19.9532
19.9896
3.25859
14.9353
10.6952
15.6145
19.1096
4.20432
8.21
14.9671
1.15313
0.195472
18.0981
5.96131
4.31928
16.6222
19.5362
10.1952
7.63655
7.0203
13.308
11.4476
1.00714
15.6087
7.0288
15.5337
0.856929
19.2041
15.3237
9.11597
12.2584
7.25677
0.475043
9.68148
15.8674
15.2044
2.1954
6.3114
15.3461
5.71068
0.200122
18.6307
8.56604
19.7415
19.4832
11.8572
13.3229
17.4308
0.785505
16.5922
11.4153
11.4334
19.2574
13.2839
6.24447
9.1236
12.8054
3.34874
14.2003
7.11186
17.4164
2.44092
3.11286
5.84654
2.03603
1.78164
12.4491
0.0719033
13.7256
8.12303
10.328
2.07093
7.56014
1.90794
2.69769
9.61863
0.0246484
18.9573
11.392
15.9606
19.2782
13.2024
5.76156
8.47528
14.631
11.0954
4.65172
11.0446
13.6612
12.6965
17.5771
12.007
5.05683
11.9203
1.22942
13.8628
13.9338
19.193
12.354
8.0672
14.4486
0.395702
18.4328
7.26336
9.36453
18.4247
7.3773
9.27766
2.96685
12.5238
8.39967
16.9185
9.27442
13.8515
13.3072
15.9392
17.349
17.2908
5.50675
7.03662
14.7834
16.5352
11.6509
7.84361
12.8066
2.10643
9.3622
5.50764
7.72131
11.9115
16.3557
14.9744
18.3427
1.31839
3.87727
19.0167
6.33068
18.296
14.2089
1.02543
4.52846
8.5916
8.41674
11.78
6.31378
16.5257
2.0404
7.75832
10.1829
2.73734
12.4333
2.97216
9.60064
10.947
15.4595
9.73388
9.50495
9.78821
6.01473
10.4571
4.57694
12.4129
4.17451
7.94387
14.0029
8.06411
7.65807
2.39211
1.44256
16.3337
17.4057
4.79348
5.21425
9.11081
13.7657
11.9901
0.918591
1.55848
14.1846
5.9596
8.64009
2.7999
18.517
11.9318
15.3692
10.0317
18.5375
18.3489
16.0617
0.649884
7.94102
6.73736
2.35593
16.8873
2.83278
14.7837
4.68661
10.8682
7.09186
9.94226
12.1976
10.7245
11.0328
4.22936
5.82566
15.345
17.3707
13.6121
17.7141
17.2158
10.1199
7.84839
16.7773
4.59062
3.61598
19.4872
17.8022
16.46
18.7586
6.76293
18.4065
11.9014
7.58465
18.2652
19.3773
8.53304
11.3431
12.1095
14.2291
13.2964
18.8906
13.5862
6.72409
19.653
4.59297
19.7207
10.1747
18.4269
17.0386
6.99529
18.4718
1.65878
17.1503
10.9278
11.2286
8.43683
10.3713
2.44051
1.66078
2.89218
12.0338
18.3766
9.11794
18.9361
2.03306
18.1627
9.0731
17.345
3.53787
14.4592
18.5731
15.8541
9.0512
1.38807
19.1861
11.0303
4.62563
0.688826
17.4961
16.0457
6.49628
9.73558
13.4438
19.5982
15.8643
13.6886
17.2373
13.3192
10.0445
14.2598
3.52463
2.56279
10.4333
19.3958
4.47187
12.4794
1.98786
2.40662
1.01561
6.60619
5.85086
0.280753
15.9939
13.6345
12.0754
1.05623
2.1073
0.604411
9.28307
19.8026
10.5791
6.51594
13.6979
1.19293
13.2514
2.73208
6.75147
5.51901
5.45548
1.27237
15.0595
19.8145
0.400469
6.27395
8.30511
8.48705
5.9885
5.62377
0.0988264
14.0771
14.0853
18.1861
5.89864
14.527
17.8408
12.1203
17.89
16.8761
5.16088
16.0186
9.90325
10.9423
1.54265
2.28216
5.33307
7.516
5.95784
15.0508
8.26558
4.32762
11.5023
6.63259
14.6523
5.17201
14.8944
5.74484
3.87612
8.69685
10.3683
16.3292
9.17183
7.83869
11.9148
19.9406
15.5911
2.43827
1.92836
4.59405
18.0237
19.3211
4.20139
3.28764
12.9619
2.91248
3.07832
3.75995
17.9976
1.3097
10.9663
8.76693
0.713946
14.1927
0.515696
0.108802
7.77655
13.994
0.283012
5.77543
2.297
7.30438
9.60018
4.94874
6.60741
0.972978
12.3176
17.2066
8.84635
11.3675
6.26234
0.367042
8.87602
6.9065
3.24375
15.0064
7.72954
5.98811
3.92484
0.385287
7.7292
6.59489
4.21194
14.794
18.3257
10.4991
17.8825
10.7177
2.33266
11.84
13.8093
12.5965
11.7902
1.94292
2.73806
8.75742
4.00534
14.7525
9.19155
16.7581
3.33718
7.68334
4.77044
1.81376
9.898
11.7817
9.06007
14.6798
15.6066
4.25376
6.52435
10.5653
8.18143
14.3828
14.0963
14.7298
16.9279
10.1041
1.1277
3.99713
18.4965
11.9221
10.0942
1.48289
11.5909
3.65277
3.38675
6.89076
8.6965
18.9626
17.5513
5.16771
7.56875
15.4156
5.95403
19.4606
7.16633
0.380387
4.20291
11.6602
1.78809
18.9118
1.33578
12.0155
7.05325
16.6842
13.0374
13.1244
18.6717
15.8497
18.4983
6.64876
2.63234
11.7521
17.1817
8.40625
5.27135
0.889431
18.7171
4.69114
15.4647
13.8457
15.9617
13.5639
11.1404
15.3089
7.67427
5.34614
7.08489
4.13722
14.6512
13.2941
14.053
0.302133
14.2955
15.149
19.9001
18.8275
16.869
12.0512
6.35996
13.3072
14.7105
0.125832
15.3091
18.7022
4.41764
15.6825
10.549
5.26573
13.6079
2.62968
5.11775
3.83655
18.9406
19.199
4.20049
10.2991
7.01975
6.47167
14.419
12.3113
9.67062
11.2659
0.0306795
2.26575
2.89351
17.3967
6.33757
15.5253
15.8396
11.0238
1.16796
15.3277
7.57839
0.229777
7.90744
11.306
19.3619
19.6663
18.9241
11.194
14.0915
11.9781
13.5993
6.42841
14.8773
14.0295
6.18488
4.46621
3.00852
16.4064
10.979
11.4212
10.4198
4.92295
14.3797
1.845
15.5719
19.9895
3.39758
18.1177
5.3474
7.79619
10.2738
4.74674
10.8556
3.35241
11.1998
2.25445
18.5443
1.43673
4.33002
7.01983
19.4747
4.76416
14.3186
19.7154
14.3016
2.86344
18.4191
10.8506
0.80503
3.39617
17.5071
1.70059
11.9563
11.974
9.08623
3.60124
6.79435
4.45203
10.4155
18.4721
18.5777
18.3677
5.08271
1.97938
13.994
14.4031
12.4602
9.73854
0.486045
18.2567
10.2942
11.218
8.93405
13.9139
11.0109
17.7533
9.51867
9.67612
15.508
16.4576
13.0289
17.2052
16.9771
5.8271
5.173
17.98
10.5068
4.87025
19.7957
2.03004
12.4856
7.07369
16.1489
13.1895
2.9036
17.82
10.7915
19.6024
5.15042
14.238
17.2883
3.97433
0.264465
1.27595
8.99566
12.763
8.60271
0.277917
11.1951
13.4733
2.94925
13.1938
11.0088
1.89195
9.01329
1.39787
14.5787
19.0979
1.53743
7.04162
7.92309
15.2834
6.38332
4.48012
15.0268
16.6655
0.971289
6.65991
18.5932
14.2317
4.42763
5.85593
2.533
0.903166
1.46415
13.4967
6.83757
11.3794
2.38566
13.8128
8.52974
14.3572
10.4308
12.599
3.26391
19.9141
4.36629
3.80403
4.44076
13.9752
13.3623
8.21607
19.0147
17.2922
9.16771
6.23319
19.2478
0.393411
7.14603
19.8547
14.9759
11.4687
7.93425
11.7654
12.0437
2.15231
19.5427
9.06361
4.41527
6.65504
8.91151
1.86544
16.8237
2.42335
11.2428
12.5442
0.758901
1.45367
11.2915
18.7409
9.16201
18.9788
10.8445
12.2885
10.8011
16.0314
7.37452
11.313
19.9178
10.3149
9.7883
0.248219
7.25715
1.55652
9.3045
8.07356
15.1646
0.463677
14.414
11.1939
3.63885
11.602
4.70857
5.70644
6.21718
0.415587
13.936
9.57859
10.1586
9.92605
5.46133
4.98416
3.34451
14.8993
1.06202
19.1334
13.2311
18.4651
2.4767
19.8206
4.45576
2.52373
0.601766
4.41173
13.2253
6.81113
7.30879
16.2807
16.3811
5.96453
15.6177
12.3452
17.6257
13.3235
12.6175
14.7116
10.9329
1.99206
17.0553
4.75419
6.10483
18.4766
6.60589
2.76354
19.7183
13.0162
6.88897
19.2006
9.25075
11.7686
2.23905
19.464
12.282
15.2624
5.38179
13.1326
3.86757
4.64987
15.7593
5.76787
16.8898
13.3733
7.07608
18.2658
7.95678
5.50407
18.4234
19.5249
10.9992
10.5605
5.17715
17.5648
14.3382
13.5105
9.31686
4.27324
17.4146
14.406
2.56762
14.9751
12.2993
9.36924
13.4585
14.7304
7.63339
18.1061
15.0643
11.1315
15.9731
6.22286
9.23777
16.0557
11.7736
4.02978
5.9265
12.7148
0.802181
7.66335
3.41514
17.5908
16.8767
8.23714
13.8548
7.49744
19.2713
10.7004
11.2815
2.77163
16.3965
19.1907
8.34054
13.3713
2.90652
0.543653
14.2125
15.0963
9.89601
12.0293
4.85393
5.06637
4.35076
8.16822
19.2034
0.706789
9.67339
4.15573
12.1049
7.82023
6.98048
7.88158
10.2191
1.19471
15.3429
19.5943
6.8442
1.74686
4.74419
7.31693
10.1731
5.39219
1.01017
3.66805
2.7623
10.5535
0.684593
12.2679
19.873
19.8322
17.1949
8.97837
11.2576
16.7386
19.2875
4.34555
12.8831
0.676705
1.72909
16.6762
6.03752
15.3264
12.4374
18.9886
13.9635
7.36069
5.36905
15.2159
3.68991
14.7479
17.7057
7.5403
5.51711
13.7688
15.0282
8.53065
18.9336
7.98395
3.23864
10.4844
8.87459
5.64282
2.89307
18.3418
10.1209
12.6204
0.259553
14.9059
1.95254
4.76213
12.4033
0.561703
4.63601
3.44512
2.956
10.1823
1.96811
2.68262
4.39071
16.3437
14.8805
11.7686
11.4174
7.67517
15.9695
15.6543
13.9403
19.6453
11.0747
8.84043
5.74319
0.869478
4.73309
18.6913
4.33499
3.6783
6.00112
3.5784
8.27539
18.1013
16.2587
15.5256
3.40029
11.3229
7.21815
10.1812
9.31473
15.7786
10.5671
0.302502
2.38402
15.0829
6.24105
11.9486
7.44547
5.80075
16.9848
1.00915
6.15929
0.971706
14.785
1.7485
6.9409
14.0032
13.4146
19.0217
0.956632
14.6432
0.84109
5.62187
19.8469
6.43311
10.1335
7.10948
14.2734
19.714
12.9472
13.8704
3.11987
14.9748
15.9671
6.37849
3.48729
6.49638
2.44445
9.28143
5.02635
12.1465
6.37241
0.615961
17.3615
2.2769
16.1801
7.42529
17.0376
17.1848
15.6708
11.4363
4.39642
9.46152
19.2433
16.9775
19.785
2.04871
16.6206
1.09851
11.3677
10.1136
18.9137
18.5791
8.01214
10.681
0.410252
6.09719
16.4825
9.56292
10.4094
4.35447
19.6871
6.14082
1.30045
5.22076
15.3175
0.5846
10.2443
7.79902
0.0270172
1.89013
13.8181
7.92147
14.4537
9.44856
8.73741
5.20432
7.757
13.9481
8.16112
18.5309
18.1751
19.1911
7.86396
18.6875
3.27097
6.26752
10.5222
16.9795
15.3001
8.3488
4.64969
16.88
0.137868
18.5621
8.00943
7.61329
2.93171
3.78993
3.26631
3.90471
17.4502
18.4641
13.703
3.04942
3.32006
9.84491
12.3132
3.09874
15.7585
15.9026
2.78122
4.2394
8.29031
11.1352
2.05013
17.5175
10.3331
8.85118
10.8658
2.07105
6.89682
18.9669
15.945
6.70615
0.282283
3.8773
5.62731
1.50005
6.67284
6.08451
15.8112
17.8232
12.6309
16.382
19.8654
6.0752
17.5278
17.6728
0.838011
18.2152
17.2218
10.2605
11.3393
5.97449
16.8268
4.56092
9.44309
19.9122
0.882353
13.2962
18.076
7.9969
