5.228
17.9575
18.0908
0.622161
14.5933
14.1874
17.2653
9.802
4.07541
16.949
1.74539
13.8204
15.7633
17.3541
8.42482
17.9522
17.8962
9.63325
17.5514
12.0448
11.1793
6.68442
5.72059
12.1828
11.0875
18.4085
13.7606
10.1503
18.1472
12.671
19.5184
14.3076
6.57031
4.57691
12.7064
15.2755
10.852
1.80775
17.7252
7.71569
4.13379
13.5448
0.648644
3.53327
16.5152
19.6167
5.56363
1.53192
13.2544
19.4993
5.53246
2.11239
11.0661
18.4477
11.1997
17.7939
5.61814
4.35285
4.51557
13.8083
13.307
9.26551
13.6825
1.22844
14.1074
0.496564
12.3982
0.0203897
17.9701
14.3013
3.9322
10.9628
16.4231
3.93286
14.2623
7.82795
9.84079
8.97529
5.97424
14.6622
7.37135
7.49498
16.4315
3.50485
0.83371
4.8724
7.07377
17.8086
16.3252
14.0139
4.00132
9.71144
3.40363
10.9445
0.667342
16.8058
10.0872
19.033
16.0069
17.2912
17.8678
4.6791
13.0048
12.6627
10.8004
9.74142
11.2997
0.811305
12.9279
10.1307
11.2388
5.64693
3.95641
14.5083
0.335093
18.6496
11.0413
6.26652
15.37
7.80308
13.7611
14.4771
9.17067
11.9087
7.25217
10.5356
16.0819
2.89924
18.8817
5.61576
17.9866
19.0739
13.4116
13.3206
6.23426
0.664435
0.80742
14.0679
4.79994
0.0827294
15.3648
3.35788
7.78497
1.31244
17.7381
14.5204
7.46113
11.8973
10.3665
2.43073
14.0885
9.54261
19.9348
13.2049
10.9659
16.9527
9.76506
15.4053
10.3605
15.1788
2.41614
14.3007
10.7958
12.2062
13.0645
8.25143
18.0988
17.565
9.14494
15.8565
6.95135
15.3486
7.0909
4.61086
2.42322
11.1867
5.24767
10.6961
6.95794
17.6205
15.298
0.962473
3.66834
7.11888
0.774997
18.7213
19.6042
8.94482
12.0794
1.27564
13.0237
1.82028
13.787
12.5652
5.55358
14.2183
6.01808
3.80945
3.81766
14.6531
0.913921
6.12851
1.81424
4.36731
15.3378
15.5664
14.007
9.12276
2.29124
6.05458
9.22416
7.4624
12.0589
1.63817
13.5797
17.4239
8.42376
7.03809
7.7228
5.34327
17.5655
1.929
18.8861
5.88258
13.3147
1.08367
5.63068
8.26754
12.7377
17.1173
0.36095
0.834019
13.3393
11.867
7.73545
12.9981
7.2474
14.9607
19.8568
6.53151
19.3845
17.9815
14.2913
6.27152
1.39367
7.13019
10.4648
13.1039
10.0608
12.0787
5.93843
2.31248
5.31322
16.2079
0.882899
6.57389
12.5207
6.6419
7.26339
14.896
10.6106
19.2746
0.953221
7.36797
6.48707
10.4877
16.1695
1.04369
17.962
18.919
1.36218
2.17456
2.80797
2.56005
0.227928
18.7846
14.6538
6.76712
15.3256
4.88673
13.6292
13.9272
17.2552
3.82565
19.4183
18.0322
11.2729
14.2732
17.1591
7.8628
3.32219
18.2944
14.9612
19.1857
7.36844
8.80637
7.93724
2.94854
1.3145
16.2201
2.32618
14.1292
14.6851
1.47781
7.28313
8.35099
17.324
11.154
0.92861
6.92384
1.54475
4.00353
18.4011
3.09794
13.3321
12.8975
1.03518
5.48878
3.60715
3.3326
0.166377
10.1748
7.34613
16.4494
14.8925
19.8043
14.9138
15.9753
0.530215
6.89039
8.79921
9.0471
10.6402
19.2647
16.2246
0.960447
2.43516
17.0338
9.68108
3.06105
17.9417
2.54826
10.9976
3.76163
16.3932
4.66655
0.800622
9.63224
19.5497
5.58732
3.36362
8.28906
5.98301
7.68726
16.2355
19.6777
18.5505
4.52712
3.11969
9.11167
5.90733
18.5966
17.0259
5.04667
0.72661
12.4632
9.01771
16.6623
17.7375
17.8465
4.95336
16.7497
14.8058
11.9935
8.48606
16.3629
8.38436
1.96607
12.4148
10.2154
2.73709
3.01673
15.9168
12.1479
0.13306
19.7296
6.59375
9.89085
12.5293
8.80016
0.276742
14.9099
9.23565
0.818239
6.89013
15.3956
11.1903
12.679
14.8259
9.29324
12.5524
4.32642
3.31328
7.24513
19.8425
13.3384
18.1455
6.11105
16.9079
8.55254
8.76286
14.7356
9.89771
4.48753
14.8916
11.7471
14.9024
16.3975
3.58603
17.3316
