11.4568
4.15681
7.74369
0.430698
1.88095
12.6922
11.516
3.69563
15.2218
8.40146
16.1257
18.8741
10.453
15.1817
11.6298
7.23629
6.03196
16.6387
5.75692
0.197341
18.9304
4.41228
14.1459
3.11992
16.6165
9.74561
15.2299
5.04648
6.6298
1.617
14.225
19.5883
15.6589
12.482
18.4391
17.6938
14.4618
9.514
2.45971
9.71843
5.30221
11.8195
3.15877
14.1438
8.8407
6.37176
13.7431
15.1335
7.88591
14.1588
16.8991
2.66903
7.8752
19.3952
6.9193
19.0715
14.6278
18.4731
3.95907
14.3958
14.4432
14.5517
18.9504
10.276
15.2419
2.5231
5.27632
3.92411
7.25493
14.1781
3.4248
6.41217
1.74606
15.0664
18.4225
12.187
5.92094
13.4556
10.4986
14.1172
7.73351
2.14098
8.77264
11.112
12.1774
17.6278
19.6701
2.36962
13.7976
7.70366
17.3871
15.589
8.30466
12.1357
0.121946
17.6677
5.19193
12.2398
18.3529
2.94721
19.0448
1.10867
2.09117
15.099
11.6497
3.99733
1.53339
7.00363
0.552134
17.4888
0.688733
0.573791
14.5652
9.42348
7.7377
17.3817
11.7984
15.91
12.9886
5.10349
13.5738
0.354881
7.25632
17.8381
6.69772
18.1463
7.5797
19.7929
19.1477
14.2438
15.0585
13.481
3.73121
10.2873
3.83338
5.21943
9.38656
3.64306
9.91773
14.1813
18.5541
3.23271
15.5504
3.93265
1.90749
10.9138
8.97703
19.9243
2.70578
19.5315
2.31236
19.6329
10.0983
17.4443
14.7807
2.52585
10.7384
17.0079
4.71699
6.45137
1.70703
4.86893
2.42683
17.722
14.5741
1.28742
11.8896
6.60349
7.38819
11.8383
9.76476
8.25556
12.8588
16.9148
9.67612
4.84617
10.8266
5.01713
11.865
4.51729
4.66783
7.20847
13.1866
18.4405
11.2214
1.16106
13.9803
18.4682
6.33607
6.80562
16.7955
11.0378
15.5078
1.64261
5.01185
7.79292
3.2278
19.6427
6.59136
15.6682
17.0923
4.44849
7.95903
14.5196
4.43791
8.05854
4.23417
19.2096
9.21771
9.63685
16.5987
7.50209
3.98581
18.9641
7.05386
9.36665
17.9448
15.3422
3.357
4.1913
2.59431
17.394
17.4681
7.9021
7.81087
15.261
5.35669
2.50144
12.8293
1.54167
9.53837
13.3194
5.43152
5.53992
12.4946
6.77709
18.4093
3.51801
5.83448
18.6765
10.7238
16.1212
18.8881
8.14412
14.6427
7.84654
8.00691
17.9606
10.9484
12.1401
18.3315
9.77423
1.61294
16.3277
16.4562
11.8703
1.66072
0.369407
2.478
15.3998
12.7185
7.68569
17.0428
15.7193
6.23731
13.0494
9.15729
9.15005
5.19527
17.889
8.67873
8.17062
4.91616
16.3723
2.18955
4.35111
16.7498
16.0395
18.5301
11.5075
2.46479
8.69632
12.7856
11.3459
5.61597
11.545
3.78303
14.6443
5.3586
13.0033
5.75483
7.45883
2.62823
4.64188
5.78341
13.1119
4.89513
9.96455
2.95099
16.5461
18.1073
18.1004
17.3155
5.50548
13.8775
4.06526
2.81054
9.83426
7.18747
6.55385
15.1877
0.169176
17.0251
15.9479
14.1673
17.5558
19.8712
5.53112
13.482
9.12855
10.2723
15.7132
4.36286
0.23706
11.7765
0.667331
18.2078
8.01286
5.71628
7.07952
8.32164
17.7993
2.21376
13.6265
4.6809
6.32262
16.1294
1.36401
14.3026
15.2366
8.19647
7.95268
10.7229
7.47847
11.9096
3.7042
1.16694
16.2517
10.0739
7.59658
0.478198
10.1519
16.6955
8.0772
5.51376
3.13155
3.66728
2.27189
3.9795
3.8829
14.3526
3.66683
6.54158
3.77192
10.0925
11.3151
15.7403
1.48546
17.0427
3.92949
6.46869
4.34752
16.6466
4.2377
7.46955
17.1258
1.03664
6.05293
12.2627
0.884447
15.7017
1.87
18.5929
18.5743
9.62757
0.645763
0.0346089
1.6226
18.3506
8.82415
17.9596
6.45051
5.27137
6.30611
13.5736
6.61242
11.5861
12.9269
17.8261
13.0791
15.6028
5.96956
11.8205
11.7855
5.37199
7.08021
7.12631
9.19551
1.64697
13.2959
8.91637
15.6596
19.3214
4.19003
14.3709
6.79134
14.4356
10.2081
12.9778
15.2133
14.0066
15.3419
10.9718
14.1121
11.4283
8.48582
19.2576
7.1774
8.29824
3.88901
3.35977
10.7792
10.563
6.19806
14.5522
10.1621
17.3606
5.0475
9.4811
13.3202
9.18601
11.6903
10.8578
19.6207
0.350024
8.02093
1.6233
7.79086
14.4607
4.76529
0.926014
1.25008
0.912285
9.99317
8.45493
8.73691
18.2186
12.4976
19.2765
4.88387
15.6066
3.85763
1.74333
15.5969
5.54982
16.9371
1.16594
8.91906
7.87388
13.476
13.3082
10.7424
13.2561
8.43663
7.42877
3.30161
2.25895
3.45255
3.23462
17.3152
4.18525
15.1562
12.1735
11.4481
13.817
1.79123
8.63426
13.7319
17.4513
17.9929
12.7494
12.9009
0.86807
12.7287
17.313
3.33024
4.98581
10.0052
15.5807
4.96121
7.07759
9.76049
2.93736
11.0463
18.2804
2.05034
4.42237
2.0917
0.768927
6.18284
6.35149
15.3583
6.75535
12.5686
1.5895
14.5623
7.88173
7.27045
11.5824
7.39276
11.1292
18.7331
6.54663
15.8086
2.99891
0.0610938
6.53464
7.65126
17.0216
3.96787
8.82702
1.54719
9.67141
13.3051
14.5741
7.93833
13.5106
17.598
18.3387
8.79119
12.4028
5.25659
10.4649
7.20846
6.0636
5.57721
4.73559
2.43414
6.83246
7.24146
16.4689
1.68757
12.1721
16.797
14.0138
2.58244
0.990181
1.56954
19.6154
16.0338
8.68553
11.6862
2.86266
16.1559
6.78085
2.44081
1.7316
1.88991
12.0086
18.2068
4.35401
0.467285
19.7362
16.7528
2.7454
4.76976
8.09236
7.48677
6.19892
17.996
17.4375
10.234
14.3856
7.71575
0.153745
15.0774
17.0142
16.2695
2.48874
18.7349
10.3736
18.0561
11.9358
4.91832
12.2377
19.7702
5.05287
9.85963
15.8204
4.45592
19.6216
12.8803
11.928
13.2232
18.467
13.7768
16.2601
10.9394
17.4553
14.3729
18.9907
17.1723
9.85399
11.0851
16.8018
13.1112
16.3854
4.46671
4.00261
18.2814
4.16971
8.51636
0.410104
4.56481
2.05169
16.7769
12.0706
11.6867
2.07656
2.48999
7.86528
2.14471
16.4868
2.46393
3.1547
1.10629
11.0039
14.9287
0.056401
11.9286
15.6971
2.41304
0.998916
4.31534
4.10462
18.3636
7.12395
9.24057
8.43767
14.6402
8.18335
7.07008
11.4748
13.6627
12.2964
0.597601
4.6834
19.7547
1.96493
19.9552
13.3653
9.13386
10.6941
9.30033
2.37591
1.09379
1.97952
14.2561
7.90986
7.82759
15.5241
7.49525
0.760859
10.1901
14.7151
12.2661
14.8352
18.1608
13.8203
10.9848
8.3118
9.23205
11.3762
8.8415
3.605
9.6123
4.90474
0.698357
18.2429
3.81962
5.5593
16.0362
15.8068
13.8383
15.9169
5.60147
1.22287
12.9228
7.17733
19.3857
11.907
17.9263
15.7591
4.65412
18.8384
16.2102
2.89821
8.93653
10.2096
6.79009
2.55242
2.38162
0.935935
1.88591
10.6081
3.17614
16.2359
13.1032
11.8226
8.76467
6.48638
19.8131
10.4504
5.09183
14.2373
10.4729
19.4671
11.8398
6.11323
3.14308
9.4331
18.3126
18.1259
2.81079
18.6323
5.55054
10.7966
5.2109
12.8614
19.8978
13.2632
13.9452
15.4617
13.2004
16.8377
3.28304
19.7685
18.2353
16.6546
15.5727
9.66455
7.40869
4.45068
7.34376
2.93215
18.6552
6.44016
11.975
6.718
3.29323
5.62915
16.8539
4.79332
10.7658
19.7772
18.2386
18.5786
4.15928
15.0036
11.4357
8.73464
11.8453
8.52971
0.48473
5.75621
16.0691
5.51452
16.1245
19.0518
1.39694
19.2824
18.5431
12.0806
16.6894
7.43674
8.03731
12.871
7.51433
17.3737
8.52773
13.8512
11.9013
4.85527
14.301
19.817
6.41859
3.8601
16.5078
12.8077
0.0933867
6.57653
5.7432
7.62608
19.0378
15.4202
2.13632
18.9156
6.92588
5.04052
8.87775
7.26277
18.4398
14.1586
0.0723927
0.250619
19.2285
5.54001
