0.619292
13.7602
9.88146
15.6185
12.6783
0.715325
1.38354
10.2008
16.9785
2.08768
17.0469
2.7003
14.2719
6.09177
17.6541
10.3526
18.7277
18.2008
6.96726
6.13891
8.25356
1.93498
17.4688
8.61693
9.14572
3.13694
7.3688
17.6373
5.298
18.4189
11.7641
14.4678
15.1809
7.21714
4.15133
9.50205
2.04685
1.9392
13.0915
14.6772
18.1948
4.86713
17.61
10.3588
5.34614
18.1893
1.09833
19.5952
8.06921
5.62194
19.878
4.43412
15.9318
5.74653
1.67388
16.7242
8.96564
11.624
0.34882
18.3534
7.93015
10.8467
6.19475
4.24408
0.740857
2.37208
10.7162
19.7008
3.94754
7.93944
8.81653
13.3943
18.7901
9.84715
14.8732
7.98075
10.861
12.7938
10.9167
13.074
19.3614
4.08394
3.94346
19.2686
11.8245
7.47324
17.6411
1.24581
15.1969
3.87581
11.5754
13.5788
15.0902
3.61485
4.64232
19.7633
17.4084
10.9506
16.2734
3.71156
18.7685
8.49789
1.34937
4.62806
8.42489
3.01793
5.70188
14.8806
9.45993
7.04818
19.15
11.967
12.1277
4.05252
1.72048
19.8112
13.9374
4.79577
1.83811
19.5245
18.568
14.6747
5.93809
7.72588
8.56041
2.6025
7.07179
13.1555
4.61617
8.6734
2.61754
14.7339
11.4058
14.8644
15.7411
4.50552
18.3941
8.89548
9.37539
11.0013
19.3087
13.186
4.91855
14.685
16.6301
0.288726
9.11289
11.3785
4.56964
19.9471
10.3691
1.57626
17.3099
0.15139
10.0846
15.8162
16.8997
14.3341
15.0893
16.6772
7.72978
15.1454
8.82752
11.5964
5.31224
2.23282
2.66409
9.44727
12.5385
16.2927
3.00485
2.21609
0.482746
0.174631
6.74686
17.5244
18.4583
3.1865
18.5701
9.55557
1.26657
6.41787
6.6471
4.17737
5.40346
14.1531
1.75326
1.43914
16.8901
19.8512
11.1042
13.0363
9.95922
16.5718
7.49473
10.8152
18.9031
11.2636
2.58668
3.12186
9.32112
10.2877
12.5752
17.068
12.1613
4.02909
18.517
6.20926
7.83258
8.05037
8.98737
2.65748
10.972
15.3217
17.3729
11.0415
18.342
6.88369
5.84253
0.478001
7.20428
12.2855
5.96527
5.84594
2.44699
12.126
2.75992
14.5865
18.2531
12.734
15.5335
10.3562
4.81753
14.275
10.4719
7.7096
2.6772
2.59264
13.9702
0.854566
19.1037
10.7127
0.526005
6.78737
19.9535
12.4032
9.67978
18.1875
3.81168
4.62213
18.0969
5.87597
3.6582
7.39367
16.251
6.01892
18.0963
12.0605
17.4599
3.82503
15.7603
7.32688
1.8899
16.5543
0.594076
2.90137
7.353
18.9317
15.4634
7.53806
13.6547
14.7122
1.50196
0.902221
16.78
5.67472
13.8661
10.8096
14.6417
6.82534
18.1004
6.64345
5.21896
19.7184
5.87354
15.2022
10.4644
12.5624
19.4075
1.62499
16.048
2.76386
8.37577
7.3697
9.28205
16.4832
11.538
18.8167
3.8238
7.84709
1.67593
8.5379
12.3573
8.61609
6.75378
4.71201
0.034354
10.0547
0.475258
16.0896
1.6848
17.6067
7.75113
17.0103
4.4682
5.30227
3.03139
3.97343
0.309844
18.5356
8.75978
0.89085
15.4749
7.24082
2.42729
3.41001
7.76583
12.4442
4.02562
12.1891
10.1822
14.7137
4.59794
4.02378
12.8524
17.3491
0.316921
1.60124
5.60882
16.206
16.2929
15.0986
13.521
13.7302
11.0575
3.35817
7.7178
13.6725
2.05724
19.8621
19.0861
12.1667
9.08137
5.19618
14.1147
1.82239
11.614
7.73572
6.90862
13.547
1.75064
17.1812
8.17668
4.20643
18.6088
15.7294
3.05438
11.4064
1.97712
3.22074
18.192
1.18824
9.76403
12.3337
7.3549
8.08514
5.96452
9.37636
12.9356
10.8896
18.3976
12.9346
2.54313
15.2732
6.70405
14.2923
8.28519
1.68273
17.888
18.9963
8.45257
5.68425
2.82461
16.7905
0.993946
5.49754
17.0035
2.70143
9.90201
2.4375
3.52982
14.8319
8.20306
18.1081
18.7454
15.0551
16.2144
12.0972
17.0172
3.64407
14.14
9.64993
4.28717
8.6705
18.9526
4.45536
2.22632
7.21391
10.6331
8.74935
12.7742
11.579
19.628
6.56744
11.7659
13.1306
14.4868
3.7721
0.407246
13.8128
12.8099
17.102
19.8441
10.6654
11.1919
10.6462
3.48907
11.9031
0.848589
14.669
6.75831
0.0830955
0.668745
14.0226
4.06869
2.29489
9.34675
12.5576
6.02396
16.0763
8.67498
4.57065
10.1276
17.5892
9.29309
16.8791
4.44667
12.9008
12.2045
3.19518
5.02633
0.155143
1.36864
16.4169
19.4089
13.5316
8.29701
1.74792
12.2037
12.1585
1.88213
13.5235
3.71993
16.4053
14.4688
16.3197
18.4545
1.51938
11.66
13.5136
11.8721
2.63865
5.17322
7.25529
13.0913
7.24228
2.13189
6.02729
14.2679
11.585
6.48867
19.7491
1.02395
8.95578
14.4381
15.777
17.4418
13.3686
3.93065
8.79397
17.8653
11.8351
12.15
0.61726
5.40162
3.45968
5.9085
7.33075
5.27528
19.844
13.1895
5.92935
2.06017
15.4771
1.03031
5.92139
15.0966
4.05717
0.909369
7.33212
1.60672
9.97431
5.08273
5.96504
2.93983
10.7384
0.856027
3.4452
8.98168
14.2104
1.18176
11.6031
8.49728
11.4716
3.80042
13.5925
3.44193
11.7677
19.3567
1.09873
8.59882
17.6342
10.2152
8.60992
4.37236
6.52003
6.21426
7.19242
18.1899
14.7221
13.4623
7.81598
2.49344
15.67
19.7479
5.72372
12.6052
5.66804
2.72152
10.4543
17.2517
16.6927
7.05699
4.21628
12.1582
10.9055
7.43316
10.8656
12.2657
6.84558
18.0692
13.5025
6.26421
18.7122
1.55283
2.62932
19.3249
6.71666
16.8418
19.2065
9.59878
9.47322
9.91685
15.7077
8.80828
19.7769
5.90717
12.7236
12.6224
11.3139
11.4187
11.14
0.603548
0.62489
0.217333
4.10457
14.7105
3.27334
11.2495
3.1361
2.40308
18.1524
7.84372
7.57909
16.9321
1.09127
17.7122
0.12847
19.8282
14.9767
2.13816
14.1736
4.25865
0.592184
13.9546
18.2762
5.26973
8.69941
10.8513
17.5911
6.3974
5.06143
16.4541
3.10871
0.791144
19.3567
14.4664
2.51178
6.75925
3.23187
18.1205
19.8714
15.5541
16.1306
5.75782
2.75501
9.85515
4.52255
19.4958
0.308983
17.6355
15.7185
8.5948
18.2361
19.4226
18.6351
17.9425
13.2004
2.94096
1.07667
6.01781
6.00812
18.426
16.3857
7.05797
0.0333628
12.7398
18.22
13.5208
16.5521
1.40761
4.63708
3.93183
16.4528
17.698
10.0066
18.4493
19.384
12.3927
15.2256
16.1971
5.03001
8.95204
17.5164
9.3856
9.51902
15.0944
5.14102
10.5408
5.22385
15.2541
7.52478
16.2095
9.10854
15.3237
6.97143
8.06905
3.06242
4.36501
1.51983
0.982137
1.30409
19.7545
6.68634
16.1341
13.4756
7.37127
15.2215
8.3922
14.8666
8.75746
12.9312
9.97586
3.5781
12.2491
11.4002
0.545747
12.8856
14.5569
9.29771
17.7444
18.2898
5.84571
13.0613
18.7215
10.147
13.0187
17.8116
5.47681
5.08743
1.2246
4.42931
0.248947
2.04621
17.238
14.7577
1.97201
13.9743
4.32064
16.1086
5.62789
5.51296
12.1456
11.9974
10.8864
13.1769
9.91633
15.1281
4.88839
14.8837
4.37715
14.6659
18.9561
1.70341
13.8695
14.9833
19.2457
9.15866
7.38688
7.88266
2.01926
15.2088
15.042
8.49471
12.2381
3.2011
9.64613
16.9033
3.02076
5.15688
4.61771
5.56063
10.3923
0.890497
18.2048
12.533
10.2727
18.406
2.4412
18.8927
13.1162
7.24663
10.7046
11.6784
13.008
8.05556
14.5593
17.4449
3.21252
8.18719
10.2464
15.6291
1.90032
12.6224
8.7068
7.21001
7.01527
3.41578
15.1598
11.9746
0.0493595
19.9692
11.6145
10.955
11.7912
3.77735
11.5213
8.93962
7.79039
17.7802
17.5403
8.82356
0.0147109
11.7213
15.0519
17.5371
16.4107
17.6641
3.13624
6.05223
15.5827
19.3434
2.20208
16.6196
10.8217
2.70094
2.76095
15.4367
14.4214
3.00866
17.1312
13.7204
1.30583
7.95271
3.82031
17.2663
3.94412
0.0460887
9.32727
9.90368
17.3485
12.7893
14.9895
2.71071
14.6359
9.33467
7.96309
14.1458
17.809
15.4
1.07216
16.9156
5.00665
5.36585
3.75401
19.8436
17.0168
9.67663
1.0171
15.5216
14.9619
16.6653
8.88825
13.6483
2.29947
8.60518
10.5953
9.94233
12.1904
1.53243
11.1903
7.0701
13.3563
10.8359
17.2472
17.0621
17.7051
19.1881
12.5672
9.3907
2.12139
11.6737
16.1042
14.144
10.4578
0.0244499
11.187
0.901774
18.4411
18.3586
5.48861
2.62077
14.1589
14.2886
18.5817
18.9548
16.7766
19.3928
1.70642
5.73586
3.75308
16.9047
13.5676
16.6759
13.843
14.4577
15.6835
18.5089
19.5677
14.2754
6.10647
8.76098
11.1703
10.1493
6.07004
7.26416
17.49
1.11262
3.79805
13.6866
0.836676
5.36732
15.604
7.01361
5.07683
12.9567
16.5994
5.65354
4.34095
14.0634
16.6316
9.88512
8.77202
15.2438
15.8274
1.09265
16.0848
14.1878
10.7674
6.34475
3.58665
11.1396
6.75976
1.55384
9.82949
2.30056
2.98781
8.46587
17.1586
11.3192
6.54691
19.0056
13.2969
9.40339
14.0796
18.7882
14.5142
14.4336
10.7188
18.783
6.32225
5.99545
13.0861
12.7566
5.33023
13.0689
1.37916
4.52981
13.2846
10.3384
10.8907
2.5827
13.7172
2.97093
19.34
16.4272
2.87576
9.44145
5.46572
14.5573
2.96313
5.44262
11.1242
7.59725
19.8308
16.0505
10.9821
17.8206
8.14163
18.4014
2.49234
19.3452
0.199983
15.3578
13.8925
15.4142
3.94537
16.8476
9.37653
9.99198
13.6804
10.7507
4.3345
16.8449
15.2464
2.569
2.58224
14.7606
0.451511
6.35128
17.6831
5.50386
12.4061
18.6873
19.3467
10.1057
16.4033
3.15717
4.81847
17.1288
12.8363
16.5292
7.46879
3.51355
16.3194
9.47955
1.65189
19.9639
0.226304
18.5122
13.5915
16.4022
12.5333
2.80838
7.22628
10.0221
4.33734
4.84715
10.9278
10.0563
11.5625
5.96965
15.4692
3.20649
18.0722
14.1298
5.69434
17.157
4.23414
18.031
15.2512
5.12658
3.40282
2.96921
19.2645
19.341
9.348
17.1163
15.1055
9.43315
14.4453
3.05173
19.578
17.8328
8.78781
1.96202
15.2644
11.4842
13.1733
1.58806
19.0486
5.21165
6.84345
11.6909
7.8273
16.0985
7.66223
10.7854
5.41311
19.4874
5.51591
17.5048
2.149
4.00519
15.5937
17.8203
19.4554
7.79878
1.52226
2.83731
3.0829
7.84938
11.0109
14.0072
19.6331
18.0232
10.1906
19.7577
3.24206
17.6165
4.64127
5.18228
16.2135
9.54276
2.65695
4.95323
17.3938
0.649072
6.8845
3.51345
15.6274
16.0671
13.2242
2.74199
11.7436
4.74677
10.042
9.79249
19.0399
3.10799
19.4298
13.6718
8.91428
0.504271
3.9753
10.876
1.14353
14.3654
17.8842
1.94838
17.7033
6.11541
4.72557
16.3862
0.125821
7.04065
16.169
17.9926
7.48578
4.60953
7.12579
4.18712
11.2611
8.5791
17.0026
3.90277
18.7614
2.6132
2.14685
13.3827
13.9431
8.89355
12.1762
7.12328
0.871277
0.226069
19.7569
15.4383
2.41703
5.08995
2.64458
9.79052
3.71211
11.2223
3.92045
7.93429
2.54463
19.7574
12.2783
13.9317
19.2828
5.6167
6.8722
11.7153
4.18914
7.85007
1.0088
11.8133
13.8753
6.4304
11.9791
2.81745
7.75965
3.08296
13.8728
11.4231
1.38996
19.389
16.8791
12.8108
16.3885
13.1536
11.498
12.3445
5.33325
2.49797
7.98086
15.2531
13.4091
4.09434
8.60219
18.0626
5.55216
6.33635
19.0429
8.26073
6.17234
16.6853
14.8707
2.29102
9.70273
17.308
10.2435
18.0634
19.7773
19.9701
18.453
15.9992
3.94057
15.9247
11.0518
5.57192
5.63902
4.27289
19.6785
5.22388
6.96555
7.83989
11.8284
6.91139
2.76842
16.8922
13.7439
19.8051
17.8321
13.2314
11.8557
13.8286
7.49766
7.20792
11.576
14.3994
7.35468
4.88771
5.09975
16.2833
11.0414
19.2165
5.69679
8.88716
12.8426
15.2366
7.87606
5.3832
9.89852
12.8787
9.04477
8.52908
14.9349
15.6375
4.91984
4.84099
2.90837
1.08476
5.17939
2.10973
10.9683
15.3511
11.7734
3.14545
17.839
10.3393
6.94052
11.6578
0.776228
11.1833
12.6695
14.8554
8.51997
17.1148
9.01746
15.3924
7.87172
19.3525
6.27741
12.491
0.136512
1.48292
11.1422
11.6497
1.68414
17.2813
1.91286
3.78593
14.1835
6.39862
7.45268
5.86594
6.63766
3.88624
13.6288
12.3115
9.43511
12.9884
19.2848
4.80702
19.3924
18.5658
8.92835
1.43986
8.29814
9.41257
16.2706
16.3289
4.08066
5.25848
18.2539
12.1482
14.3773
15.8174
10.2606
7.90563
12.1307
14.3001
4.71015
12.918
7.88943
5.6739
9.87228
5.22849
12.4743
10.0035
3.12038
0.890437
13.8625
14.3759
13.7189
11.2754
14.4297
8.00882
7.11752
5.25924
6.73272
10.9533
16.9519
15.5423
9.72919
16.3861
2.90379
19.144
8.22065
14.5545
16.5023
18.5005
19.5658
3.92625
6.41091
12.0469
7.46392
8.24778
4.60305
5.76819
2.39206
19.9963
15.0978
4.77201
13.2817
17.1752
9.92983
7.41325
15.3732
10.3689
2.43
16.0352
2.89271
16.3978
12.739
16.0918
15.5754
3.09693
0.294745
10.3188
18.6824
15.4854
19.3614
14.9568
16.0691
5.98328
0.343411
7.60698
8.83686
1.71384
18.2757
0.275807
19.8319
18.9189
0.395932
14.6603
4.70704
1.32401
10.0464
4.53949
11.4552
15.4624
0.102949
15.7912
4.60727
5.53208
17.9557
2.81912
17.1503
1.66448
9.32965
11.6467
2.66704
1.49485
6.39528
8.74541
8.28616
13.5316
9.60493
15.946
10.5979
1.43923
0.414911
7.75481
13.4211
10.2277
2.95289
6.00493
3.89736
7.51767
17.6862
4.69196
6.27446
19.4767
5.62839
11.3768
7.20697
1.8652
12.3429
13.6912
6.65062
13.2945
11.5974
9.16354
2.98991
18.7622
10.5791
3.81213
17.6202
11.2989
18.908
4.91351
12.4904
9.8173
5.91319
12.3759
11.4535
9.63822
10.1185
0.630712
7.55506
2.96877
15.3047
6.44725
9.59738
1.66862
16.0698
13.1558
18.4407
15.8113
11.1021
6.08365
7.61141
11.8126
19.5288
9.59899
14.1246
16.8201
5.74872
13.595
11.9361
5.79544
7.30478
15.5691
7.28121
3.26631
16.127
7.05445
0.43221
17.4969
5.89727
16.5849
9.92158
4.61404
3.9635
6.11629
3.3523
16.7926
15.7029
18.5638
12.2257
11.3473
18.0182
13.7168
9.22994
2.34915
6.41843
13.8273
18.4737
1.77807
3.73809
16.4696
14.1596
18.6429
18.1794
5.29675
4.77581
19.2115
3.80237
17.4176
5.00101
1.28273
18.2361
0.498945
9.17217
13.5496
14.7599
11.7965
0.525712
10.1155
13.2263
18.4256
2.94142
4.15214
6.78942
6.10214
14.2745
5.86505
15.7167
1.11377
2.99316
2.93322
16.6842
19.3975
1.37895
15.736
17.5197
2.98779
9.6544
7.94862
3.33754
0.128994
9.30052
2.40993
3.42802
10.1774
2.95984
9.83276
0.436494
9.11382
2.28269
4.80417
6.16523
9.13744
6.8318
15.729
17.2728
10.0181
18.7402
10.4801
18.119
9.07005
16.8089
13.3597
15.596
5.87897
13.4558
8.602
13.5271
2.11178
4.74618
9.98708
19.5993
15.349
9.93015
16.8299
8.70834
15.5531
3.23304
4.80346
15.5901
15.9768
18.0275
7.97384
2.31984
13.7642
19.4886
18.5136
14.8013
8.26088
16.9767
9.06445
1.18203
3.38829
2.52615
8.74082
19.9171
13.0493
15.8068
12.8795
1.9503
6.42177
8.75753
15.7148
6.92668
12.4535
7.10312
2.69057
2.56988
17.0831
1.82013
18.5467
6.51969
18.111
12.7181
3.74411
5.03025
13.0553
19.2474
6.79108
3.46693
5.14419
11.2858
5.2201
6.46707
14.5885
15.5582
11.7274
3.485
19.3466
15.2269
19.1207
8.9746
8.28278
4.72909
8.15575
10.7828
1.0818
8.14003
1.77673
5.02555
10.8307
19.6332
13.3802
14.1928
9.01375
3.86103
17.2982
5.90468
18.2746
14.7053
13.8423
1.58623
5.19771
6.63096
16.6721
4.3799
9.42627
2.26699
9.58813
1.14402
19.3263
7.72691
5.95297
0.729309
15.8627
11.988
13.9605
0.263172
19.8203
6.45285
7.98377
2.68581
9.78715
6.89435
8.63535
18.9799
14.2422
7.86619
15.5378
16.9446
8.3827
1.34192
10.8567
15.2723
17.8127
6.11299
5.34704
0.107287
3.03275
1.4777
7.49363
10.3615
16.3987
14.1418
13.8359
4.93977
8.28625
2.06431
17.0026
18.0482
4.86951
16.9107
12.3833
8.92156
16.3746
16.4652
1.28846
3.39717
14.2973
10.5388
4.41481
1.74568
3.12229
17.7446
7.62011
2.32416
8.87683
15.513
8.00779
4.23022
3.80286
0.197059
13.9237
3.73951
17.5785
8.59749
13.0331
7.23309
17.685
14.7806
1.02747
2.44187
13.7709
13.2278
7.67966
9.30741
9.37211
18.7719
12.4781
14.3436
8.32586
8.94457
18.7156
10.0144
10.7128
16.006
2.8956
18.6086
11.8397
9.90105
9.73571
15.2168
12.0733
14.0024
4.43113
13.704
19.1026
0.23932
2.67927
12.3852
11.9283
4.13619
11.066
1.69788
1.98454
2.87094
16.5614
4.85886
14.0404
0.777271
18.8851
1.11148
1.41167
4.17613
10.4181
18.5733
16.5328
10.6837
14.0467
2.48347
15.9074
16.6986
5.76504
19.8167
7.05187
6.73927
9.29786
4.65524
8.28443
6.00573
14.5398
2.16142
0.363184
12.2743
12.7745
16.1776
5.13774
14.1689
2.42124
18.6582
7.48833
19.655
18.404
10.1782
2.31259
1.84028
17.731
4.45536
18.9459
9.33036
3.84292
13.6013
8.36247
14.3884
5.42023
5.47131
17.0049
10.0013
9.92433
7.73622
12.039
9.67585
3.76206
17.1648
11.0932
0.245501
5.02952
18.5739
4.29357
14.7803
7.88213
12.4582
9.21187
12.2364
13.4148
3.09815
17.7754
19.0818
14.5266
6.85913
5.48082
15.8737
11.3335
12.5413
0.716245
17.6563
11.7698
17.0994
2.9147
15.3825
9.36281
18.9785
2.68108
15.8683
3.01257
16.0275
12.6578
2.62792
19.9062
7.53277
6.37417
6.8657
13.7878
10.5871
1.38758
18.9979
3.42964
12.248
4.77735
15.4185
10.9779
5.19978
3.84795
19.1205
8.13011
13.2658
1.60135
5.67804
9.1704
19.4559
5.96265
13.3723
15.5765
5.79147
12.7593
17.0379
11.0487
16.2222
4.50463
9.29303
16.6477
16.1558
5.96427
6.33277
2.97837
14.5687
18.9154
8.96931
17.9084
0.925035
16.4608
11.1663
4.66654
13.3829
4.1947
14.7776
10.8091
2.0447
10.9087
3.2554
2.71773
5.97975
5.83056
1.03499
14.7321
6.15479
12.9438
15.2325
9.95209
0.0980665
11.1224
17.0097
5.86019
4.94484
15.4796
11.3536
10.7065
6.17131
3.11039
7.15748
5.1856
11.4725
2.0795
11.0137
15.4527
7.6427
3.80516
19.6512
1.13158
1.51362
15.5844
11.3571
19.5346
15.595
4.98638
17.7004
10.8914
17.7872
13.8705
19.1608
8.46504
2.88904
6.11413
13.5676
14.6616
5.07686
19.753
19.5935
1.29046
15.7021
3.9051
10.432
9.41959
9.8133
10.3709
11.7471
17.5793
1.29985
6.06302
3.47789
15.9453
10.5092
5.9596
7.06145
11.2107
9.42165
11.0624
7.32213
0.241569
7.17461
8.50105
12.0779
13.6216
4.92768
17.6464
9.27681
2.56656
13.8367
2.29177
6.0159
6.16789
12.4599
14.9389
11.7696
12.1773
19.5398
10.5256
6.37667
2.73325
8.57697
9.22358
1.04212
5.9449
7.12241
7.04789
5.75252
6.26509
10.2286
19.3314
11.8665
0.498515
7.546
10.0582
15.0188
10.991
16.3489
15.1849
10.8228
17.5716
1.47338
0.343347
10.6091
17.3132
18.3116
9.67531
14.6575
16.024
1.37613
16.7723
10.8371
2.39067
2.84735
15.2062
2.14512
16.9109
7.42147
9.85616
12.1546
5.33764
10.4118
14.3221
4.10659
0.543892
6.5744
7.04413
11.0079
10.9267
17.4054
15.402
10.2567
16.639
0.201046
13.6247
8.85917
0.0334425
14.2543
6.65619
2.90979
16.998
15.2846
0.555004
19.5524
18.8394
8.61228
12.1471
1.00643
19.0933
19.985
13.3209
4.05987
13.7861
14.349
1.24315
9.90667
0.816196
3.72849
10.6513
14.0588
17.1299
7.39287
19.5276
6.07517
17.4113
3.18317
10.9311
5.22165
17.5848
13.1615
13.5696
9.3737
13.4808
17.4023
8.4477
6.09
8.50942
3.83204
17.8626
4.72423
19.7111
4.74129
0.325468
6.61209
18.1221
10.403
7.41049
3.89329
9.8904
7.54951
9.577
16.8226
0.906573
17.0789
12.2386
7.78982
8.91936
10.0422
7.42265
6.46584
17.1504
7.01925
15.7271
5.86472
19.3892
17.112
3.00888
9.33164
8.40781
14.1376
3.82937
4.48427
10.0376
0.96589
12.7093
5.05331
18.846
7.56591
7.45832
7.88416
18.6856
11.6528
0.528308
9.36597
8.69874
8.78401
7.96315
1.34799
5.0708
4.80401
12.4142
16.2201
19.6665
15.5694
3.70027
12.2529
16.9704
18.4068
15.22
19.5334
19.3087
11.5839
13.103
2.74112
3.15649
14.0478
12.7962
10.0434
4.35455
12.541
6.52521
10.3615
5.76097
17.2606
0.585242
14.4768
16.0829
2.97118
13.9541
4.50409
2.94959
13.6779
15.6337
3.70794
16.2311
11.1706
4.52697
8.86116
1.20498
14.9318
10.0446
19.5428
10.01
11.8388
7.72087
0.330396
9.14272
14.5366
17.5046
16.5151
5.27138
5.98882
6.08013
13.6949
8.30759
15.0431
17.2376
4.15737
14.7825
9.32623
0.0886827
0.864522
1.4113
5.66886
4.2346
10.7883
19.7594
3.37144
9.41952
7.95915
8.84512
4.02954
17.8527
18.0138
7.92393
3.583
0.80709
6.71031
16.1647
18.8602
3.79829
17.5267
12.5188
2.3789
0.610443
16.4462
18.8325
8.42436
4.34288
17.0907
9.10517
12.0158
8.76905
19.1997
0.581068
15.6774
13.3683
4.70055
6.2444
2.30925
5.63147
10.0144
13.8161
16.6641
0.699347
6.89935
4.44127
19.7023
0.781345
8.57019
14.2752
9.29917
15.1502
18.5157
8.08121
7.96413
8.16507
11.0682
18.3478
5.17213
2.10688
14.7897
16.9684
16.6259
2.92535
11.3815
19.258
17.8327
11.7262
15.3479
7.81865
12.9423
4.09365
19.2638
15.2749
13.9565
14.8804
12.5269
10.5852
14.6475
14.2566
5.41557
11.5477
8.71109
6.1346
10.5952
10.1722
10.7214
8.92901
19.235
15.7922
4.4512
13.7807
1.00853
11.9092
3.3718
18.6666
4.30978
1.33506
2.23978
6.70204
17.2837
3.24157
6.28246
1.74966
14.2019
14.3307
11.5664
2.32945
9.75359
16.5876
19.7897
6.64401
8.11479
17.7466
5.77637
13.1522
1.28377
10.5659
11.054
6.56864
1.35646
3.06856
10.374
15.3586
15.6702
11.6041
14.2756
16.1933
16.3707
5.99208
15.0924
19.9521
16.6759
0.0411642
8.49055
2.56682
9.78335
16.9566
10.1484
0.985571
6.81129
6.17092
16.4631
14.8311
17.879
14.3681
3.01267
14.8629
7.82513
10.7252
5.72389
5.04477
16.1793
19.0606
14.6454
6.51843
8.60131
9.00195
11.5249
19.937
6.05511
2.14956
7.12216
13.4562
4.1941
5.92803
4.4
15.3621
3.54854
6.44185
16.7979
14.6658
19.2425
6.97118
18.4381
19.3751
1.30488
3.76242
15.6162
5.72124
12.9524
16.0201
19.3516
9.53998
10.3542
18.7454
12.3787
17.5468
16.5248
16.9263
15.8159
12.3019
6.75188
3.16473
6.2246
11.8586
19.6009
8.28323
18.0983
8.45467
3.568
6.89008
0.336246
7.35873
13.3003
10.5015
8.44009
7.71085
15.5076
18.5378
18.8938
2.99564
16.8015
10.4159
13.6571
14.1677
11.7584
14.9254
19.651
4.75136
10.427
7.59102
5.08515
1.90295
15.0933
8.59662
7.41191
17.6277
19.3424
4.48735
5.38851
9.81806
17.611
4.70335
8.5342
18.4926
4.95024
7.27819
10.3181
0.220424
4.07904
9.96363
7.21253
13.8829
7.02633
11.6529
7.26507
6.81159
2.44008
2.64846
12.2589
4.74176
4.83952
15.9595
6.67581
17.2814
10.2252
7.36929
11.5956
14.5399
9.00464
12.7683
5.95103
13.0286
9.77896
5.2017
10.936
2.10048
11.0567
9.68354
4.44834
17.8181
15.6981
4.01004
12.8195
14.6247
12.6997
4.94946
14.8547
14.8948
15.2686
8.98527
12.1309
3.32421
19.9148
12.4294
18.1706
0.951005
14.4229
9.9247
10.514
4.61444
14.9142
7.87034
14.448
16.5811
17.9872
8.03304
3.38845
12.5298
12.4898
18.6797
11.6043
14.1896
17.0534
15.007
7.81253
7.01414
14.6347
10.49
14.5899
18.3352
1.98494
19.8478
13.776
16.7832
5.95349
9.45805
15.9157
17.9211
11.9605
17.9799
5.15368
8.86973
8.50397
15.9531
12.0588
6.27583
11.7073
2.25146
14.4429
6.12304
0.409033
12.4763
12.5205
9.82355
16.761
6.25756
8.16883
1.01679
2.08321
1.55636
11.3637
18.5853
15.1881
4.97525
8.9978
10.1868
3.55566
4.27529
2.90362
13.1894
2.536
19.9786
18.9993
6.99982
10.0064
13.006
9.18003
8.58591
16.0183
11.8138
11.3447
17.4217
13.3951
5.25947
1.89378
7.75923
2.11267
7.37935
8.4556
14.4427
15.7308
3.43043
9.46847
3.87066
8.41743
19.3849
9.53526
9.44064
12.6052
1.81083
1.84659
4.31119
6.02909
1.78982
4.16229
0.0545698
18.8598
1.33357
5.26217
13.4132
4.94561
7.52498
18.3459
10.6616
1.06328
19.2321
1.48081
4.90101
1.8433
13.1275
9.83542
5.5755
16.0015
9.6985
7.38058
10.144
9.94384
9.30466
18.9389
8.73388
7.81415
0.340568
19.1485
10.3845
2.24171
8.17821
1.418
5.25045
16.8277
17.7268
18.2086
16.75
7.27477
18.4679
2.23495
19.6877
17.8458
3.47298
12.691
16.0255
17.3791
4.60896
0.0552746
8.65881
13.8349
18.401
18.2122
8.27966
12.341
13.3413
0.583703
4.45952
7.46939
18.5732
16.5483
16.3416
9.55621
1.33962
6.21645
7.77794
3.41224
14.4415
8.10522
14.0172
6.53608
17.6075
17.4374
1.25471
15.475
9.81186
0.372509
4.74619
6.45481
10.1147
4.92599
6.85329
17.5124
16.7441
10.659
9.35575
17.8359
19.135
11.034
16.7243
15.4475
10.1857
9.90727
4.15018
4.52694
0.613689
15.6293
14.2853
19.6394
17.1912
9.81893
5.9852
4.81537
1.46689
2.1465
10.6118
18.2426
13.9432
9.13587
8.57546
13.0969
10.2264
11.6531
5.86736
3.73495
14.792
9.20868
13.4983
17.6775
5.56296
12.4926
12.2799
19.984
10.9697
19.6134
17.6732
0.192683
5.10089
3.01364
11.4389
0.737731
2.51895
3.34034
7.06394
1.95537
10.3315
10.3534
16.9252
0.177993
14.953
18.2943
10.48
17.3837
2.10991
6.99823
15.9182
8.14418
15.5211
2.398
1.97996
2.41973
2.24973
16.4098
7.01956
3.731
7.24221
17.9409
18.572
8.30079
12.6774
11.0106
10.8292
2.60823
15.0269
17.4449
4.34768
6.23775
5.03379
7.07618
12.7059
14.4658
14.0606
11.9537
16.266
10.8378
3.85755
5.83298
11.9661
13.9256
17.9825
9.80455
18.4513
18.2994
12.4627
19.8314
0.143564
8.76751
17.5411
17.9536
9.72003
4.60434
15.3664
15.514
17.6492
13.457
0.514433
7.10239
12.539
14.8703
0.0224983
2.96788
3.88373
5.95791
3.92037
9.20304
13.9213
8.51255
5.88419
4.16784
7.5005
13.4937
18.4403
0.958558
12.5956
5.77763
1.98045
10.4552
0.982007
0.393244
9.05778
1.17459
10.0689
15.096
9.71281
13.9533
11.2585
12.7403
8.65999
17.6197
13.1501
13.148
7.20635
3.74451
0.362939
0.759753
4.97512
1.0219
14.5493
2.67384
14.7605
8.77114
12.6171
9.42773
10.895
14.4496
9.02268
14.108
18.4693
8.80149
5.85452
19.6884
6.83843
7.2954
17.7833
13.6898
16.7924
13.9487
17.0209
15.1349
11.0623
18.8232
5.74739
2.30565
5.88107
4.32873
12.3604
4.28747
6.72452
11.7028
10.917
17.248
7.56936
8.59099
5.33299
10.4057
13.8579
4.73656
6.78587
9.46157
6.92984
6.60644
19.2787
5.65026
2.08569
6.65854
5.9276
18.8361
1.83894
7.283
19.2812
3.80422
10.215
9.62867
16.0441
9.92285
12.888
19.9279
10.9168
2.90651
19.9781
0.203747
2.96806
4.93933
1.08931
6.25387
13.4481
11.4986
8.14951
7.31796
5.44322
0.414641
13.3949
19.3383
12.2265
7.05964
6.4029
8.99633
15.0271
9.3652
11.0261
9.68549
6.69359
13.2282
8.02589
11.1097
0.357181
16.1443
12.8296
12.6166
18.4735
14.9045
14.5347
14.3044
7.41339
14.93
2.82315
14.7684
17.4563
18.2322
9.36033
8.83631
16.6
11.0861
19.7259
1.7045
9.79966
11.4952
2.58196
10.2344
2.3607
16.1898
9.23059
18.7573
18.8218
9.03305
11.6196
9.15186
0.36961
6.10347
15.21
1.9737
12.5908
5.49329
10.5198
4.72262
6.55674
1.56644
10.7234
5.09772
10.2734
7.86984
2.13316
5.17331
4.73483
7.54761
12.7356
12.8869
17.7526
9.25721
8.58778
7.75742
2.8188
10.0743
0.94552
0.697669
17.9782
17.6224
6.59117
18.7565
7.53032
19.705
0.714149
7.35783
10.3987
17.5204
18.1583
13.4773
12.8117
10.0256
8.86879
16.7288
8.37194
15.0893
5.13938
1.28689
8.75084
2.12415
13.6815
16.392
11.5003
11.9368
18.1389
13.0054
7.90742
17.8716
15.6924
9.60907
10.639
6.28485
7.83847
3.49085
10.1058
18.294
9.6059
2.74507
13.4672
12.1331
12.7521
17.2887
16.9015
0.0537559
18.0611
10.9732
12.4446
4.68927
5.38677
8.8746
14.2086
7.56633
4.12783
2.54214
9.91879
5.16805
3.75156
3.29856
7.74552
17.3091
6.53674
14.6673
16.7041
14.0969
19.9475
9.72479
8.9214
13.8319
15.6272
14.1451
18.8589
0.335556
18.5395
9.72595
1.22574
6.72651
7.40369
15.4767
10.5091
2.5928
17.6103
15.3691
5.22528
0.826867
15.4089
7.71332
19.1235
18.7623
19.2078
9.95224
8.70496
1.06585
0.923451
3.48966
14.6955
7.71169
1.61763
15.6615
11.5059
14.9715
16.5157
11.6885
1.21311
11.0318
14.2235
9.69291
7.83183
17.6233
16.5615
14.8092
16.3875
4.72055
7.42874
13.3673
18.8341
2.63159
0.269073
1.33594
18.3385
2.89415
3.40959
13.6163
1.67104
1.55485
3.02073
10.972
11.9928
0.417863
14.7067
2.57342
17.9673
3.64925
19.3524
19.1664
14.7849
16.5022
1.33524
2.62556
18.0468
11.3567
3.8493
7.86107
1.66523
6.93845
15.0051
1.88071
7.38651
15.9204
5.58988
7.35998
2.54529
6.28728
3.22702
0.733981
15.3839
18.5739
18.168
13.8645
7.16088
17.8709
6.82943
18.6925
11.7701
4.68132
1.84305
4.43493
7.8551
15.3546
4.44414
18.9581
1.71149
0.580589
9.17828
16.3092
16.6025
10.5451
4.35425
18.7523
4.73654
9.9994
10.398
0.437317
11.8862
9.74009
1.31361
14.0939
19.0519
0.384952
1.05493
11.9363
13.8827
10.4182
11.1131
17.4364
12.1062
11.2422
16.6134
15.7776
5.30057
16.6064
13.8793
0.278169
0.428954
9.66342
2.01546
12.6291
12.639
0.0974687
11.9871
0.266596
2.16984
11.1177
12.3118
17.8681
15.582
3.67261
13.3169
12.2762
14.5773
15.1699
11.6487
4.20073
11.9094
14.6444
8.0721
9.49641
14.4864
5.27657
3.8616
2.24271
5.65063
11.2043
3.94949
2.02411
8.72001
14.7421
4.04477
10.4565
12.8314
16.2535
11.8614
11.1807
13.0019
18.4579
18.0289
11.146
4.69076
8.17804
17.4194
7.00217
13.9748
10.5343
0.911429
14.4371
4.21297
19.2485
9.04479
3.1354
3.06427
12.9305
9.10325
1.18659
12.1075
12.678
16.3189
8.61915
9.64729
0.152602
10.5917
11.462
15.2964
18.8014
11.489
16.0347
17.2345
11.0637
5.73197
1.6709
2.12356
12.8396
11.2963
14.1704
8.97201
12.3276
7.21474
12.6498
12.0358
6.31056
0.657464
9.45961
14.9678
1.33539
15.6298
17.5252
8.04059
8.52009
12.0577
18.0067
14.2913
2.45254
0.182175
7.08544
18.7154
18.2084
19.274
19.8526
4.97523
18.0497
13.4875
19.5431
9.17297
0.169508
19.5322
6.2888
5.88912
12.758
19.425
1.98898
13.1805
16.7298
3.11827
2.54706
17.1192
7.6684
7.19334
19.5296
10.3874
18.656
19.7433
1.35715
1.20646
16.5598
17.7614
5.84204
18.3197
17.0058
3.27775
9.36594
3.0798
14.662
0.538836
18.3289
10.2195
3.22531
9.11476
14.9089
3.90729
18.3032
7.74511
11.5248
16.48
15.8843
5.62359
1.49646
16.6291
1.59275
1.04972
7.72402
12.044
4.31573
15.3613
1.90161
0.285909
0.574127
13.9285
13.5572
12.3641
9.44466
4.04205
5.628
19.9431
13.0456
3.34643
5.03161
12.8335
4.87464
7.57034
6.18616
15.7936
19.4505
2.92354
13.7826
9.64976
7.19433
16.7382
11.4835
3.69828
17.4208
5.64649
6.43368
3.51487
5.6745
17.6284
2.91187
6.53004
13.4873
3.18376
15.6661
0.660446
19.412
17.6463
17.2491
14.484
16.5585
10.9147
11.7336
15.5547
17.4877
7.15621
7.27007
14.5798
17.7637
11.5621
10.4229
12.6267
8.49043
4.95166
15.9334
12.9224
19.0353
0.679042
13.9205
18.7899
12.767
7.22196
7.66406
1.95832
0.209231
1.69644
18.448
17.1316
17.0028
12.0012
7.138
19.5262
12.794
4.01092
3.31783
3.77765
16.0332
3.11207
14.9286
18.0633
14.3823
5.16539
9.20085
17.1509
8.23082
11.1679
12.1855
18.7104
16.7026
11.5698
18.3556
1.12397
8.98928
8.56643
14.5956
7.30987
1.89295
17.9307
0.112014
1.0785
8.42229
1.26512
17.4955
13.0541
11.1021
19.8154
7.40626
19.5743
12.8757
12.0755
2.85188
11.3715
5.04552
16.06
7.58725
4.80986
4.07521
14.3305
15.5235
19.7092
3.47827
14.6071
8.61103
8.03042
16.1104
14.2166
16.4636
16.449
13.9735
17.6482
13.9276
0.110938
13.429
14.6344
12.6329
13.5493
16.8021
11.8383
8.61404
7.09869
9.37786
1.25027
18.74
3.68448
11.1866
2.2386
8.45201
10.8647
0.150939
18.3185
3.53562
9.59464
9.9178
8.33516
14.5158
7.29959
19.6728
11.0573
1.35321
16.8485
4.59168
6.65341
8.82412
6.52471
11.3831
15.5749
17.2073
16.377
9.85705
5.94603
11.4205
14.8896
12.7125
13.5967
11.6823
12.3217
13.5029
1.86817
0.693108
12.0889
3.97939
16.7706
19.941
3.19017
11.952
3.00385
13.7387
18.4711
15.6231
14.5446
9.25365
13.3847
1.59395
7.78953
18.3198
3.76158
3.9458
3.49317
4.74453
15.1365
15.9638
18.2137
12.3271
18.8786
14.099
7.24348
0.821652
8.72172
3.09319
19.9883
7.62826
17.7257
3.43893
9.92102
1.10582
12.0912
4.29097
11.5233
14.0441
1.27279
19.4429
9.176
2.48328
13.7506
3.11131
2.70232
0.435678
3.48886
3.69562
1.32415
6.29735
2.40455
6.12742
5.34773
8.74151
19.5034
4.89585
12.7006
15.0171
7.20675
2.18456
17.2557
4.29338
6.97431
5.33568
18.6329
7.97454
8.54526
8.50945
15.0456
5.04663
3.17314
4.66013
19.2172
16.4467
9.67325
14.9603
6.38213
1.0192
15.3669
3.03041
9.1643
16.5472
12.5709
13.1216
13.5522
9.77083
4.00766
2.95183
18.7107
16.4849
10.5858
4.17966
5.90674
15.334
7.15954
13.1669
3.77469
5.41942
11.9371
14.1875
6.55551
15.0124
8.60987
3.33946
7.71251
10.8123
7.53614
13.919
1.01696
3.14531
10.4527
17.9764
10.9248
13.6287
0.127935
0.258208
17.4537
1.10657
4.7103
3.33966
3.4295
3.27597
15.9774
5.50644
2.23642
7.22584
12.4537
4.67388
17.6929
6.87264
10.3978
13.2115
2.59008
3.95172
9.85455
18.4424
7.31345
4.22907
8.33155
17.5485
8.2349
16.7569
2.17409
7.44084
5.87214
10.56
18.7854
16.3614
7.66936
12.3584
18.2605
14.165
6.20756
0.183458
5.44756
7.3447
7.20402
10.8382
1.87064
4.72907
5.87194
1.93098
18.9273
13.0676
2.96492
11.4633
7.11464
13.1384
7.49257
4.34536
3.73466
4.4225
17.9838
12.9419
16.683
1.03063
14.0668
17.5282
5.5678
13.6647
0.592615
3.93304
1.29221
8.05945
18.0193
6.13792
7.18307
2.66975
13.3292
1.07202
11.459
10.4612
16.8112
1.07254
12.2932
5.84921
18.7686
17.7461
6.93212
19.4735
10.8909
2.8506
11.5451
15.414
19.3519
5.19656
19.7269
5.85714
3.31489
15.7035
3.70026
16.5936
12.9897
15.1636
17.6228
6.49397
17.8377
1.44519
14.6577
1.46131
5.28904
13.2361
15.9149
2.88266
16.5579
1.04682
3.36787
9.51356
1.78611
16.951
13.1272
15.5043
8.80916
18.0121
14.7147
13.9117
8.54853
17.3433
9.91777
16.642
14.396
6.41347
4.00811
14.4299
15.1856
7.47541
15.5246
13.1186
17.0035
13.2232
16.6176
19.2684
11.898
18.5806
9.61697
0.748895
1.2363
5.62094
14.7652
18.4786
12.1999
15.7113
10.2214
13.4214
7.84571
14.9498
10.3311
6.93023
4.72782
19.0816
6.59725
1.11086
8.22681
17.5656
18.9014
12.2612
2.11134
8.15957
7.42032
6.35946
17.8444
16.9581
11.2154
11.4028
1.36841
10.0079
2.58486
19.1452
18.3183
10.8946
16.943
16.2608
13.7845
13.6057
6.39487
9.84585
17.1813
5.24657
18.3804
12.5537
0.309573
12.4647
6.32457
17.8588
12.8152
8.91727
3.72634
11.1812
15.4445
15.5933
10.9507
19.4773
16.6904
1.11364
3.50477
2.66886
17.9366
18.9816
19.1249
2.97822
11.2153
3.88591
15.45
1.8867
15.4559
1.1276
2.02712
8.40792
7.41417
1.86689
6.70809
19.5357
5.25408
6.98063
5.36946
6.75765
15.5181
9.9458
15.2052
15.2677
10.7586
9.10205
6.70915
10.2928
6.0469
14.2694
5.5808
15.7985
9.4258
1.57245
12.5294
15.7629
5.12397
14.1923
15.9435
11.2828
2.64146
5.95163
6.44176
14.7402
8.56059
3.79905
7.3915
9.85307
7.21339
6.8194
18.6895
5.35
12.7339
18.4652
11.4528
19.24
12.5993
10.0355
6.0989
3.22086
16.7938
19.3524
0.732427
6.55795
5.43396
18.352
16.4317
16.4941
7.03402
5.8502
12.7728
19.2459
6.48541
12.4014
13.1265
18.5374
11.1993
14.632
8.62207
7.36423
10.7003
18.4288
9.936
0.143652
1.86065
15.2377
15.094
11.6817
0.148099
8.1865
18.8992
14.5394
16.0634
7.25232
10.9263
13.0649
14.7466
6.26138
18.9199
12.1505
10.5558
3.7239
6.46046
6.46018
10.0701
1.50286
5.08727
15.0721
14.6926
12.4324
15.0338
6.99683
15.4546
16.9499
13.919
2.94363
14.9518
12.8138
3.87965
2.52653
2.38832
1.16763
15.9311
12.0295
13.558
12.2299
9.13501
4.3743
0.336337
14.0328
3.27035
0.41792
5.81854
16.1402
3.52454
14.5878
19.2911
4.83954
15.899
19.4474
5.57966
8.07624
4.13077
5.98428
14.2871
18.619
12.518
18.4223
8.97661
12.0389
3.49116
3.64182
11.6446
7.05304
12.834
14.6824
12.5709
1.98355
9.98565
11.3354
11.0723
17.401
2.57863
12.3346
14.2227
11.3335
9.40307
18.9984
16.7959
4.38349
7.72983
9.90454
13.3126
16.3978
10.2737
7.09945
0.364438
4.98523
15.3531
5.26415
13.8045
14.5688
11.9666
13.2774
2.35528
12.7665
19.6748
12.7962
4.69264
10.8563
19.9457
8.29167
11.9996
18.1628
9.57214
8.724
9.65985
15.0252
14.2418
17.1744
13.8496
15.3715
16.2911
12.038
17.8832
7.3885
18.0139
3.22016
7.99375
14.5386
3.73685
0.688925
8.35361
14.5462
9.42699
3.00706
3.00572
3.92759
10.803
10.7577
3.17248
14.883
19.9356
13.3416
3.61875
5.98117
4.34464
2.01389
17.3525
17.6117
9.81286
19.0499
10.5137
9.57276
13.3379
17.0539
4.15472
0.334161
4.1177
14.9133
7.348
10.478
10.8223
19.0269
8.48222
9.56261
13.0998
5.57074
1.2392
17.9434
10.5798
17.4686
14.2359
19.236
13.725
2.04965
16.8534
12.8161
13.6043
8.86225
9.12777
7.39464
4.62204
11.9056
0.801197
4.7303
8.025
19.3725
6.25936
8.03088
18.3421
15.6618
11.815
4.17354
9.85558
2.62512
7.96797
4.62633
1.242
1.84364
9.53308
9.93142
6.34532
4.80025
10.8911
19.3712
2.05622
18.0983
15.9685
6.39204
12.4901
19.3006
9.10858
5.28384
10.21
8.81741
15.6769
6.76015
19.4696
19.1334
1.4808
16.2684
1.38524
5.32061
19.9633
17.3066
1.46908
15.85
5.41981
15.9956
14.1423
1.91551
16.2204
14.2874
9.13296
7.98855
7.00172
8.06788
17.3541
4.35558
17.3097
8.89304
10.2198
14.0555
13.5223
18.5815
0.124002
14.9032
3.6736
4.26754
10.9868
4.28549
19.067
16.9365
17.982
0.0769643
18.1725
6.02162
2.99304
11.6732
3.47561
4.99709
6.46594
7.95145
17.3587
12.7152
4.79379
10.9215
14.6055
7.93259
3.97269
17.5314
2.53355
15.3518
5.5922
15.8782
6.82045
15.1821
8.35994
11.9532
0.824853
4.69441
7.63474
2.76424
13.1313
4.17797
1.8896
8.34733
8.50005
15.2248
12.3106
5.82976
12.6069
17.2135
1.56387
14.4045
16.413
3.26388
0.323003
5.75919
1.88519
14.7164
1.93218
5.88875
16.6426
19.5261
7.00653
14.5076
16.2815
3.35364
19.3979
11.467
13.3475
14.592
12.7533
10.1282
9.04123
14.5833
7.76775
0.109403
9.50773
10.5148
7.41027
7.98144
4.60814
1.24007
14.2528
10.6253
11.4505
19.4597
14.0343
16.4385
11.5069
6.89706
15.5043
3.16863
8.88162
8.30954
17.2485
16.8771
19.2567
4.39294
14.985
9.66662
4.16423
11.5746
15.2696
7.59068
3.23965
14.873
15.7185
5.48567
0.251074
8.65746
10.582
15.8703
15.0887
18.3543
12.8439
11.8013
16.8006
10.318
9.51425
2.36783
7.65427
2.05673
17.0909
4.0838
18.074
14.3199
11.4917
11.0521
12.7817
4.83576
15.9978
4.40378
4.32469
10.2596
4.45107
17.2849
11.9976
14.7861
2.97582
3.88226
7.48717
0.534289
6.19818
2.06622
19.2356
9.80535
16.1602
5.22018
16.9489
9.60609
16.8876
15.9345
1.97487
13.3586
10.2465
14.4728
18.3606
3.61283
5.58512
2.51143
15.177
5.11304
17.6821
16.5557
12.4978
15.6784
4.2599
19.7982
3.99073
8.9502
13.0975
3.61982
6.93482
15.5599
6.79034
6.01759
3.75842
7.56714
4.92857
13.9006
9.59272
2.84619
0.669012
3.45987
14.9657
6.31333
18.0449
19.2562
13.3785
9.58007
4.74229
17.8561
12.6776
17.3882
2.49489
12.0696
10.5186
18.1764
4.52213
18.4838
7.28101
13.647
7.97728
3.03556
8.00627
18.6539
7.56065
19.5338
0.962464
17.0351
8.58013
13.0323
7.22377
12.8594
6.0511
8.72678
14.1459
19.797
3.82771
9.4488
13.1064
3.73094
9.82927
7.93903
9.82959
11.3972
1.15546
4.07761
9.41469
10.9323
5.40512
7.27066
14.1676
15.6682
15.4172
16.1557
3.69379
18.988
8.90443
1.90029
9.35348
12.795
10.1453
0.149931
12.7858
19.4753
2.8489
17.7216
3.80641
3.00484
12.5421
6.2615
9.90727
8.52467
11.136
17.9649
1.05249
10.2609
2.31381
6.9173
12.44
9.29592
9.17605
19.2429
1.62492
16.4025
5.97362
0.211712
15.0618
10.7147
17.8844
0.449943
11.1855
1.23864
13.9056
5.7444
10.0661
12.2243
2.66491
19.0281
11.6143
3.37576
18.1303
15.2458
16.8462
6.19771
13.3517
9.87893
5.28963
3.18589
2.71174
9.59817
1.69175
7.8382
9.61117
6.8976
14.828
13.0956
0.283725
4.26956
11.9013
8.83456
19.8444
19.0369
4.79946
3.24509
12.3946
4.03069
17.6045
5.48796
8.09414
1.37862
19.8394
1.15184
14.2439
17.7497
6.6185
0.794109
9.89645
5.20037
11.9115
5.57773
12.5366
13.0313
14.1584
16.1028
19.437
7.99199
13.9834
16.9622
7.17455
15.382
15.3068
18.5471
16.5042
17.8258
2.22152
0.767383
18.854
5.19557
7.83575
2.27631
12.8701
7.87938
5.48998
11.6483
5.49483
13.3018
14.2347
13.63
6.33915
15.188
18.0792
4.31594
6.95237
9.18199
11.3309
4.74546
3.13247
19.8476
7.01521
8.12372
19.0125
15.3112
11.9548
17.6597
19.3974
9.1078
10.6889
12.9604
1.18661
10.5602
7.70882
6.98826
4.35543
6.3659
4.96772
13.5459
7.53838
13.7456
11.5992
2.7639
6.37177
2.4783
15.7646
19.6401
19.7271
15.7542
12.8766
6.67611
0.365608
8.06388
3.85631
11.8858
15.3263
18.3431
0.481921
9.23503
0.829418
18.037
19.1414
14.4142
6.1854
7.46268
15.9507
3.94603
18.5898
18.5645
1.99731
16.4599
16.6212
6.76021
1.8234
13.9274
15.6146
12.2015
19.0274
15.1675
2.34556
0.826302
5.74896
19.6032
14.7674
9.03361
19.2183
13.6342
10.385
6.3069
18.1836
1.74774
11.9614
17.9187
5.11097
13.6403
3.70824
3.37237
10.0878
10.8371
18.728
4.69617
13.0773
2.41149
11.3546
11.0289
9.87684
7.61055
16.1606
17.8841
19.4594
8.83799
0.110394
18.6544
11.478
11.4167
0.527304
15.5728
15.8143
17.7972
18.8808
2.04229
18.2372
7.77356
10.7134
3.00468
18.1386
6.85347
7.18546
6.79979
18.8502
13.699
2.06928
11.8907
6.38295
11.548
9.50758
0.17719
1.32601
14.5108
3.35337
5.37163
0.364821
17.1202
16.8284
14.0579
10.6062
7.30607
1.38729
19.7746
17.517
18.4495
7.49187
4.00299
7.00584
6.7036
5.71875
6.68459
4.28789
15.7647
1.829
2.59334
15.1444
11.9615
13.8615
17.4642
9.36218
18.5048
11.4624
13.0501
14.7243
13.2861
1.16559
0.463677
16.7185
13.4989
4.01597
1.40873
10.7262
15.5539
13.4086
8.33817
18.5863
6.80088
18.3203
6.64835
12.4363
8.06323
7.02473
16.4994
13.9532
7.97275
6.48336
16.1819
9.20898
13.4221
15.5885
5.19231
5.00373
13.9451
7.70244
2.72351
13.4378
5.1913
5.11617
4.67233
7.53082
6.65383
18.5787
7.52841
19.998
8.60565
16.5279
4.32994
15.4946
5.81478
19.6584
16.9967
10.6007
2.92563
18.7054
16.8732
19.7085
9.64288
1.44219
7.80127
11.3342
5.06232
18.4177
7.39145
0.735834
11.5641
10.5409
5.50056
14.7506
4.93363
4.4694
3.75712
8.16024
13.7552
14.546
13.0747
1.26919
6.04944
11.6387
17.0455
10.0682
1.2971
9.10096
16.3983
12.3814
13.4637
15.5792
8.93534
19.5748
1.28177
13.9555
16.1755
16.6296
11.7675
3.47251
12.3368
2.16793
5.21703
19.8816
18.3391
3.72247
16.4016
16.307
16.0275
8.09375
3.16451
14.1916
12.4219
16.9326
10.229
11.412
13.901
3.99737
17.049
2.66392
15.8289
16.0765
1.33149
18.9553
2.35061
16.4064
10.1501
18.423
5.04885
2.63188
9.24925
16.4337
10.8405
14.2184
18.2637
5.3912
2.05274
3.4309
17.4954
12.1475
7.46953
0.437284
16.713
8.52181
6.98458
17.3001
5.85977
18.3806
10.9922
10.7785
2.80113
10.7053
13.5973
2.39892
15.6258
18.384
9.37186
14.6229
17.0511
14.7994
7.07547
3.45757
13.4954
7.26913
6.53149
18.7282
1.41488
14.2709
15.3636
7.71963
10.5988
4.88239
19.6752
10.6732
16.2863
9.91816
12.5871
0.840512
8.48266
2.74008
6.59583
7.20512
14.6445
16.9454
0.184974
11.2459
14.374
12.4598
0.387803
2.45943
9.16431
15.3171
9.09821
14.8419
11.7538
12.1475
9.31765
17.7698
16.6476
2.2613
10.5737
10.5819
15.5315
7.68049
14.305
14.6581
18.5779
11.7972
17.9895
9.79443
16.3114
3.58837
9.67051
10.2023
15.3527
9.84046
2.05846
9.97462
13.5192
3.37473
3.72581
15.4607
6.16605
0.759189
18.8152
17.9155
5.89844
16.6127
17.9378
16.5695
19.2267
6.55084
3.07893
1.2335
2.09969
7.27613
11.6641
14.5108
5.30893
9.35213
1.00974
3.09049
13.634
7.97811
14.9186
17.9397
17.1515
0.142848
14.0993
8.96286
0.263145
15.9128
1.41461
12.1315
15.4131
15.7618
2.79888
6.51614
6.25906
13.243
7.36673
11.0091
16.2057
12.1201
5.76284
15.3487
6.94714
4.5284
8.46447
8.4352
14.7619
2.11771
19.2647
8.62607
3.93613
7.46597
16.5186
1.06398
16.3168
1.76828
19.1177
10.0064
16.8685
8.69798
7.34741
12.2324
8.63383
5.39437
1.12251
11.0634
1.11482
17.2815
5.84487
15.2903
16.6852
6.81411
9.11948
17.1029
12.8998
16.8275
14.2162
4.37738
12.2509
7.46938
15.1259
13.3558
13.8183
4.8881
18.414
18.2666
19.3681
9.13752
8.07708
13.1252
6.82437
3.6092
16.2575
4.11528
16.7262
15.3654
14.9561
10.6826
7.4036
5.82235
14.2976
9.39469
10.7707
6.55605
9.661
15.3376
6.66165
4.10356
2.96698
14.675
1.4934
9.93581
17.0672
5.05549
9.57524
16.1202
8.43413
2.39756
12.6591
4.15129
18.6268
7.26943
10.9977
16.7884
9.01956
6.54957
1.89268
16.2204
10.4382
15.1482
11.7032
7.96916
6.34041
11.8511
13.8813
2.06475
7.21708
14.5709
10.3785
8.91902
3.85124
13.96
14.512
13.9636
13.7642
0.754868
9.68411
6.29652
12.5484
13.4402
1.45893
11.0561
19.3833
13.205
15.0021
2.78556
12.8131
2.35408
19.5042
2.58898
8.56365
16.939
15.3187
13.213
10.0608
18.6876
2.39501
2.90664
2.78702
2.6547
14.8582
15.4567
13.688
19.2672
0.419197
8.76273
18.3635
1.41036
1.59095
8.9469
13.7696
6.44479
3.97701
0.391047
10.2835
15.7719
11.665
7.27364
17.443
8.33185
2.00412
2.62236
3.3956
4.90432
19.0463
17.0047
1.60802
17.5859
7.14183
13.5195
8.97095
11.1269
7.90581
5.59515
0.856946
14.9074
16.692
12.9783
8.54476
8.34979
12.7409
14.2514
19.5239
12.5689
13.4547
8.58188
2.47523
15.8065
19.7737
13.6636
4.89951
9.37328
7.86003
14.8379
16.287
4.06511
18.3039
3.73925
10.9526
12.5134
19.3531
18.8219
10.9527
16.7658
15.1748
1.28492
10.7338
12.2963
18.4244
12.4711
9.56325
4.48462
8.86377
18.2775
4.32886
12.7544
3.98158
4.29208
0.637857
2.69613
4.41047
7.88251
2.47256
12.5077
9.0669
2.34892
19.265
14.4451
7.49911
6.94432
7.47297
2.35511
6.69618
0.705536
10.9634
11.6029
2.63643
6.55363
2.74153
15.73
16.4288
15.2694
4.82823
14.213
11.4949
5.48884
15.99
8.58178
4.31451
1.63229
11.6534
14.2672
3.00247
16.395
17.5774
7.00232
11.0846
0.387154
3.66906
19.6961
0.719572
4.64294
17.6855
18.8161
16.9414
17.3114
8.14384
6.29699
1.62114
8.86245
13.1847
1.28153
17.8819
15.8897
5.23953
15.5569
2.54731
16.1832
13.0074
17.5196
13.7764
2.6133
18.5585
10.4914
9.79436
0.10753
2.75698
19.8802
1.80395
2.10703
11.4587
7.44091
0.396611
5.6926
18.8896
0.396709
4.64527
18.6533
3.69011
5.83022
3.7026
16.959
15.1104
3.09127
7.10249
11.0445
0.69254
0.775769
10.1382
19.6407
1.0929
19.9534
7.99368
14.2245
2.28535
12.9797
13.1881
8.74183
1.30963
5.9458
2.77302
2.69439
3.10693
3.41148
19.8766
3.59456
13.7401
3.15873
9.36689
14.9035
2.68725
6.83951
17.4358
14.0147
13.3499
18.8276
2.7553
6.51122
13.6949
12.4329
5.15287
15.3035
7.79494
5.19689
8.8929
15.8553
3.49294
16.0489
15.3542
9.35465
16.5463
8.01718
9.21122
2.1263
19.6045
8.26378
18.464
1.83968
12.7038
18.2689
18.4792
7.11092
11.4819
9.78073
0.374559
10.1444
18.1116
13.963
15.3262
7.92808
0.691775
11.2387
8.07821
12.0039
4.53494
16.4025
1.50744
6.69175
4.5932
5.73891
14.1702
2.70474
13.2161
2.86338
19.2127
19.379
17.6873
2.18504
17.0337
10.0874
3.17438
15.6881
15.9646
13.5654
0.545383
8.96287
6.30108
15.665
11.8296
7.81149
6.28313
8.38054
7.72067
4.93396
0.883168
3.90537
8.14742
16.5186
9.37046
8.32606
10.8779
19.1778
6.06105
1.70954
18.2441
16.6264
11.1795
7.45442
9.72586
5.77046
2.18374
3.31201
19.5363
4.56532
3.14602
17.6244
0.662577
14.5538
16.398
8.49592
12.9169
15.7695
6.31317
19.5927
13.7393
9.77264
0.883189
1.45977
13.5405
9.2129
8.13538
18.4927
14.6771
7.2941
14.545
4.49431
18.3392
12.3365
2.22689
8.95747
14.9788
18.9115
11.4261
12.6072
10.516
0.919061
9.92896
9.6465
18.9736
5.39746
9.27003
6.05385
15.8137
16.2419
19.7713
11.4628
14.4287
3.49808
2.04529
10.953
10.8474
9.13517
16.5105
7.91115
16.1094
16.5164
18.8449
13.9689
9.22429
15.3478
8.88588
15.3277
3.30443
5.2882
9.28774
17.5324
19.8692
10.868
6.10509
3.66886
7.11666
4.42031
4.18934
18.4071
15.751
1.47245
3.03017
11.3784
5.39392
5.70911
5.69041
17.5314
12.0644
6.58775
2.84127
6.15696
0.234254
16.7543
1.24654
0.72368
14.2173
15.3207
14.7213
12.7624
13.7522
4.05783
15.0752
6.24481
3.52154
11.006
18.9802
12.0904
18.8665
3.12655
11.4393
5.62679
8.82876
13.686
12.6123
18.0642
19.5727
18.2368
9.52782
4.88569
16.4593
15.5432
12.2181
12.7373
2.66643
0.528298
14.8122
3.25587
13.7612
8.43644
13.0203
16.406
2.82501
6.34795
1.25762
12.8487
4.75708
19.1924
10.9295
15.6308
18.5165
4.04562
0.879793
17.7625
17.9953
9.39965
15.1933
7.29488
19.7161
16.0291
9.70541
1.74954
19.4906
4.80319
4.88173
15.916
7.42079
2.6443
14.9178
13.4344
11.131
2.90332
11.7582
4.18815
14.9741
17.7309
12.9703
9.48318
14.574
15.3559
14.7005
10.2039
12.6097
17.1619
0.894182
18.3317
9.01681
14.2217
0.862246
3.34861
9.00303
2.16818
15.7039
13.9082
15.0532
9.77491
17.6808
1.23989
19.5478
6.15148
8.18253
13.2143
2.64457
6.9872
6.50647
4.5125
10.8746
1.66895
14.5607
11.6329
12.4144
7.44152
4.83645
4.32711
0.979664
16.3546
16.1669
6.35947
1.66187
12.1006
19.0279
12.8169
9.68839
2.71545
7.97272
12.3218
12.7911
9.86196
0.533417
18.0366
14.2841
8.85769
2.77314
5.40669
1.0748
17.8537
1.00657
5.96296
9.147
13.2939
6.36922
3.38877
16.3611
17.094
13.5645
1.12638
9.44144
5.721
19.5609
18.356
15.6016
17.6041
13.1317
0.0651835
6.66935
16.5453
0.757672
13.7638
5.24057
16.5277
3.34588
16.6493
3.6157
18.0677
6.18045
15.9867
0.404393
15.0897
9.87029
18.8156
4.46309
9.33628
17.621
15.6165
17.038
3.79661
6.16002
2.09898
0.810689
16.5867
8.66173
8.02821
9.55182
4.34247
15.2578
1.72046
19.151
3.62487
10.4799
6.74047
4.92547
0.943622
5.87825
15.5064
11.9758
6.28791
19.005
14.1528
1.38638
9.12602
15.3479
18.4784
18.114
8.5667
12.5426
6.74842
7.42796
4.51132
0.102614
9.90404
6.08623
5.86472
3.94971
1.40968
12.7836
10.1012
6.35273
15.8454
7.23592
17.0945
8.57642
11.0941
1.67019
7.29856
13.0068
10.929
1.28967
10.053
6.01568
13.1952
7.873
9.80711
17.6349
0.475464
12.6345
14.436
1.13565
6.14626
17.6859
3.98956
13.1197
6.3557
13.3472
9.11433
8.25444
10.0157
14.0154
1.1937
0.129877
13.9541
12.8038
4.55118
4.20583
16.6082
17.4257
17.6512
6.39668
8.2725
5.50888
7.54394
0.886604
3.23534
8.26319
9.78402
16.7378
13.2418
10.2238
14.3569
16.9666
9.86261
3.31949
11.035
12.8535
4.74885
16.5426
17.5728
6.07479
4.36371
17.1602
13.1314
18.9443
11.3412
7.41168
15.8039
4.71741
15.5604
4.48493
8.7771
14.7647
19.3546
10.7181
11.908
13.2561
19.551
9.36943
0.166488
14.1965
3.25131
10.5596
10.0604
4.67391
5.91678
16.0917
13.4114
11.6308
7.3757
8.67714
15.9578
7.13896
0.4613
5.12495
9.95895
1.54503
15.2342
16.3986
7.3099
16.6904
13.532
19.9685
15.6781
5.59936
3.07936
9.26335
19.2655
5.81695
0.00513236
13.3379
10.0569
15.9022
1.0969
5.66138
8.63053
13.9358
7.51239
1.22774
4.49493
0.281651
8.81369
1.2302
19.5163
19.4377
9.84295
13.5887
4.29628
3.06814
19.3883
10.5953
8.19152
2.33736
7.48382
7.54715
11.8367
13.1363
3.59522
8.8123
12.176
10.119
5.08426
17.1187
11.4583
16.3974
17.1636
15.6927
0.116497
1.81637
4.24276
14.7393
7.81711
19.8578
11.721
13.6528
17.044
9.92898
3.40947
11.5948
9.1435
2.79683
8.94764
19.004
17.0566
6.31987
18.1584
17.8926
2.20844
4.45409
9.025
5.31396
10.2466
11.0877
14.447
10.8569
17.5922
7.43134
7.54953
16.6998
1.58683
15.2511
3.8367
18.7869
6.01251
1.77845
14.2828
0.665108
3.37911
4.26552
15.001
10.3322
18.0606
16.7858
0.0552294
18.1644
1.49122
11.2465
8.66134
13.3908
5.64698
11.2056
0.877471
2.64392
5.70304
19.3753
9.6449
5.66975
3.38052
6.5903
9.72368
13.5867
10.1044
8.31962
18.8702
17.3771
6.21499
18.7213
14.1423
9.28302
17.6502
12.3855
2.55799
14.7933
9.78288
6.86151
19.0158
0.15425
9.39052
12.9725
6.54791
19.0615
3.12082
8.89847
3.1225
17.0242
19.0628
18.1005
0.877081
2.46225
11.9474
12.8968
6.50792
11.8966
17.597
2.53423
15.705
15.2342
16.1519
11.3391
10.2535
19.4878
0.924425
4.78128
11.51
3.59859
7.46112
12.5504
5.59459
17.4952
9.49631
19.779
9.50106
2.03848
9.43436
15.7707
19.0293
11.4084
11.8535
15.6702
7.55985
6.45398
8.78066
9.94559
1.10227
11.3389
15.8685
11.7604
13.9421
12.9067
19.0908
17.2691
16.4808
6.79896
5.38069
5.88015
3.05859
5.58983
8.69168
5.48802
5.16916
15.9423
5.75749
6.2088
10.9679
4.77037
7.46278
14.309
13.0839
9.61313
16.6639
2.83677
5.13189
4.50545
7.66999
19.4125
17.7681
3.34062
14.6553
12.0591
19.4026
5.80272
19.1701
1.86023
18.9574
13.1997
17.7709
9.89873
1.21212
2.19121
6.84738
18.7353
17.6992
2.46399
16.7281
14.8654
11.5341
6.97412
13.1258
1.23377
1.4128
5.19532
12.5933
12.1464
13.3834
16.9404
4.22911
5.67673
3.81088
19.0567
18.9855
8.64281
6.01944
4.45211
4.46329
17.8334
16.4376
14.6761
19.8056
3.238
0.828159
8.93557
11.9353
18.9102
17.2311
4.16732
14.6265
6.59432
5.00639
18.097
9.34559
15.1462
10.0029
4.19727
5.47214
8.33956
3.80518
6.08708
3.47288
18.5584
17.2426
9.73105
14.9394
0.230152
8.65222
6.87252
2.14321
4.48159
4.14468
10.1111
0.840741
15.5971
15.2458
2.22003
13.9553
8.33945
18.4438
19.923
5.92685
14.0443
13.6967
6.36128
17.4505
5.203
9.52011
15.5608
12.8578
3.34001
0.818266
19.4623
4.5016
18.0659
12.5771
0.214376
19.1373
12.0675
9.39617
7.10103
14.9537
17.0162
9.65217
4.71436
3.5889
17.901
4.41851
15.138
9.26513
9.29305
6.02121
16.3597
2.46197
10.3181
9.68753
7.73399
16.4871
2.27644
9.9129
9.53671
2.91904
15.9245
9.64059
8.26075
18.9277
15.0957
15.1804
13.9255
4.47777
13.2245
12.2552
8.60635
13.9101
3.4227
10.5486
9.72433
7.69327
16.7456
0.470654
7.44338
11.1287
15.1211
13.6996
0.356694
16.9825
17.9049
10.2189
8.22137
19.8218
8.61225
12.5545
3.97754
12.0812
11.8842
7.25966
4.98667
4.16797
8.46769
6.77642
7.04471
10.3472
17.8789
6.00286
9.93237
3.80484
10.7831
1.23175
19.467
15.276
8.29431
4.35634
12.1724
3.05626
5.09492
16.2309
4.43723
10.1881
0.94839
13.8625
6.93115
18.4637
18.9962
11.5669
2.35002
4.14438
0.332398
7.21629
5.45023
3.88197
17.0841
14.1306
1.29256
12.8393
18.6479
17.5805
2.50082
0.441724
5.3139
11.7882
16.724
11.8499
4.6266
0.725014
8.28052
0.632579
15.4351
10.0938
11.4791
0.481086
1.94001
7.01264
0.444599
17.8458
12.9947
18.3571
15.0555
2.45651
19.6529
18.9644
15.8784
7.8185
13.6376
11.5681
17.171
15.1704
5.55166
18.5607
8.15773
5.64954
10.473
15.2153
16.9216
19.2275
9.94221
13.6596
13.897
9.94146
15.2686
5.40362
15.7395
7.43811
15.9879
15.7488
9.84216
2.89922
18.6173
7.66786
17.3691
5.9284
18.359
2.4247
7.06412
8.70017
5.17102
12.4365
8.26689
4.97397
11.9512
4.44769
18.9527
4.98407
13.8743
16.0346
11.6571
4.50808
18.4222
8.22207
19.0582
3.45149
14.9181
10.4538
14.957
8.48807
2.19438
6.64324
6.70643
12.5489
4.3107
3.0167
13.8821
2.77344
17.3566
11.9374
4.47401
1.00947
9.90391
19.0458
5.10053
13.6138
17.3774
3.85281
5.52111
1.03045
17.9663
2.49356
0.627619
5.58337
8.14452
6.18604
13.459
5.27278
9.4766
17.6747
19.7687
8.80396
1.91583
12.6892
1.40301
9.68044
14.2572
19.1356
16.129
3.74083
8.34302
1.36368
12.149
12.7188
13.3868
10.2159
0.514203
13.5216
17.4882
19.2715
12.5953
2.9512
7.38273
16.8765
2.77302
1.35131
19.1718
19.8767
17.4157
8.55133
15.0332
3.04645
10.0023
13.5708
14.9655
9.64169
1.7861
18.4313
14.647
5.42373
11.9973
10.6971
3.39478
2.61344
10.2943
17.2072
7.24575
5.86719
10.7357
18.046
19.7039
1.89208
6.33367
19.9824
8.2612
14.1119
17.6714
8.1197
5.09146
4.24901
4.43727
9.58391
14.1845
2.70723
0.931645
15.654
13.7562
1.55376
4.063
14.539
13.9423
18.7272
16.2898
1.96471
9.13731
2.22632
14.2802
11.9592
3.75332
7.38451
16.3079
18.7456
11.2883
13.9478
8.66371
1.22514
9.33595
9.14958
13.9884
19.1384
7.1018
14.3959
16.6829
12.7568
4.41823
12.7704
4.37571
11.0804
0.57014
6.63479
19.2175
17.6574
16.933
16.3146
9.17412
14.5037
8.67336
1.24002
8.87498
0.54883
15.8167
11.2519
3.10517
9.32193
11.5418
15.1164
1.46881
0.957596
19.3106
4.73321
9.84032
19.717
6.27694
9.11873
7.36841
5.55384
10.0272
0.800227
6.68227
17.4427
8.23676
16.5562
8.16936
6.60714
9.71801
17.5292
8.76706
0.654188
14.3046
7.98828
5.46743
17.1897
1.52736
7.38697
2.49688
6.12362
16.6362
12.1373
13.6183
9.45033
13.9246
11.5183
0.457412
7.54887
4.57606
7.74793
0.875924
13.0862
11.2677
12.9113
10.7185
10.4383
11.0941
13.2344
0.729144
1.5723
10.4069
6.21674
8.70808
9.78239
11.8504
18.2942
10.5155
13.3709
14.1103
13.1522
7.99896
2.8449
8.10424
4.16934
15.1617
12.3629
17.7043
6.01359
11.049
3.39737
13.4894
4.68118
19.2082
19.0338
6.11866
15.7744
6.41167
18.4163
7.61547
6.7715
16.0072
10.4043
5.04972
7.17731
0.503334
7.1784
17.6758
18.8876
12.3932
9.99021
15.417
7.80487
18.8504
15.1026
0.0797631
16.0606
4.8784
17.4449
4.12531
14.3576
3.68832
1.409
5.24314
4.30737
0.933866
13.7296
1.31237
14.1771
15.9837
4.3031
10.1734
12.7594
6.72525
16.4019
7.96585
13.3829
3.57545
13.733
17.9297
12.5903
10.6916
17.8802
7.28557
2.14609
6.63327
18.1855
5.02752
14.7173
17.7388
15.3137
3.59103
5.64817
10.596
7.55883
17.0401
14.7457
15.3328
9.51571
5.99678
7.8715
15.8184
18.7421
3.33126
5.00951
13.8583
12.9298
12.8981
17.6266
8.62643
10.7906
6.23262
14.4146
4.41388
9.93488
4.13787
14.5961
14.3634
4.75009
1.06733
0.281516
9.45116
6.60465
11.0774
16.7365
1.84088
7.22257
19.1021
10.4685
3.79576
1.90721
10.3269
15.1164
13.3976
14.48
5.22757
12.6973
0.019835
15.431
10.7296
12.6171
1.77581
8.63414
2.24641
14.1173
15.1637
12.6584
6.52128
11.9351
5.35555
4.93239
5.3613
5.40556
17.2785
19.7748
11.9045
8.02974
15.6448
0.972488
16.3768
0.196331
10.6031
6.96234
1.97866
17.7017
16.8625
9.81614
18.4942
0.112851
5.94637
11.7974
15.0577
12.1618
19.5162
3.51886
7.6827
12.7283
15.6698
1.74046
2.6168
4.86304
15.1599
12.2404
13.827
7.79711
9.91158
7.95024
10.0228
17.3597
13.5036
17.7636
0.658651
11.2278
19.086
6.17458
10.9367
6.5579
16.9998
12.0621
0.37947
8.22662
5.15034
16.3284
3.58692
1.4787
7.17969
17.7854
5.74852
15.1378
10.1133
9.41462
19.5883
16.0663
16.7941
1.03339
5.08243
19.4552
14.9202
5.84829
19.7043
9.50889
2.19892
0.394665
6.50984
9.50805
7.50516
8.39555
16.0193
7.50424
6.44226
17.7775
2.10733
12.2936
13.5464
4.27263
14.648
15.6736
11.5541
8.18618
9.21481
6.1528
6.91188
9.7843
17.3833
10.7142
13.5204
13.001
15.5583
16.8186
13.0829
0.131
9.86932
10.8853
5.93112
6.78721
15.2026
1.86262
16.228
17.9118
9.81605
19.9871
10.6221
3.32263
6.03911
15.4171
11.6665
15.5676
5.26688
14.9155
5.27373
0.933469
12.8426
15.7103
4.11695
0.567907
11.8004
7.15003
14.7407
11.6875
17.4207
3.58826
16.505
9.13394
9.05046
3.32542
0.591363
8.45887
16.764
8.24395
10.366
0.701327
3.39576
7.5045
10.9397
5.55905
17.9961
10.0928
16.4143
14.4024
8.06102
15.2209
17.2419
19.9712
12.3706
9.42152
1.47693
12.1676
19.5654
11.1831
6.8452
15.9921
4.34663
18.9428
19.0457
12.1454
16.1286
17.1992
19.093
15.1546
9.77325
15.3492
10.0726
8.62738
14.6855
16.5158
18.9243
0.224279
17.5821
12.0532
11.9257
9.92614
4.71368
19.8949
16.0304
9.88786
1.42464
1.39035
17.321
16.1073
2.40594
2.07853
14.5029
15.6893
17.2504
9.60365
3.58885
2.06688
5.61035
4.57211
2.1964
17.9836
0.518337
2.33914
8.07954
9.02157
0.7505
3.66724
19.9489
9.70883
9.56132
14.4699
11.6
6.45591
10.6402
3.52153
19.2227
3.63462
5.23989
17.3036
0.201856
12.0828
15.7095
0.37876
9.82404
7.23262
9.9086
10.855
0.901623
1.11962
1.23302
7.27262
17.9249
18.26
5.39964
12.9068
15.7271
3.16222
17.6822
8.05137
10.6099
12.4062
17.6652
15.0082
18.0742
14.4231
3.0401
19.9655
18.4587
17.9917
12.6936
10.2049
2.23347
15.2803
12.6258
19.5385
16.678
0.774384
2.16121
14.9313
16.307
4.30913
4.90002
7.34747
16.1886
18.985
4.17341
7.98333
19.2436
11.655
0.567646
3.93451
15.6481
7.50991
15.9534
4.12045
10.5113
5.16829
13.4405
6.7988
17.1117
6.41673
0.459296
6.13601
19.3836
8.14972
12.6195
9.26518
5.47348
6.80025
3.12816
14.2789
7.77431
18.391
6.34186
14.0382
13.8519
16.8763
3.25496
11.8973
11.3238
19.7331
6.91022
3.41005
18.3104
0.518028
6.47181
5.20951
4.06117
11.5475
9.19222
11.2229
16.911
18.1003
5.51855
18.796
7.88582
15.1921
14.4286
7.50906
17.7491
13.895
13.9513
19.7546
16.6694
4.71704
5.93618
5.0901
1.41804
17.3543
15.7876
5.95426
1.06837
1.58206
1.29404
15.5397
4.8881
5.0963
8.44798
9.70239
5.81281
14.3163
12.9769
9.50967
7.01639
15.0058
16.5352
11.4225
15.9415
9.60633
1.03498
0.769067
13.8658
14.7257
18.049
4.74918
6.38909
11.7417
5.96137
6.24598
15.4368
11.264
11.7268
12.4025
1.90258
15.8409
7.85792
12.4221
11.2105
9.8601
4.19072
10.0778
11.9208
0.779179
4.62449
15.8954
14.6108
18.5709
15.0436
16.309
0.564412
17.1056
3.92387
8.41377
15.5399
15.8337
18.2534
19.9029
7.78507
3.24326
16.3007
0.205529
6.23253
9.4915
6.63108
11.61
2.17148
0.172502
11.2008
2.05957
4.48248
14.4224
16.7365
16.2397
13.3656
19.9647
9.04615
14.2152
16.5826
5.07091
4.32571
10.596
8.29813
5.86901
18.666
11.2283
14.203
10.9767
15.148
19.7049
3.14819
12.1352
17.7747
4.9719
11.4925
15.3482
13.7379
5.24111
4.87786
9.49229
8.48729
19.7544
14.219
14.4531
17.0215
13.526
12.1072
15.1504
13.6856
6.53196
15.6167
2.40912
10.7136
8.07795
16.0318
9.2544
3.03627
16.113
5.23452
11.3193
13.951
16.9532
2.32822
1.43717
7.01137
15.0629
14.1829
5.86822
13.4634
0.603995
0.266091
19.5262
10.3896
4.60422
3.31435
5.82838
15.1878
16.082
0.0874867
3.93039
4.64604
6.93506
13.3745
19.4872
0.371797
1.29134
2.52741
16.2694
11.7945
12.5288
10.4073
11.1443
7.41217
12.995
18.7924
18.2506
10.1166
9.19605
9.21284
9.04994
2.52067
8.37952
17.4908
1.24108
16.7656
12.3653
16.6297
19.9261
18.9226
1.92474
15.8403
13.2708
2.67687
19.6905
12.887
13.9845
12.2155
14.0801
17.5374
14.7657
13.9634
11.7708
19.3079
1.8712
16.499
15.4551
14.1552
15.6441
10.7944
18.8728
4.60344
18.6748
1.82883
18.4985
3.86222
15.5905
2.4105
14.2101
18.7328
15.3674
7.84406
7.0988
3.01355
16.1095
8.98834
11.2374
14.9514
0.487494
16.862
11.8828
5.30528
16.695
0.931811
3.95087
19.5677
11.2522
17.0878
8.1822
5.65307
10.0211
11.4194
9.42536
19.1256
8.84514
4.69505
9.81625
6.63406
5.80467
8.3118
11.6397
12.6018
0.145458
16.1767
15.1548
14.3301
10.4952
14.8663
10.1804
17.3706
19.8834
7.19829
4.10458
17.0641
4.4761
19.1516
14.4727
6.11349
3.80157
8.51857
18.3459
10.5274
8.16484
3.50105
7.91542
13.3129
4.20753
17.9371
13.8874
16.1185
0.58775
16.0087
9.81278
14.3929
19.7619
4.10414
15.1156
17.9237
9.4668
0.794542
0.688939
1.55814
11.2292
12.3971
5.21411
2.18229
7.91874
13.6491
15.1737
2.58997
15.1266
9.30486
1.76486
2.66541
9.60015
13.1201
17.2618
12.2907
14.3837
18.554
13.8952
7.86371
6.47278
6.3907
2.55823
15.2668
11.2345
12.7598
12.7592
5.65821
5.09595
4.63766
11.6565
5.70693
4.7399
10.2179
12.7099
2.43458
7.20584
18.8233
4.63276
15.9
6.98384
5.73827
12.8944
11.0399
3.33207
1.49497
3.38168
10.662
19.1277
2.12133
10.5002
16.7057
10.7388
13.2787
14.3252
5.89235
2.89329
0.431666
19.5665
0.355635
2.11656
6.81908
12.5594
9.4768
13.0158
2.858
6.15395
19.7746
9.13743
5.10716
18.8881
10.709
8.50558
9.6972
12.9921
15.2606
15.2199
2.65139
3.18395
4.49503
12.7759
15.7907
4.00833
13.6325
0.101274
8.88832
6.00618
6.92529
13.6957
3.93943
14.0993
10.4393
0.297023
3.47751
8.60702
16.0405
9.19235
3.23471
9.62056
1.34609
16.1446
0.478923
1.80581
14.0403
14.5763
12.9036
6.32657
6.09955
8.00372
6.14644
19.4361
11.0549
4.32635
1.03846
17.2375
9.18474
19.7937
17.6365
2.41955
19.9034
11.9072
2.209
17.2614
15.4526
14.0957
12.9151
4.09103
1.08825
5.20187
11.8335
15.2927
9.99958
6.18275
2.71428
18.0248
16.781
2.02146
16.8197
2.59761
1.51425
11.4294
2.18241
12.0218
3.2685
11.4723
16.1586
8.93849
15.5075
15.639
6.92155
17.2666
13.9053
2.00097
9.86215
13.839
16.7485
6.77894
7.97483
18.1491
6.94485
17.6726
14.5868
18.1977
17.8034
2.61237
9.21511
5.92176
3.80429
5.86316
5.72031
12.9924
2.27524
2.10331
3.01008
12.3913
12.7211
12.3398
11.5381
14.2653
13.677
15.8913
0.000850447
7.19744
4.73688
9.83219
10.4908
19.0775
3.53406
12.8282
5.56378
15.5528
15.3511
2.37276
15.7276
4.2712
9.81256
0.662303
18.2526
17.9879
4.11078
0.524434
13.7794
13.0358
2.24144
5.04319
0.619102
14.1443
19.1188
16.1795
13.2888
11.8965
16.4351
5.52042
7.18679
14.9953
14.5746
18.1406
3.53479
2.18564
17.9025
16.6286
17.4582
1.54025
14.43
17.565
0.148438
6.52097
3.28766
18.9823
15.7657
13.5102
11.9562
4.21599
7.80605
4.02364
14.169
4.94989
4.18457
10.6848
18.6016
4.51273
7.80189
4.87332
8.10773
13.2574
7.71163
2.9395
7.24431
18.1271
3.25382
14.4194
8.29271
4.82701
6.442
13.0404
16.2355
14.4471
1.85926
1.21885
0.69339
10.2595
3.76046
17.4502
19.5541
16.7858
5.07349
9.23237
12.1691
17.6307
7.97897
18.3668
12.4512
11.5089
14.2484
7.93885
0.926475
13.6947
6.42243
6.9449
4.77532
17.8786
15.9229
0.469842
18.5722
4.3546
17.4694
14.4795
4.40818
6.30859
0.955613
4.53502
13.5772
4.15561
9.37359
5.50449
15.1442
19.3758
9.1657
14.3082
4.61606
18.7196
3.32024
12.2694
12.6209
13.7087
9.74364
14.6892
18.2264
5.44202
19.1088
19.3049
18.5925
10.1942
13.6288
6.08915
10.3833
4.69264
15.1978
6.97499
13.9401
2.32124
8.91089
0.887363
0.115196
5.9079
17.0268
9.38323
8.37853
13.487
16.7936
3.62532
7.99081
19.6899
17.8401
13.7944
8.72582
3.21627
19.0414
18.772
15.557
12.3234
16.5896
11.0997
17.5705
6.38124
11.8334
7.63952
3.4262
18.2798
9.31366
17.1965
7.17485
18.4881
2.48418
8.42175
0.656712
15.302
18.7577
1.8702
17.311
14.3664
2.3527
19.2788
19.4373
2.7841
6.53304
7.8796
1.47424
5.99459
8.46516
13.3399
7.22888
18.8391
16.7935
15.5899
4.2747
3.70924
16.0045
4.6778
11.325
11.5342
13.7424
8.82619
14.2083
1.45139
7.23903
2.51389
3.65937
19.7537
4.48312
8.56328
17.2125
0.639782
4.5196
0.681164
10.0418
9.80141
7.16083
3.36306
1.80753
16.6295
2.90672
3.08504
6.20291
3.93585
17.5588
2.80047
1.48111
3.57657
16.3054
0.964778
0.540011
15.5794
10.5599
16.8532
19.9859
2.40322
7.32826
16.0106
4.39237
15.0304
0.721563
3.35549
11.1731
5.96959
6.41834
3.24696
3.96296
15.5395
15.2349
5.24338
9.43473
9.88303
2.81706
13.6514
5.59137
17.5614
13.8416
19.6894
18.7156
0.805842
7.20053
2.23977
9.83463
13.3966
2.81136
12.7905
6.6562
18.6266
11.434
10.563
8.48694
15.9928
19.1506
8.95233
19.6009
5.98002
2.38314
1.80468
13.8632
0.619357
18.4897
6.53371
0.775678
8.62986
10.7359
5.71309
2.77189
2.58214
12.9298
6.84899
17.9562
13.7781
15.9283
13.8136
12.5184
7.72831
12.8895
15.6111
18.9574
4.55663
6.90634
16.8221
1.14069
12.4717
12.9868
15.2302
4.25856
2.12508
13.2421
13.0239
0.149837
17.2282
10.0054
7.9984
10.6486
9.32158
6.06803
19.9507
13.8481
18.2374
13.1299
3.64559
2.06189
10.2628
5.51654
8.63793
16.9328
2.85828
10.8944
7.17967
10.4894
18.6067
18.7263
16.3764
8.40177
5.02801
18.2517
3.0316
6.44989
0.689566
1.51764
1.29774
6.82079
5.22539
2.29143
8.74125
14.9042
12.9949
1.13837
13.6498
16.296
13.732
5.7933
0.862723
10.533
9.2302
1.75068
6.57681
6.12908
15.96
4.96149
11.5492
15.9604
3.63842
12.5097
14.9816
10.6653
8.02777
2.51864
6.97783
4.03207
4.57167
7.55272
13.636
2.96543
7.99868
18.8385
16.4099
16.2453
8.83971
18.0809
19.9866
12.6419
13.4234
0.0164262
16.9185
12.2599
17.9145
1.89905
0.58882
15.2557
5.63582
15.2561
13.4077
1.26052
11.7186
12.8554
0.497426
0.667973
10.8718
13.6548
3.11843
14.63
14.0086
1.77389
14.0498
4.40238
9.9536
17.5825
2.17805
10.3837
8.8406
8.59013
18.7426
1.68564
8.70669
2.92423
12.5117
17.3146
19.6566
1.2608
15.6404
13.8947
12.8335
10.808
0.760725
8.18103
3.83739
15.0573
11.5196
2.84432
17.4021
4.42994
6.27322
16.2273
12.1195
19.7863
17.9458
8.83566
11.7378
3.47675
9.42714
9.23483
10.0231
16.0464
6.22352
15.6347
8.6301
19.6246
10.1064
19.3737
15.2068
14.5766
1.87789
10.2352
10.5899
3.27629
7.71147
9.83991
19.6935
9.64711
8.33525
5.37996
11.2593
1.06918
13.3405
3.09648
18.1803
13.2211
11.8354
8.56648
13.2221
8.12852
6.64852
4.16025
15.1169
0.777096
18.7295
4.78161
12.1516
6.33726
15.6954
0.82059
13.0433
2.25043
12.8126
15.0595
5.37552
12.6996
8.52573
14.1683
8.12314
1.13041
10.2899
2.46455
3.11611
0.578009
7.61425
0.513582
16.8684
16.5895
4.30886
16.6292
10.8704
15.5513
15.8454
3.99683
4.36789
6.37189
0.925566
13.3755
19.1206
10.4415
7.70442
15.4175
2.16564
1.18745
4.5683
14.9102
16.919
17.9522
12.757
5.64864
17.669
18.1107
16.9603
6.61595
18.1331
17.3427
13.9319
7.50426
16.5404
12.755
15.4084
18.2034
11.3838
10.046
19.0331
13.1585
9.54483
0.682214
0.0554465
10.2953
19.7659
12.6906
10.0042
9.65718
3.35293
5.59301
1.39671
19.792
6.24467
5.57747
18.6878
14.6532
2.05779
17.9615
8.82071
1.20691
10.6921
3.77213
14.4108
12.6081
5.45862
13.365
11.7075
1.45869
2.35756
19.0303
16.2215
8.34078
19.7332
9.75535
6.19473
10.7434
2.00857
19.9771
15.5914
18.3947
2.61597
7.72028
12.833
2.10208
3.63825
6.58272
10.2103
1.85195
2.34986
9.88365
18.1406
12.8063
3.34211
5.11525
18.0698
9.49971
7.53524
15.3294
13.994
4.41457
2.74201
15.4026
4.44001
3.214
4.6058
18.5824
7.72386
7.48647
14.7157
9.18087
19.8871
7.76721
0.799256
10.1582
18.4375
12.3008
17.7839
4.2112
0.523681
4.06881
3.21747
8.18939
16.0427
18.1715
12.8638
12.7744
17.2477
5.39146
18.622
15.7963
10.9124
5.16475
0.881296
9.6804
16.3006
13.7348
6.3774
12.6912
18.0715
11.8836
14.2471
16.9307
17.9907
14.1385
0.655957
10.065
14.8262
16.9511
9.20759
17.6924
2.73356
14.2113
14.2565
15.7753
5.85492
9.03107
0.831536
14.51
4.60426
14.8446
0.161628
11.007
11.6644
15.0967
3.65595
14.7328
5.90068
18.7194
19.4197
2.80068
6.05679
7.62689
4.72265
2.8088
0.952934
14.8318
14.3194
15.1923
16.5868
5.48328
15.3559
15.5962
9.28148
9.84813
19.9679
16.0022
2.82261
0.0601212
5.99046
16.9072
10.9289
7.24205
10.3503
2.0095
18.3885
