8.45996
18.8269
11.5956
13.0754
15.0469
10.7317
18.2924
9.68798
14.6701
17.677
8.32544
10.5069
4.6512
18.9779
1.17116
2.43782
3.38273
12.4056
0.340568
14.3946
18.3687
9.06422
15.7881
8.73815
10.8619
14.0643
1.87462
10.4093
8.10686
16.6526
19.4095
15.3679
11.5418
11.4482
0.390043
17.0405
12.7893
19.9311
5.18041
18.2057
17.6048
14.5155
13.6008
16.5449
6.23273
19.84
9.70867
12.157
1.32763
9.59453
1.11501
3.27067
11.0382
0.8964
0.737559
15.3903
15.018
16.0964
6.72801
3.51264
11.2995
13.9622
16.6714
14.3447
9.65512
11.8372
11.2668
0.586592
19.5284
11.9514
13.7256
10.6831
6.81161
18.7497
19.3915
7.64092
16.7251
4.55035
12.9537
10.8479
6.22252
3.72354
6.27509
8.11064
11.6638
8.71166
5.17597
14.8981
15.1539
9.15879
7.16363
9.3683
12.6474
1.28353
4.62986
15.8325
10.7649
13.2514
5.81334
3.96557
6.00606
18.7956
9.87219
19.968
16.5891
9.0031
3.97412
10.181
6.08622
10.1728
1.19583
14.9486
4.48297
9.56808
10.8255
10.3196
17.5226
11.7679
19.6328
2.67331
0.343809
2.23003
7.61524
13.4323
5.5433
17.5877
16.3812
19.765
18.4818
15.125
8.32798
14.6812
19.8195
17.6937
2.7228
1.01294
12.0665
3.97935
17.0515
18.6062
15.7609
4.98174
14.4254
5.52623
12.4695
4.67118
17.8406
10.8284
9.89242
7.93135
14.7377
9.83206
5.02635
