19.7976
16.3434
18.2172
3.1946
15.5412
5.50802
16.5235
9.01262
18.778
6.09516
14.6494
9.05947
8.76356
13.8319
19.9034
14.9095
19.8377
14.3395
3.81453
5.62461
14.6607
13.7823
11.7844
1.51525
16.679
3.24619
19.7436
0.863586
17.4382
13.6109
13.5545
7.37284
1.99984
8.84337
3.04428
18.1499
1.63457
18.2667
7.94468
13.038
12.7874
4.10973
3.99032
13.9527
11.7315
8.63663
7.30337
6.60708
2.76141
16.7993
9.01614
8.88647
18.3995
1.63773
16.2436
10.6144
18.1385
17.8822
19.0961
16.7096
17.1563
12.8221
8.27823
0.438916
8.04933
13.9803
10.3772
1.86086
13.6921
8.35231
17.5875
9.91208
14.9331
7.63214
3.99229
10.9115
6.48033
18.7199
7.75246
5.81211
2.20588
15.2963
17.6679
6.48418
0.273024
16.0098
17.4451
1.24233
2.54826
9.25777
6.33939
0.3486
16.7968
10.8253
18.869
16.659
8.57833
19.5752
2.48087
0.45134
2.8525
2.41406
16.6802
11.9563
3.25895
2.31098
7.52315
0.636739
10.1025
12.8212
13.391
7.77293
13.367
7.3313
10.8327
13.351
16.1341
8.75603
19.108
1.3076
19.7174
15.9102
2.84707
19.5644
10.4438
6.64891
14.2153
4.55972
0.711144
5.97368
17.7386
13.569
18.849
14.6477
10.8624
19.2538
10.0401
12.5264
19.2212
1.76913
12.6279
8.36627
13.7837
17.5599
9.19274
2.48709
19.2368
8.14638
0.39814
5.19067
12.023
0.440224
18.0382
1.11618
17.7864
14.2695
9.01165
5.91067
16.7629
10.9109
6.69562
15.9397
4.29152
18.507
8.06284
6.8228
2.63091
11.451
19.0259
15.5975
7.62566
8.30804
14.3001
17.7199
5.96849
16.3234
10.3947
6.13955
7.47387
8.49742
4.58466
0.233076
6.25502
13.9031
14.1086
16.1225
8.76101
12.6258
11.3379
18.2808
4.144
1.8867
17.6939
9.49139
17.2942
13.742
13.3147
3.05654
19.3901
17.326
0.259833
11.2477
1.84895
11.6175
17.3485
10.6948
15.4129
0.811362
12.8924
12.3484
11.4199
17.6
2.38745
18.4734
6.66885
2.53091
2.40997
13.2477
5.31624
0.773052
18.054
10.2665
15.8258
6.79985
4.0938
4.8597
19.8518
8.40288
5.85515
11.011
5.92626
2.5456
14.5871
8.98067
4.30789
0.955823
12.5821
11.4581
8.88524
7.38764
16.751
15.2107
5.89597
18.935
5.01584
17.1979
18.8267
8.57105
17.9868
15.4089
6.39355
13.8873
16.3536
19.1711
0.342964
8.74473
5.02784
14.5363
0.164729
1.04449
4.18293
3.78506
10.3122
17.3591
3.46213
8.182
1.74506
1.97125
7.84381
15.2354
16.4149
9.79072
1.6675
2.62463
12.6983
3.92022
13.5182
6.10997
16.061
2.54615
15.1188
11.5474
13.0407
18.2422
8.04287
1.82615
18.6168
17.4862
9.69929
8.83367
16.5972
0.603411
1.72257
14.6546
14.2124
10.9288
17.7749
1.48103
2.11586
19.2872
0.804039
8.15051
1.03295
12.7966
0.52276
0.932327
2.40003
18.2966
1.79636
9.35457
17.2226
2.27282
10.1078
18.895
10.2209
15.9103
10.4197
1.15675
7.09517
17.8932
17.5084
6.2095
5.89703
9.71273
4.93327
12.3625
16.474
2.0201
15.3854
7.32957
14.8527
15.658
0.783605
3.25169
15.8859
18.6571
16.1137
4.81048
5.01426
2.31602
12.4566
5.24798
7.42433
4.43315
13.8473
7.8671
11.3711
14.3929
10.7296
17.6894
19.2473
7.92555
10.9833
0.73084
1.64171
0.716188
3.38649
11.0774
18.8123
13.3218
1.73463
13.9626
0.6595
10.9772
2.27877
9.5877
3.70828
14.1795
9.37587
13.8534
17.2758
18.1329
3.04724
8.15864
18.2818
6.73549
6.40199
17.827
12.2142
18.5005
5.85808
2.9083
16.6381
0.284158
19.1736
10.4415
5.93738
16.7965
17.137
1.09363
17.6941
2.35555
9.48332
5.79706
17.1215
11.4862
10.8162
18.9137
1.44795
17.7039
9.19792
14.8161
10.9987
0.448326
10.1835
13.3754
13.9286
12.7261
19.5592
13.9133
14.2511
9.55358
18.0204
5.60064
8.16782
19.2949
4.16311
6.71612
9.37519
19.5239
6.7443
18.9103
7.17317
17.5489
2.2199
5.61033
18.6797
15.0007
2.03346
14.73
8.30016
18.5259
3.20878
2.27768
19.1585
5.9123
17.1992
12.728
15.7751
1.29157
7.12561
4.67365
15.2666
1.62594
13.8592
17.629
14.1566
18.5186
19.6787
14.5513
4.10165
14.4267
19.1565
0.527364
0.17118
12.374
4.36125
4.04076
1.97042
15.1807
7.04071
9.98648
8.97323
19.2105
2.69892
7.1991
0.966286
5.00037
7.99489
12.1331
17.436
5.23307
14.4866
2.93602
9.7698
17.3995
8.58365
1.08787
17.2915
3.30858
11.2922
13.8555
9.01053
6.84542
13.9457
3.58996
14.2058
4.30291
10.9821
14.3353
5.25482
19.501
11.8225
7.36644
17.6228
17.4728
10.1337
2.43482
13.3569
15.8087
4.56041
6.5281
1.41189
14.6401
4.90905
12.5855
19.8031
13.7135
15.2943
16.5618
2.91264
8.0869
14.1861
11.5215
17.1363
0.631989
19.5397
12.0074
13.3232
4.56176
0.236362
10.824
14.8638
19.1382
15.1261
2.3578
16.4934
12.9674
10.6158
2.70877
18.9763
17.8737
3.65816
8.37013
12.5979
8.60615
18.396
3.4955
19.9005
7.01575
13.8749
0.812373
19.7979
6.12468
0.738827
14.2017
3.38514
15.7832
7.42261
19.0605
13.7375
18.0045
17.7003
19.9155
16.1935
0.327822
5.00272
19.2473
13.3521
15.2417
15.7484
8.9846
7.70241
11.3815
12.4861
9.75776
9.20526
5.24978
18.2979
10.2808
3.82725
1.08662
0.521205
16.8477
14.9582
9.36078
18.0227
1.49554
4.34915
14.2553
14.6341
0.870486
1.72656
10.8107
2.90078
19.6854
11.4002
15.3357
17.7318
19.2171
13.864
10.1484
19.4071
1.50172
15.9659
8.93426
12.7036
16.6689
4.99274
1.54967
9.45555
9.56586
13.2765
13.5902
1.35819
7.62082
18.0787
18.2062
1.04687
19.6659
1.94103
11.5235
17.2745
3.41904
2.15277
10.0441
15.2202
0.585069
15.2303
7.66669
6.11581
14.3814
3.34042
17.0315
10.0095
1.7758
0.57116
3.0296
18.336
9.59863
3.91397
1.39675
14.9412
16.1043
14.2114
0.974253
17.3614
5.5123
2.09742
13.2819
15.7057
16.298
1.35942
3.62215
12.4919
3.5895
7.30196
1.4545
2.36735
1.39106
4.37679
10.0781
14.5015
11.683
8.94954
11.5242
10.6821
0.287002
19.8801
19.705
13.8431
4.96991
7.37763
8.54169
13.9499
1.76711
17.8348
0.961896
16.2939
13.2869
13.4974
2.28775
15.8562
15.1316
6.05955
