0.761009
18.8317
9.58032
0.293764
11.1631
5.15068
5.13795
3.53009
2.38155
15.2899
4.91267
3.57815
6.15552
17.5275
16.8629
10.5365
12.5703
1.91763
5.03907
13.6303
7.57302
5.19986
19.7353
9.41336
0.711826
17.5358
3.78875
16.8407
16.3666
4.8788
14.3526
0.329356
16.2099
9.70308
11.4366
17.0827
10.1013
17.9587
7.60741
16.0588
16.181
11.8359
7.28152
2.55102
6.76636
4.71232
18.5127
3.11713
4.28587
3.16829
4.34085
16.0848
8.79987
11.4578
7.79662
10.221
5.35797
5.55019
12.9892
16.0381
6.76944
19.2346
17.2684
19.8872
10.1251
12.5249
17.7325
19.9979
15.3342
0.167267
4.2038
6.58624
5.22762
0.0843482
2.07462
2.08723
7.01729
19.2723
18.1002
4.44747
0.260785
15.425
14.5962
5.47207
9.04278
5.27931
19.2812
7.83143
10.9048
8.40948
13.7295
7.38745
1.77316
1.0351
10.0043
9.92255
5.87244
3.38699
4.86606
12.2044
7.93238
9.94132
7.03848
0.902025
14.144
16.3346
16.4859
7.35088
17.7959
7.00796
14.8772
5.10689
5.79497
9.28925
18.5489
18.7101
19.2755
14.9692
17.7083
1.61099
7.14175
10.5427
10.4315
13.273
19.0088
12.2822
16.5057
11.2744
3.70858
3.25663
7.72902
15.4437
0.235674
9.73116
2.27898
4.40229
6.90705
11.4431
2.63401
12.0027
3.24913
0.66384
3.34927
15.8175
12.9906
11.0529
2.567
17.5079
5.96098
12.7874
17.5965
6.85925
16.992
19.8163
5.11562
15.6064
16.3007
15.8318
2.80578
11.0678
14.9412
7.65923
7.9281
11.6378
4.00218
11.8893
1.85844
7.36636
0.00759542
16.2634
18.4041
16.6382
0.350882
7.49354
16.4104
6.2276
0.884266
4.36139
9.72172
1.54417
15.2743
15.5218
10.9826
10.4674
3.71465
8.3207
7.55542
7.31223
11.5187
3.47476
4.76736
17.1333
6.04156
6.91653
1.85505
2.99128
1.1527
7.18347
5.28057
11.7753
13.9232
16.0504
18.9346
18.1351
16.1797
12.4187
12.9271
13.3931
4.07757
0.266329
13.8722
16.7918
1.0077
14.0795
10.5229
14.9767
8.60574
17.4257
9.55857
16.7665
16.6762
7.4697
13.1947
0.734305
12.6345
1.83781
15.5134
18.0058
16.6676
14.3194
9.98899
5.42127
15.8955
13.1819
18.4217
3.13353
4.64388
4.73457
8.31724
19.5933
1.11893
0.579981
12.2127
6.25166
17.9128
18.6539
2.21097
2.11935
12.3096
2.00137
15.4984
12.4491
2.69343
19.9054
18.2961
0.210433
15.4947
0.414138
12.7926
18.6574
1.90211
15.5338
9.16888
16.5795
18.6823
11.846
4.85594
13.8817
8.15625
7.89418
19.4821
2.49183
13.8634
16.3321
18.5062
15.4732
8.63174
3.82907
5.3857
14.1838
15.4188
1.46855
12.7325
8.19335
10.8722
15.3908
19.4857
10.044
8.99015
0.242014
13.2589
0.734243
2.43266
6.52958
9.24253
1.56433
1.60215
15.3824
13.6321
12.838
7.06957
2.26568
18.3704
16.5415
19.7531
3.89905
15.9379
3.87174
3.64313
18.7245
19.0018
1.82424
11.3847
5.07834
2.45581
19.5845
5.4
4.68807
4.85354
2.20153
15.4604
1.58334
0.663795
14.9567
6.23226
17.4205
6.57898
9.76732
6.21994
12.5952
15.0228
15.9703
19.9363
13.4009
5.12889
11.5063
3.02409
3.21194
17.5918
19.3284
4.27482
8.25166
9.6181
5.19133
14.2971
18.8031
6.79993
5.82279
0.930627
15.415
14.3267
9.9044
5.71912
3.89979
14.1234
15.3537
4.4421
15.0346
11.2904
6.64654
11.1066
7.24688
18.4627
16.3764
9.41064
18.3251
14.6321
13.9984
11.136
9.96133
14.7947
14.9359
15.4226
8.71331
8.45725
18.9372
3.56572
7.35646
10.4423
2.66183
15.248
17.7127
10.399
1.5171
16.7409
19.8963
18.5855
1.3208
6.5937
0.385554
11.9843
7.46618
19.228
8.24402
10.5946
19.9827
0.335751
6.74246
10.6476
10.2776
0.670577
12.3819
5.35936
12.2189
6.35378
6.89615
18.111
4.20131
10.7864
15.7744
2.00445
6.99939
17.5643
2.81488
5.90346
5.88136
18.5529
17.4529
0.613016
0.0434236
1.136
7.69603
7.86705
9.64516
0.155569
12.2823
12.3498
10.2934
1.91641
14.0181
16.135
6.40692
9.62527
9.76953
16.5851
18.5217
8.32051
4.73759
17.7983
12.5684
8.63497
13.2814
19.8023
13.0516
8.66158
19.4468
0.701597
0.535136
1.85178
13.0443
16.6167
2.4344
6.58312
17.9833
17.3446
8.32058
9.06647
0.726137
0.269254
3.47637
11.5454
4.85089
18.2548
3.24016
7.85881
7.84749
4.70897
14.0598
11.9554
0.0219244
10.2607
13.0477
11.944
19.4627
17.7358
1.77088
14.5763
13.2563
10.1645
17.1976
1.40843
0.414595
6.86499
16.3091
17.9143
11.4339
19.144
3.32524
17.1585
1.24243
12.6086
16.9725
10.7391
6.01462
5.19376
2.47562
7.14031
13.3091
11.7281
13.888
1.62964
15.7746
12.3738
14.6831
8.44245
7.15321
16.3482
8.34622
9.13383
12.8232
17.3267
7.09196
8.05139
6.26125
1.91809
3.38688
1.15919
16.2496
12.9107
10.4044
10.3705
17.3431
4.76064
4.13939
12.0111
15.5865
2.7305
7.86075
2.89726
2.39436
19.2885
15.4737
7.69515
5.77288
3.94074
8.7209
13.9774
2.35969
0.431211
16.861
6.56312
1.1529
0.653476
14.1858
17.2992
4.75383
12.1417
12.798
3.63548
11.0063
19.6073
14.4678
3.3962
8.5781
19.5996
1.73222
1.83787
8.23044
19.1915
7.82606
1.21662
17.6005
11.2235
1.88862
2.79929
19.8502
6.42604
17.9824
1.3017
16.6856
10.9682
3.07096
14.1549
15.7567
3.84785
7.41265
7.55368
10.5106
14.6163
0.830923
9.96856
18.6554
12.7578
5.4574
12.4802
1.39737
18.6314
0.562763
9.27831
14.7431
0.451977
11.7451
9.69457
2.91886
4.19927
0.43672
3.96062
14.4546
8.93985
19.02
2.23959
0.694412
6.29246
8.62498
1.70404
6.38241
18.1403
12.4502
11.9547
9.55412
15.3736
3.92954
17.7507
13.9334
1.52875
16.3388
18.846
14.7867
19.1595
9.09689
11.7615
17.8687
3.87344
19.5417
18.587
4.76403
18.0416
17.7844
4.92566
6.59269
19.5778
19.6544
11.0123
13.9955
18.0541
15.9455
18.0727
9.94935
16.3656
4.67906
13.5942
19.4604
11.1991
8.72768
1.27809
16.8012
11.6208
12.7173
3.12594
8.67235
16.9312
15.748
6.93836
4.11352
13.694
11.1224
1.4433
9.78544
9.70011
12.9594
14.1751
10.4632
3.06961
9.08054
14.0687
8.99658
17.0137
3.851
0.682383
16.699
9.29599
18.8546
17.0688
10.8679
9.26544
18.5931
11.1222
9.90307
11.1835
14.427
3.91009
5.27712
11.2322
2.86389
5.2595
8.94246
11.7064
3.39247
12.7216
8.90006
5.74168
16.7046
17.9346
2.60005
5.01264
2.93275
12.8989
2.3222
5.36692
14.9045
8.19718
9.61719
12.5908
9.58738
10.7834
14.0082
5.87841
15.4319
2.55449
0.219148
3.35178
4.66244
1.20589
18.5811
14.1301
8.37875
11.8269
3.46895
3.2353
1.02993
13.7466
16.9927
1.51084
17.737
15.3936
5.67183
13.3885
15.6652
16.9499
7.16544
19.9972
18.2178
18.5482
19.6587
7.57774
9.83751
12.401
18.0548
5.14088
7.04324
7.87888
6.204
2.77038
7.90587
14.1853
6.74306
12.1337
7.54021
18.9291
17.6032
3.75832
10.5378
8.73572
17.8293
12.2747
3.5352
7.26004
14.8943
9.28659
19.8455
3.07831
16.6418
6.12625
15.1699
11.9044
4.90186
13.5012
3.94953
18.1056
18.7547
1.82832
6.41934
17.0997
4.62442
13.4558
9.41447
19.9162
14.294
13.8155
14.4712
12.124
14.8131
8.01872
7.60535
1.13239
16.7659
7.63647
16.8769
12.0064
19.0172
1.25835
3.98879
12.7294
10.4548
11.6619
8.45345
8.69557
0.836065
16.8188
5.10516
7.75641
19.3449
2.98095
17.5741
17.2682
7.46613
13.8324
19.8329
15.499
19.0517
15.635
18.1352
9.76533
5.96634
16.8857
16.2754
0.594187
16.8635
7.01636
10.2529
18.9506
5.51746
11.4471
15.076
8.21254
7.03932
9.3468
17.93
8.66179
15.129
13.9087
19.8316
14.3721
19.5449
10.4998
6.28499
17.192
4.98747
16.2567
16.2484
1.92477
4.33642
13.3993
5.78009
13.6335
1.06804
18.4311
14.4527
18.8923
0.789616
11.2909
8.67788
2.48777
2.18902
2.22983
14.6204
18.9335
3.09952
9.05116
0.18325
0.804343
7.49142
8.46416
19.5418
1.43121
6.14403
3.78788
16.1885
11.9849
12.7887
7.80979
17.8988
2.51144
14.1975
17.6498
12.5295
9.35631
13.8224
18.3586
16.8645
4.96096
5.52893
8.94492
12.4703
12.0463
10.0899
10.3882
11.1819
9.29994
15.8867
12.2027
9.43575
5.85653
8.62934
12.8083
17.8125
18.279
8.10485
4.71071
6.00706
14.059
9.53896
2.49235
17.9371
8.1022
3.99341
9.50951
7.99309
4.48102
2.38816
7.64937
17.182
16.8954
19.9132
4.7806
11.7338
18.6917
14.3375
17.9542
9.97801
7.06614
12.1494
3.27377
15.4873
2.94088
16.8679
11.6802
1.0154
3.86175
17.7273
18.0193
17.8791
10.1317
8.87111
7.42482
6.27969
5.871
7.27641
0.477576
7.57744
5.62508
10.4575
16.6963
12.9669
1.34072
11.6082
19.0993
3.16113
17.8853
15.8027
16.2144
13.998
9.72117
1.96433
13.3754
18.2461
10.2039
6.83831
12.0382
16.5407
5.29761
18.3055
8.17764
6.52552
2.11601
14.5131
14.54
4.85686
14.3157
9.57837
2.41378
19.5672
14.0603
0.869975
8.02684
15.6617
0.952492
1.99945
2.17949
1.38643
9.07684
11.37
16.8813
8.86223
1.54129
0.762876
13.0092
2.38981
3.08686
10.329
14.2412
1.94129
10.574
5.72654
7.73062
9.48686
2.58022
3.42863
2.91208
15.9231
4.52675
8.3093
16.0815
13.4969
4.62548
18.6102
9.57378
18.2451
2.62934
8.20245
0.369561
5.87929
14.6974
4.39321
15.0263
17.3061
7.90736
2.20941
19.0579
6.93876
11.9167
13.4583
18.5315
3.68323
4.30969
10.3394
5.76503
5.74225
19.3967
14.278
8.758
15.4758
12.8146
3.67321
0.733357
12.642
2.72518
6.71404
14.407
14.4224
5.13209
12.7352
13.8542
18.5604
18.2359
3.79877
11.6077
1.63489
13.977
3.49261
0.935688
7.31362
15.2445
14.1024
12.377
6.15978
10.8591
18.9768
18.0057
19.5274
12.9343
12.2525
18.3293
12.6173
1.65196
0.215627
19.2327
5.63427
7.07109
17.9705
14.2457
19.2102
1.30668
19.5312
5.65321
10.6496
3.46742
7.14387
8.64197
10.041
13.1446
10.9182
1.04993
7.75226
9.70974
2.98921
15.8906
12.9496
9.86224
9.55899
15.0632
19.3614
0.453387
18.5601
8.49823
12.0563
15.5147
19.5308
12.7527
15.9176
9.28906
10.4273
8.98705
19.602
18.4867
3.94761
9.13896
16.5407
11.9578
5.09496
8.0653
1.20426
6.96263
11.9618
13.178
10.6011
19.9781
5.51751
7.82597
16.0125
1.537
9.84744
4.07768
18.7715
14.6427
3.90138
12.4999
19.6977
11.8343
2.74664
5.83297
11.1687
13.422
7.05586
13.1562
7.96231
8.91708
2.54973
1.97091
2.48009
12.3818
19.773
2.76494
9.38029
17.6512
3.36234
1.90103
13.0099
17.8523
5.58585
2.76894
16.5851
19.8179
13.5413
19.0263
4.03988
12.6273
13.1618
2.30114
7.92361
3.41791
12.8838
7.89962
17.9912
7.78332
8.31208
3.18268
4.66237
0.814882
2.46647
1.87807
15.4625
18.706
5.77625
17.2893
14.9149
13.604
17.3691
5.00849
18.1617
12.5899
4.72054
19.9153
13.0703
10.5015
16.8619
6.67583
15.2574
9.06033
0.67786
13.033
7.09125
11.7464
7.48505
6.45853
9.39267
8.19017
11.496
0.911753
18.4681
11.7668
2.43741
6.62873
17.7673
4.2802
12.729
5.4024
13.8307
6.81487
2.83406
13.9134
5.97153
6.66503
18.0397
15.699
19.2218
7.64685
14.8949
2.81476
16.4433
9.65107
6.62233
1.09155
5.53741
14.9872
4.21531
15.7575
9.47358
9.89424
13.7731
15.7104
12.5611
7.24083
5.77711
15.6693
2.03804
8.52901
2.73392
4.62427
9.48243
16.3178
5.40956
5.00491
8.11352
0.298526
8.019
2.96902
16.9702
7.45166
19.3922
8.60592
6.37717
15.9275
4.38175
1.56679
8.37019
5.48777
12.2161
0.400355
18.5791
7.61078
8.75288
0.260333
13.5363
7.32887
1.85555
2.56753
14.5
10.7606
9.04448
0.0968616
15.75
1.88326
16.1455
1.135
9.94908
14.4365
6.54295
18.2776
11.7544
15.2262
6.01462
9.41239
3.66472
14.7499
9.9969
19.524
13.0338
6.14001
5.41351
2.60397
9.98411
14.8793
18.3208
7.36313
14.117
15.5205
3.96562
18.2516
1.77619
16.437
1.36988
3.32205
12.3989
12.2376
5.79667
6.95914
10.1415
15.5715
3.051
9.64299
12.1332
11.2829
9.98748
11.6376
19.7954
0.805462
15.5537
5.04606
9.05131
18.7562
18.0884
19.0913
14.1628
19.4138
2.378
3.28111
19.2358
5.83423
11.0418
12.1991
5.87531
18.6059
13.3458
19.9937
0.106495
10.7699
10.1885
10.4791
8.13274
0.533073
15.8948
10.9924
19.2772
11.6284
5.85039
19.7872
16.6074
12.8682
7.57966
4.50408
3.80782
18.0722
18.0246
11.2922
10.12
7.961
13.3124
2.97698
14.8502
10.4649
17.8766
8.84742
10.9128
14.1794
10.6281
3.49813
19.5608
19.163
8.50172
2.02958
14.6477
16.5908
14.6244
8.08223
16.6331
14.2127
8.47708
11.3013
2.32481
1.22774
7.10259
7.10882
11.9587
9.86362
18.9509
9.85387
17.1265
1.71961
9.28886
19.3689
3.24609
0.443593
18.9963
15.7722
15.7001
5.03073
12.0223
16.261
15.0325
3.65245
1.89003
12.0894
18.4768
17.6404
15.1687
11.2102
1.66321
7.37752
17.2182
4.71294
11.2453
19.7224
6.47394
16.7791
14.9852
7.57307
0.616631
4.91136
6.42225
14.278
17.3093
16.9074
11.4603
17.1946
18.2111
5.03617
3.22647
10.0644
1.19777
15.5753
13.7351
1.50488
3.38989
2.63888
10.5433
5.47645
1.38882
4.91518
8.06276
8.45633
9.87529
16.4381
17.0061
8.42426
13.3463
3.67851
12.5487
1.01405
16.8899
13.7482
4.96197
15.6231
6.33596
12.3182
14.2888
2.67351
12.515
18.4235
15.5234
12.241
14.4302
10.4578
3.18339
2.62202
3.21462
10.9685
3.7282
12.4303
3.83352
9.09369
5.09699
18.3612
12.9295
6.44185
6.38732
9.95478
4.52351
10.1413
8.24937
11.1792
4.25243
1.96781
18.0911
13.2209
9.71673
2.39087
11.1828
5.73672
3.85359
4.99492
13.5721
6.6297
15.6337
13.9046
3.29019
0.156169
16.1477
13.1327
4.12469
18.8896
15.5871
16.2061
13.3666
10.7372
12.0999
13.0768
7.63977
8.24042
13.4171
0.873333
7.87507
4.19062
16.1342
18.3899
18.1567
18.2241
7.40768
13.313
2.05917
16.4921
17.5138
17.2026
4.4579
12.0455
5.91975
13.0628
10.1207
6.026
5.30985
7.2855
19.0569
0.229779
10.6996
5.30412
4.61345
13.605
8.95224
19.2866
4.44229
18.5221
0.36587
2.84422
15.6301
16.0078
10.5603
12.9441
18.8385
5.6416
3.0079
9.52825
0.301183
13.8235
3.61532
8.28525
5.14104
12.3744
12.4614
10.8636
10.4988
13.2533
16.2722
0.575973
11.4969
15.2776
3.40953
0.032691
13.5336
8.64477
14.9901
11.1218
9.78626
4.34027
1.39422
3.45561
2.43117
10.1557
13.5695
18.5803
9.27904
18.5428
3.12163
13.5031
10.4171
19.0282
7.73289
18.8302
13.1481
7.3006
9.311
3.84555
11.6195
18.1435
9.02651
9.60876
3.14408
19.2057
5.49619
19.3492
13.91
9.25472
0.0207411
10.9501
12.4746
17.2473
9.70305
15.9001
7.74505
10.1434
16.107
8.12073
2.96511
16.382
17.8098
18.3862
9.69986
14.2409
19.0028
3.92587
10.7678
17.4165
1.60535
18.9867
18.8692
13.3437
9.08727
4.16959
4.60896
10.1135
4.80885
14.4659
6.86107
13.7809
8.84063
7.79529
13.3056
14.3521
14.7416
16.6276
8.19336
13.165
17.9656
18.2825
8.60613
4.97125
0.554716
14.1277
19.6693
17.3312
11.9678
7.38885
7.16544
3.25844
1.64407
3.42018
17.5907
15.7341
12.2235
1.44104
8.28385
4.21351
17.6688
4.241
11.4101
3.28288
14.4055
1.99859
4.68763
5.88147
11.7871
5.27773
10.4157
13.7355
3.19379
12.1788
11.3955
14.4235
15.4617
5.98092
4.32009
5.66342
10.8082
2.76767
16.5001
10.2724
8.83535
11.4565
6.68676
2.47269
6.17368
13.0395
19.8201
18.5811
17.0914
13.2645
10.6807
0.792357
16.9547
16.2862
17.528
5.85809
1.16632
6.84946
3.82186
8.47105
12.9878
3.84893
11.9246
11.3428
12.9518
1.65135
12.857
2.95347
19.6074
9.8196
19.1332
1.93742
6.30331
10.7551
9.48549
15.072
14.2719
14.8251
1.85437
5.95089
17.3599
14.9589
16.0451
15.8507
0.789368
7.04868
10.6756
15.9198
9.72263
5.37249
13.24
6.37296
11.1165
7.72442
4.65644
16.708
17.142
4.38271
14.7469
18.4978
12.4982
19.4922
5.76565
14.1153
10.4229
12.5644
9.63673
15.3451
14.124
17.7331
4.73841
7.41315
8.51269
1.2936
2.08609
13.8128
10.6148
2.49291
18.3371
13.1905
14.5926
8.44631
2.7364
10.6437
15.5701
5.0552
3.32147
3.64919
19.2708
14.5603
14.411
19.27
6.19773
15.7138
4.5695
5.94196
10.9637
14.318
10.0391
0.771685
4.94811
17.2567
17.1658
17.7123
10.7995
18.8222
1.96734
17.5219
3.97138
13.7795
1.58337
16.1236
0.632613
4.08359
14.9899
19.7456
3.58886
13.7748
6.00717
17.224
18.3654
3.75732
16.9519
18.0092
18.6202
9.37749
10.0508
13.6142
17.587
2.08376
8.12814
3.81775
4.65392
14.5501
7.08158
10.1761
3.35333
18.3929
10.1189
8.12742
2.27438
13.3393
17.5074
3.50393
5.85717
15.6831
17.7129
9.69063
12.2288
18.5768
5.52964
13.5347
15.55
14.0082
3.87748
13.7697
5.7712
3.82417
11.3769
11.4994
11.313
8.14185
5.18842
6.15654
19.6332
8.61206
0.357974
4.31435
0.76923
19.9709
10.4264
10.6923
3.72784
8.58478
9.37795
9.38202
19.3681
6.36963
10.8161
5.0182
9.05183
1.35085
9.46206
9.48648
15.1394
8.28133
5.79351
4.20697
15.3817
9.25549
10.466
16.9419
15.6093
11.9307
12.731
16.9014
7.77191
18.2795
4.09875
14.5715
9.85096
2.21744
11.4781
17.7737
12.9832
18.1232
15.5081
11.6109
2.40783
17.3955
7.19252
19.1118
0.622563
15.7769
4.0714
8.95415
7.58451
6.10058
0.210405
0.89254
10.3811
8.42468
5.12583
19.4101
10.9493
14.3464
8.63094
17.6857
12.7277
5.01712
15.5785
4.41226
3.95201
8.91664
19.4866
9.60926
11.7674
17.8814
7.06586
14.3929
19.3308
19.9757
11.4019
2.38289
14.7006
10.5438
13.849
11.3612
9.36395
1.1375
11.6979
3.78207
5.43766
19.7758
9.47493
4.20019
9.70515
6.45937
15.0662
17.7688
1.8226
15.9747
13.0528
19.9771
11.1181
17.2662
8.17403
15.1981
7.46865
11.9183
9.89953
19.0409
13.4885
13.4217
19.6066
13.4798
10.9977
10.5871
2.62339
0.796417
17.0765
17.6245
18.6267
1.60948
15.1108
3.45717
14.3293
14.0649
11.9527
13.2131
19.1052
8.55587
18.2481
6.6038
3.14169
18.8907
11.2962
17.6515
5.88418
7.3369
18.297
10.1082
11.2081
18.5186
12.3824
12.4211
5.33806
3.80527
17.0321
19.4257
2.63519
2.73129
11.1285
5.49911
2.24955
8.73959
9.29436
17.0887
8.54886
3.38302
2.86134
8.86182
5.14582
9.1459
4.78053
19.4964
2.13526
8.1428
7.45593
8.90029
13.2738
13.9216
16.3611
7.91365
1.58374
4.74737
0.283016
12.4964
18.2429
8.90249
4.94781
10.7981
6.24746
5.88262
4.19584
16.316
17.7381
1.80317
2.44036
18.6304
4.67507
5.54133
7.77466
11.3942
7.15904
4.98635
15.9066
18.9601
17.0983
10.1335
3.8857
6.79242
3.72081
1.03013
10.8214
14.8289
12.1817
0.241802
10.6248
17.2574
5.0381
4.83408
2.41912
2.95916
14.5274
19.797
1.58331
15.8898
9.35444
6.40438
14.2837
14.5891
16.1741
11.5471
14.2765
4.44726
18.4022
14.7768
1.42405
3.70745
13.5727
0.221908
11.1473
14.1907
9.15317
8.41897
8.75
11.0981
18.096
0.0663104
9.12854
4.80091
8.92421
15.3883
2.53565
12.4414
15.4011
4.94929
17.8482
8.36588
11.0003
17.3343
17.5303
13.6639
15.5333
10.056
10.9658
3.04504
14.6222
12.9677
0.963286
11.2272
14.8115
2.68586
1.60076
9.83694
13.7929
6.42837
9.25316
7.95314
14.2174
19.287
6.73393
16.162
15.0308
11.5326
1.41833
10.7966
3.59231
19.9324
12.9564
9.19811
11.0746
1.4365
19.2828
9.65427
16.9206
18.7435
12.3421
0.341253
0.510901
1.99089
17.8132
4.32368
8.86979
1.54075
5.38383
8.55966
17.754
5.53231
17.2653
3.44096
7.41736
14.2458
9.74808
10.5125
18.0385
10.5887
2.73581
6.0888
4.02221
14.4574
15.567
19.0004
10.4534
16.3059
12.4356
4.66673
0.53672
15.3869
12.378
6.26073
4.0742
9.85416
19.4792
15.3437
19.6367
0.116663
5.07456
17.4044
10.7079
7.39887
6.33885
18.8453
12.7888
8.17908
7.47551
2.0259
14.5754
18.9694
10.8848
8.72124
8.2211
18.9375
4.15929
8.95474
12.1629
3.54442
18.7652
17.5304
18.828
5.92388
13.3754
19.5583
19.7909
4.85355
5.71026
0.943517
0.904304
18.9043
18.8612
4.78116
13.6724
10.4401
19.1384
2.55516
6.59795
12.4447
11.9564
6.82229
5.77913
15.7364
1.24385
4.29442
9.94627
15.0646
8.22148
6.97176
8.32804
7.99675
8.1453
0.328095
13.0687
15.2168
18.1359
2.86602
8.15285
17.4873
16.2074
18.9101
2.33955
11.0101
16.4781
15.123
11.0539
15.4324
9.78602
2.45957
15.987
8.29239
3.2266
17.8316
3.66891
17.944
15.3375
6.96964
12.7824
4.80623
14.2335
10.9768
10.245
12.6268
17.1728
11.1748
19.0906
4.89498
13.3182
1.73481
0.788796
6.27225
14.764
6.10816
17.4572
9.44971
14.9292
13.8773
19.5007
1.36017
3.35028
5.067
17.3534
15.5502
9.44325
4.97653
18.5963
4.59927
5.58027
19.4254
2.88093
19.4053
10.5095
13.0541
6.7331
2.92027
18.4091
11.186
3.237
4.50733
1.0514
17.1412
13.2131
8.01752
8.14562
18.3118
3.9721
9.40348
6.9611
0.210006
0.0314439
7.75223
1.47541
4.6151
14.349
16.4853
6.43049
0.915958
5.28694
19.2887
6.85095
8.38737
10.0538
10.2819
0.572144
3.97994
18.3883
13.949
17.1774
12.7849
11.2642
11.4282
7.328
11.3881
8.34786
0.918456
7.99311
19.3126
19.1658
3.16097
9.83397
1.58122
18.1887
16.1512
11.5559
0.173477
10.7813
2.89227
2.88145
5.75762
2.51496
5.28768
9.57598
11.9807
11.901
10.2085
13.9216
9.79898
0.148524
16.045
1.3269
19.6409
13.3416
11.1661
18.711
9.08185
11.4663
17.6221
19.5508
12.7296
8.95505
6.36331
18.3471
0.986044
15.2713
6.4948
12.7337
5.99917
3.51493
7.41955
13.0979
19.5195
18.947
3.29055
3.42441
3.97421
8.66184
10.6865
1.50744
5.49098
8.35855
16.1822
16.5865
5.2482
3.41396
13.2705
18.5702
3.26523
11.4209
12.6132
18.8588
7.94515
0.570894
6.01985
17.7707
15.7783
18.1066
6.81315
8.52318
12.7136
9.2109
17.2207
9.07362
10.3383
13.227
11.7917
5.01751
0.848172
19.1998
17.449
13.1483
12.3262
4.63965
2.78633
4.00152
1.09827
15.1769
18.3611
3.86176
10.284
0.937379
0.960347
11.6962
2.84027
6.84227
6.1883
12.0927
10.8235
12.2619
6.978
16.9039
5.38718
17.1503
0.673092
4.23232
8.26205
2.56307
6.89996
17.4637
6.83625
19.541
14.2128
0.877088
9.06912
0.970539
9.52159
1.79109
1.53579
9.79957
1.19959
14.6163
19.3406
2.92093
19.5315
4.68157
13.5387
1.86372
10.606
14.046
8.52068
18.5864
4.5405
15.6726
10.0449
4.61336
5.64088
19.0512
11.4593
7.24794
11.3706
12.6623
6.02241
13.6113
14.7348
11.3804
11.6404
5.10824
3.88897
10.6085
4.06564
13.8509
15.5907
14.5151
16.6752
7.76498
5.4995
7.84693
12.1362
3.95092
4.99695
6.89468
15.8563
19.5709
18.1514
14.93
12.9748
3.39691
9.77551
10.4012
17.4824
8.27632
2.08259
16.5433
12.3627
7.02142
8.56892
1.22709
2.57387
19.8105
6.81278
9.60991
7.2787
18.5467
15.2633
12.1978
17.8405
9.47325
5.83742
8.40715
2.46478
1.2984
1.24662
17.0345
3.8255
6.2036
4.47456
7.91869
12.5139
13.0602
13.3207
6.11435
8.05441
4.97871
18.08
10.4775
2.93326
3.82852
19.6467
4.18455
1.56823
11.7527
4.20627
0.541301
1.9299
12.5343
9.52504
10.5627
13.3398
9.96827
14.0525
17.8693
15.2393
19.3768
15.5312
3.84324
19.6888
16.7052
16.1183
4.55367
2.63676
7.93909
16.0693
9.96564
7.29866
9.61572
2.57797
5.45319
10.2676
5.7742
18.8253
17.0414
19.3949
0.471615
15.2877
17.0985
16.5463
18.0592
3.81946
7.57579
9.53045
5.71617
4.41137
1.9845
17.4924
2.91458
6.5021
3.64554
3.77109
9.44317
11.8801
17.6694
4.94712
18.4221
18.8755
18.4286
9.89032
7.76005
14.0223
12.3908
9.42913
17.0008
2.75043
15.6585
8.92605
11.6685
3.73544
11.6382
15.1201
19.1929
19.1429
9.82515
13.2488
2.96237
12.342
7.32031
2.15851
6.59894
5.98888
16.9691
1.36124
6.50354
8.54346
5.34232
4.91334
9.65993
4.97513
14.0319
9.95265
13.3235
13.2807
2.00442
7.98328
18.2278
15.9631
17.2496
8.79296
14.3331
19.4768
9.72605
17.4213
0.123381
18.2332
4.22367
9.84726
19.4058
10.2367
7.1158
17.3659
0.0333058
13.2401
16.2515
13.9839
15.6059
1.86177
16.5436
6.71905
18.9566
17.9346
2.09725
14.9159
9.68928
1.07137
8.65544
0.548852
1.6361
14.1189
4.58637
16.3183
7.72869
6.40222
18.4945
16.6014
12.4987
7.15531
9.81683
5.88115
13.3266
4.72331
3.29836
15.196
15.9897
11.3864
11.5792
2.9568
18.4881
2.00748
4.81074
6.50567
6.63691
7.60847
12.6628
1.12229
14.3644
1.75729
17.2336
0.7171
17.9852
2.71009
9.09045
13.1366
12.0787
18.8916
16.0061
4.42589
8.37505
16.2744
7.2404
11.0614
1.04049
15.5359
4.96083
7.22987
18.0943
4.23181
17.9138
11.4507
5.02799
17.6817
2.99897
17.3854
17.2007
5.2541
8.18619
5.07233
14.0825
9.26523
14.8169
10.8529
1.93408
7.84615
12.8283
7.72946
15.1947
10.6934
16.0867
15.5272
12.4758
0.3147
12.0723
8.45698
2.74926
15.7106
16.3989
18.4991
5.05227
4.35365
2.93368
15.94
12.7518
3.35937
14.9681
4.33358
0.350776
16.1442
13.973
15.7895
2.20466
11.3946
16.9271
16.5217
16.5067
11.1237
19.9573
6.07007
18.4246
1.18726
9.91121
1.96396
4.43831
7.84659
3.08829
14.6089
12.8171
11.5175
0.0643915
3.75197
4.89692
13.7539
7.31697
17.0364
6.83212
2.59085
5.02103
10.1816
10.7194
10.4631
10.7317
3.78167
15.8849
16.4077
16.8556
0.61874
16.3564
2.55832
16.5806
1.02955
15.1053
7.84088
17.7352
12.0209
19.0091
17.5444
16.9005
18.423
14.9422
15.5036
4.60095
1.37311
11.0241
11.4217
12.3956
12.5921
17.3588
15.6682
12.5034
18.799
3.99605
2.27756
18.8835
0.12207
16.6132
1.58469
19.3348
3.33041
9.70747
12.0316
8.15141
19.8574
0.714346
14.4288
0.00884681
4.5998
2.80184
1.22262
7.00157
5.67977
1.01585
5.23962
17.2703
14.8968
2.80466
7.32206
4.59079
7.45657
14.6443
10.1128
10.4021
17.7135
7.866
8.63091
0.310807
12.8413
7.04772
8.54339
14.8767
16.5892
3.41125
4.34847
3.45351
1.52959
3.00985
5.14543
5.16933
12.6111
13.1865
15.9643
10.0989
9.26593
17.5234
4.61844
14.8654
10.193
1.08674
6.95743
0.897483
10.7773
0.199079
17.4975
0.449287
11.2133
12.788
7.0021
2.43333
11.4213
18.6353
6.47484
5.54147
19.0609
17.4996
9.02828
16.4617
10.9959
11.5987
17.8723
6.10262
18.7211
15.3929
13.3489
12.8531
4.92311
1.80998
5.5862
14.1115
3.84712
15.8827
12.8871
9.99717
4.55856
7.82354
1.35488
14.7255
8.42763
15.3173
11.9518
4.83733
0.358894
9.84508
13.2459
0.505354
12.9162
11.114
6.02078
18.2986
6.29153
10.2338
2.3444
0.364548
12.8924
3.22502
2.66148
7.26188
15.8984
17.6407
7.63533
12.0529
14.7101
4.6909
19.0164
10.4395
17.441
11.3041
8.3875
13.2191
8.5221
15.8928
1.74186
9.27949
17.7511
3.61376
16.9776
6.0227
15.6555
8.21446
10.1619
0.199346
11.4565
17.5171
12.4647
9.944
14.6916
17.4605
7.8773
19.6913
6.53263
2.68901
13.6902
17.977
4.51653
18.3241
10.9466
19.7767
0.874219
3.39767
18.4279
16.0664
13.022
2.06587
4.77837
12.1949
9.11766
3.8655
19.5825
5.23032
2.29618
9.0115
7.08762
8.08321
19.2823
19.7408
12.2694
8.81896
12.0334
10.2068
17.1673
8.83777
3.48813
19.1001
12.5931
0.410336
16.3657
11.2372
11.164
7.60815
3.63952
2.72126
5.41912
16.7679
5.12626
7.88357
13.978
16.169
0.0721841
7.03262
4.58547
4.42306
18.8286
5.28485
16.2999
14.7085
15.1688
4.41344
7.07686
16.8678
18.787
4.75014
15.362
9.6153
7.54375
4.64355
7.00096
18.7522
9.80705
10.7264
15.4088
5.45667
12.0067
11.7714
18.4719
17.9709
10.574
4.54546
17.2384
16.8641
15.5946
5.61293
1.89597
12.2102
6.65529
6.80714
18.4518
5.94186
9.44142
5.53605
13.6072
11.2719
6.21797
5.80695
18.7454
17.2721
7.48185
14.5698
7.3959
16.0338
8.43334
18.5642
5.87322
4.50964
2.9855
4.56628
10.4723
2.7853
14.9789
4.85281
16.0603
2.81705
10.3177
13.7269
3.82104
10.4781
13.6501
14.0804
0.559574
9.25241
9.32522
17.636
4.06022
2.11815
10.1392
12.0533
10.0576
11.0286
12.6056
19.9034
2.46213
14.5424
2.25154
6.21112
18.009
19.3155
7.29422
7.10954
19.5207
9.16916
2.08437
2.73227
7.35383
16.3597
10.6656
1.48982
12.6901
18.767
14.8761
17.2344
11.9604
0.853384
13.3335
6.80627
18.3903
16.8119
14.6583
8.66969
8.96168
5.82257
3.29579
17.5447
3.36577
4.9243
16.9865
10.2178
16.4247
8.36569
8.8066
13.7748
0.301133
11.8994
0.823301
18.7588
0.83266
7.09042
15.1645
10.797
17.6605
9.36601
10.6676
6.02113
16.9032
1.51176
2.58467
0.0407286
16.6551
13.3799
15.03
12.2801
9.93879
3.91278
3.57912
3.05863
10.4939
1.64222
3.30833
14.8723
7.86708
8.44203
11.3196
19.6967
18.1692
8.82543
4.11971
10.8305
4.88243
19.0386
11.5688
9.23502
3.17711
7.52265
19.038
8.81279
12.9984
2.9313
8.94533
18.7559
15.6737
10.6736
4.65227
13.7477
18.7514
15.3886
18.3499
14.9338
9.02136
4.97301
8.94315
9.50508
18.375
3.6399
12.363
13.7639
10.8738
9.44814
18.5132
19.8957
6.72935
12.1638
19.2061
8.88901
18.776
15.4913
3.05221
0.034577
2.89876
18.0165
10.6935
3.01716
18.8292
3.1037
7.70526
3.58227
1.82129
13.1383
5.46642
19.2531
16.7959
16.3905
5.89939
0.254122
2.09093
5.43295
4.77279
7.82573
8.66174
0.378959
4.29596
17.1692
7.28254
16.3852
8.47136
2.87324
11.1671
0.456156
11.7264
1.70006
17.56
7.9513
11.582
10.7716
0.598969
12.8851
0.421629
13.2866
1.74288
15.8348
18.959
16.7474
5.75538
14.3613
1.6036
1.25471
7.70498
19.3808
0.120447
8.89267
13.7497
15.8859
16.6146
3.23566
8.70608
8.65687
4.76135
9.46652
2.79489
2.00147
10.5957
8.05785
10.2477
13.7026
4.41903
2.10203
4.4204
1.94088
12.4819
4.56468
5.96189
2.64387
2.9548
4.3702
4.74306
2.05543
10.7746
3.91124
15.4998
2.99252
2.00456
16.4931
19.4721
0.342658
9.53802
10.3766
15.2474
15.5418
1.18978
10.8496
6.14137
18.3222
19.2175
19.245
5.30972
14.4169
16.3328
7.60833
10.1206
5.33864
12.7742
9.94503
3.71601
10.6238
16.1308
2.25162
10.6751
1.63444
9.53069
2.89435
2.66647
14.8258
15.8989
14.063
8.8851
3.0898
1.05799
7.12032
6.24104
2.52859
3.04111
7.19857
10.4964
11.2462
18.8022
13.4844
14.6348
9.10069
8.04044
16.6072
11.1816
13.6108
13.631
15.0477
0.385995
5.05941
9.87381
17.0077
16.0751
18.2455
15.8319
18.4258
12.9903
5.83185
7.97114
13.7307
16.239
11.6153
6.97771
