18.6047
7.24988
7.77982
6.85403
8.50991
12.9398
6.00505
18.4526
19.3678
3.55121
4.56946
0.24259
3.20695
6.03267
7.30817
2.39996
7.71706
8.86926
3.25881
0.0590823
5.66651
3.97613
8.93725
13.4104
8.18774
17.0375
12.8288
10.4344
3.56194
15.0485
4.70706
3.27473
16.8294
9.92723
18.7038
9.4808
18.2756
15.0305
8.48343
18.6015
10.8735
6.9129
5.08098
19.2145
10.793
10.1587
2.64494
11.4105
9.13322
4.6866
7.08931
2.98511
1.49863
7.04176
5.64842
12.6819
3.34586
4.75476
2.47069
4.99337
10.9809
7.50069
19.0699
4.26567
12.1796
18.2785
0.587736
3.48873
9.57243
7.44727
16.3629
18.868
6.24748
18.2108
9.22935
19.0357
16.5123
3.65473
13.8406
4.50464
3.57872
6.31521
12.1617
15.4194
8.68043
16.4462
13.6482
8.23007
4.4572
4.07595
19.0905
17.6119
10.3165
4.49043
3.97115
18.9832
6.78467
13.9144
13.9606
13.0224
9.95537
6.22346
17.6624
18.3045
13.4567
3.37973
5.11617
4.74892
11.2788
10.9283
11.6402
6.23051
16.8747
15.0509
15.5059
5.15072
16.9068
0.841193
18.3553
17.1456
15.6565
6.17612
15.3342
11.5474
10.3474
7.09711
2.72358
3.59944
2.9406
17.0901
16.8573
9.3386
5.27712
3.69873
15.6056
18.8328
15.154
13.9427
13.0363
1.36076
10.713
3.98745
16.4724
12.2709
2.8
6.63348
6.59354
18.7024
4.35669
3.5645
3.83244
8.11631
14.3269
13.2342
16.8997
1.11285
9.87663
2.06701
6.74293
5.31618
7.15288
11.1333
11.8901
7.02431
0.558871
2.48143
11.6658
13.5753
13.6573
13.9475
14.3961
0.362111
18.7843
10.0625
7.67051
1.3906
0.302512
12.0803
5.9674
0.12437
14.6252
12.1927
2.64173
14.7121
6.40138
1.72099
5.72675
14.636
6.30809
5.67089
9.00172
13.4256
6.44674
11.799
1.57041
16.1272
16.3176
13.445
3.14176
18.8143
8.64628
6.25538
8.95954
1.98353
12.0764
3.70759
0.725962
12.1231
6.4005
9.89719
15.4401
7.94758
19.0728
5.67456
19.5329
10.5649
18.0882
6.98014
5.71828
15.1697
5.38961
0.176711
4.61909
11.2441
10.6057
5.85119
17.7753
17.4836
1.11489
3.90803
17.4697
15.1946
4.66763
19.8722
3.8972
10.0596
13.1562
15.8655
2.5805
0.759951
9.37617
4.69379
17.5251
17.5604
1.69922
3.99499
4.81951
19.9226
5.67373
2.27787
11.441
2.79524
7.68965
9.90587
19.4308
10.9394
16.2189
1.86444
4.37548
5.31167
0.284276
1.31208
10.0744
0.044947
6.69789
6.28969
11.6198
15.2064
2.74732
10.7227
0.202395
13.2109
18.368
13.0382
18.8899
10.1258
9.82145
11.3134
5.77932
5.73744
5.13721
6.90524
17.8826
12.7118
0.942815
1.21625
19.2757
5.85417
7.85669
1.87298
2.83277
15.7336
9.16991
11.1187
1.7099
4.54391
19.9647
19.829
17.5449
16.9211
18.8443
0.433777
6.20932
6.8925
10.9092
8.40487
15.762
9.87691
5.36381
8.60622
9.58105
19.4028
13.0799
16.413
0.782794
8.44185
9.10277
9.16442
16.465
18.4041
0.289441
18.8559
4.52755
14.0801
9.00621
19.7566
11.8895
1.85167
14.9875
4.58154
19.9529
8.56362
3.81352
0.0356819
18.3083
19.891
11.1254
13.9927
2.20255
8.97976
2.82624
13.1363
1.00916
9.20552
17.7254
15.6645
16.9096
9.44576
16.0853
8.89041
6.50018
12.9957
4.47567
2.46096
19.5355
18.4805
6.99644
6.9196
1.66096
0.415859
1.99172
5.08181
18.2617
18.165
9.64364
15.394
6.20099
15.9064
2.03223
1.80747
12.5629
14.4142
12.2627
0.860278
4.64642
15.8203
8.79992
16.8078
5.35583
17.9806
11.789
9.2479
9.24507
1.15197
1.38102
2.89662
7.99097
9.26981
14.6529
19.9282
19.0659
6.69717
6.40433
3.40545
15.0183
18.0097
12.4182
11.8824
5.38327
4.56403
2.04958
2.58705
16.2948
3.82717
5.37084
1.69962
7.73109
8.12868
2.92816
6.78444
4.11539
17.8907
6.99067
17.3408
16.7263
5.19548
9.07041
7.61701
15.2598
4.738
2.1244
2.99077
16.9317
19.1642
10.0485
5.07127
0.805026
17.6228
0.918373
14.9264
1.59321
18.3647
2.22329
5.24797
15.4683
0.964379
8.77452
9.59282
11.4063
15.6085
6.60398
3.26504
18.4122
8.9785
13.0705
10.0191
1.43713
5.27168
12.2942
19.1958
19.0719
11.137
3.43402
1.10527
4.15734
6.49675
15.9999
5.87459
11.2026
19.1356
11.2306
13.0001
6.52892
14.2685
19.907
7.68948
2.82859
5.95778
19.5028
2.93232
19.5834
7.70777
3.1406
4.8749
10.8572
19.8527
13.509
5.99845
10.7355
16.9689
1.58318
14.4604
14.7448
11.8769
9.71391
1.16939
12.7217
13.416
14.6615
17.173
19.4701
6.95953
8.96896
8.40515
1.66457
15.3725
7.87161
15.2398
14.2222
11.1657
15.7146
13.5105
0.172568
15.8916
7.72045
13.002
14.883
18.9234
4.35372
9.77458
10.5497
16.562
11.38
5.06108
16.7809
15.4697
0.655194
13.5858
16.0561
13.3582
7.09428
15.5603
16.8763
8.02087
6.0835
8.2293
13.8536
3.16135
2.37422
19.1787
18.769
17.7259
8.24814
9.01909
17.57
1.25686
16.5197
10.8462
12.5771
9.70465
6.83772
9.66693
12.9503
2.20146
6.72544
13.0072
14.0401
2.37748
2.1417
14.3585
0.560048
1.95222
5.49454
9.25943
9.57616
4.21618
3.23074
3.67074
9.304
15.6884
3.49767
10.9842
13.4014
15.1346
7.93168
10.5824
1.86934
12.7436
4.69532
18.7676
5.90458
11.5049
15.8117
0.898811
19.7306
19.7214
11.3867
9.19844
1.28779
10.3418
3.31512
8.46151
8.99355
0.130648
4.84465
4.13222
1.70879
3.89095
