7.15623
15.3298
6.0181
5.04399
15.7231
5.14568
8.10879
2.05837
6.95203
7.63626
6.35558
4.47394
4.17892
6.61292
9.78911
19.8906
16.1273
19.2756
2.54623
12.0052
6.39804
1.75933
0.42791
9.26742
15.3949
4.69179
7.2311
14.4835
5.87383
15.6955
18.5701
7.46968
14.0673
3.95888
14.9499
9.74537
12.4914
14.3949
8.06668
14.0351
0.586228
9.2772
1.27789
16.714
1.5343
17.7541
3.61459
14.926
4.87524
7.03807
9.60992
11.666
14.4843
15.6668
17.3102
16.9584
7.39818
4.15042
15.6662
9.49866
5.50805
7.97425
3.7694
3.76922
12.7307
17.2486
7.9976
19.8992
2.94113
0.153198
6.83606
9.40388
14.37
4.83161
19.1662
17.0578
14.0473
0.664337
8.72543
18.1067
9.50622
12.4401
19.7213
9.57434
15.3719
8.70202
0.41913
8.5012
9.11462
18.5885
6.88273
8.92996
15.2827
19.4822
10.5283
18.9945
19.764
12.1816
5.31186
7.87755
16.9913
19.1618
5.29589
14.2239
6.7302
9.61524
1.96599
6.99411
16.4896
15.2283
6.86626
0.696718
18.5678
15.665
9.08246
11.2289
18.088
7.29192
10.9557
15.6025
13.1083
17.5392
5.25467
19.8688
0.568271
0.222948
12.604
0.336633
6.84258
19.4573
9.17919
14.0983
19.1761
8.7957
19.7703
15.0812
12.0989
0.354888
