0.211924	0.933993	0.68136	0.678735	
0.933993	0.398739	0.75774	0.740647	0.743132	0.474759	0.392227	
0.75774	0.422088	0.655478	0.173865	
0.740647	0.655478	0.171187	0.301913	0.706046	0.79728	0.0318328	
0.173865	0.301913	0.31655	0.276923	0.872429	0.0461714	0.149114	
0.68136	0.743132	0.276923	0.0971318	0.994069	
0.474759	0.872429	0.823458	0.821903	
0.706046	0.0461714	0.994069	0.821903	0.694829	0.125183	0.317099	
0.79728	0.125183	0.76375	0.950222	
0.678735	0.392227	0.0318328	0.149114	0.317099	0.950222	0.490589	
Time:    0
0
0
0
0
0
0
0
0
0
0
