12.952
19.8049
6.2092
17.0799
8.21927
17.5394
19.2885
14.5488
12.0333
18.2861
11.8079
18.7731
19.0692
5.95485
18.4691
2.09468
0.937641
11.591
3.60297
5.95419
2.25889
14.4753
9.16105
2.6476
3.24124
11.482
13.9531
13.0117
7.02453
10.6151
17.2828
8.18862
0.134362
0.204064
2.13382
18.5578
18.4283
16.5097
14.3307
15.9416
9.65966
11.4718
16.9751
17.7997
8.79253
6.22256
13.1236
17.9594
4.70854
14.4282
4.71854
16.5617
12.8773
19.0668
2.86456
4.85073
9.92334
0.239331
0.208892
4.16672
17.3225
14.29
9.91636
5.69896
12.4298
16.1657
2.3028
8.98278
4.91441
13.8019
10.4254
6.89348
4.6842
13.4186
6.53257
10.5489
18.8292
16.2196
19.1417
14.6138
8.62871
4.07933
17.2234
14.9656
8.91273
11.013
18.0003
11.8386
0.0405011
7.92097
17.3139
5.65698
18.306
17.7471
16.5103
15.0058
15.9423
6.76114
11.2503
4.65239
13.4708
15.0834
14.7949
3.52953
13.0155
14.2817
10.9619
10.1175
17.0192
7.58826
16.6655
12.189
8.38865
9.71533
3.0569
14.036
2.26638
18.6976
9.58169
10.5591
2.09587
10.1025
6.09396
11.0434
12.6226
7.35373
9.95728
5.70516
3.11846
19.6524
9.02419
3.49803
13.0408
7.17213
19.2431
2.31885
2.78303
4.20365
4.24219
1.98087
7.46923
12.4721
0.482229
8.7164
0.756271
15.067
4.52625
3.80393
10.5768
5.20485
6.1301
2.38372
11.1744
0.0400962
11.7515
9.59081
15.2804
18.1434
17.9638
12.1057
1.36501
9.75141
0.0626053
3.76369
16.1572
15.99
18.0151
19.2959
2.25166
13.9502
2.13337
9.28185
19.7289
3.4519
7.21247
9.22464
8.71073
9.31084
19.427
17.2645
10.4733
17.561
6.38592
17.5327
0.31411
15.7996
4.69253
18.9088
8.86252
3.19936
14.0504
12.6484
18.8879
19.2783
17.9526
5.86236
4.06136
19.433
12.8626
14.9416
11.3112
1.16045
7.38155
7.03723
9.21539
4.01793
14.4309
4.33185
0.784964
10.6768
10.9866
10.0131
5.34837
1.54437
2.7436
10.1179
1.32269
10.3686
9.33069
19.6693
12.4748
15.3214
10.5436
15.1179
2.07342
2.29206
15.7341
9.2564
17.9247
7.12489
6.96759
5.36946
2.33948
2.06925
0.64662
19.1491
1.29123
0.707864
19.4945
17.9334
4.69659
1.07054
16.7289
14.644
6.91747
18.4663
4.61641
2.07892
4.68678
14.4056
7.10158
8.23911
0.522619
7.84733
17.6234
17.7611
10.1183
5.73724
8.77048
7.2265
14.3802
3.97003
9.34707
10.2464
10.6854
10.9461
6.82358
7.72907
3.59118
10.5987
5.73113
13.256
8.40543
18.5451
12.4602
5.27571
10.7614
1.91198
8.18552
7.9539
12.8466
6.73392
2.27401
14.2241
13.2605
12.2874
10.7579
10.3686
1.74781
18.9244
8.07226
6.74917
16.1809
15.5956
15.4633
0.231337
2.8496
15.8458
1.17007
7.17425
13.8122
9.55876
2.48866
1.98595
5.74001
5.31778
17.6187
3.8222
3.92743
9.93223
8.0801
6.63804
10.1536
12.4128
3.35345
5.30878
17.3708
14.5104
0.762261
10.1843
18.8191
14.7983
18.4462
4.04587
1.78866
7.23473
5.28184
12.4483
6.2439
14.1523
18.8104
3.67224
4.36795
10.8855
19.5971
18.1928
8.32367
1.68686
16.3641
2.85629
3.80619
5.38757
14.086
17.3618
19.5468
3.5904
14.1841
6.36858
2.80334
19.6299
17.99
19.1592
4.50763
18.5487
2.68073
3.7484
16.942
15.2161
10.1478
10.8458
7.96387
14.2277
18.9342
1.54629
18.306
4.06081
12.336
6.83997
17.1777
5.02412
4.08027
3.04251
5.59583
16.0848
13.5465
18.6717
7.55439
7.49094
0.662595
1.22034
7.41231
4.67968
4.63431
19.9461
8.07925
13.0852
19.1206
7.07704
12.2364
19.028
1.46133
4.44669
15.1185
19.2113
15.2328
18.9855
11.2378
10.3303
0.626122
13.5144
13.5651
18.966
19.1027
18.3912
17.2085
13.7518
10.8897
3.32702
15.4726
1.11068
19.5475
11.2138
8.47798
4.95436
5.43975
14.7668
12.6394
3.95389
5.8944
9.39778
5.28886
3.43614
11.17
12.8935
14.7175
4.77074
2.45668
2.06949
5.16231
1.15281
8.75546
13.1906
18.8444
2.80592
16.2635
13.8873
16.6734
18.3487
19.261
1.77935
19.0702
7.61674
0.420219
0.637631
0.0631829
0.557628
4.92253
11.743
3.45486
2.79404
17.7628
10.0837
9.37081
13.9149
4.27977
9.36443
0.445545
10.7773
18.2652
18.2338
8.90975
10.9521
10.0434
4.41646
14.0533
8.29276
4.04517
8.74981
6.4634
2.75167
4.93498
4.0322
10.8469
2.11159
16.9158
3.72357
3.65396
1.04557
15.1867
18.4064
12.7016
18.1963
3.58788
5.51513
17.8101
6.03765
16.0184
14.5709
7.50574
3.71067
14.631
4.8641
17.4795
17.2924
18.7724
7.39925
19.1013
13.3087
0.990535
7.02113
4.1755
16.1432
12.7522
15.891
3.66017
19.1928
15.7426
17.4177
8.23132
15.9058
12.5323
6.26303
6.88967
2.54681
5.94448
2.13469
7.84499
11.104
12.9664
2.22794
15.7245
0.918756
12.3878
15.257
16.742
10.1079
0.513934
7.81675
3.81484
5.28653
13.0176
10.9302
10.2868
13.9737
12.6459
8.55637
18.9425
2.01067
0.544096
19.512
17.681
17.1821
13.9984
5.51174
19.2965
6.40142
3.16268
17.3041
17.2459
8.86671
3.796
4.95551
13.3651
1.59028
3.45059
13.8058
14.688
3.61048
9.59315
18.1298
9.01051
7.9783
4.61679
12.4799
14.0579
17.3847
13.8827
19.8921
19.6895
5.9505
6.73728
3.75131
11.7521
4.67076
15.8869
0.321012
12.8643
8.70305
1.6374
19.9581
3.88387
0.249298
12.0211
0.643711
1.64166
4.47421
13.4595
10.1277
13.6512
10.2348
5.8195
7.54641
0.292154
8.32009
12.5049
16.9074
2.40695
8.0779
11.196
5.48186
14.0899
0.319759
12.4151
11.6226
2.76494
19.6143
8.11428
5.95736
15.4445
5.68514
8.58125
3.81869
16.7315
3.23662
11.7073
2.60847
16.4345
3.3393
2.82073
15.005
1.92458
6.38707
14.2792
4.28208
6.19379
15.0296
14.4931
6.04078
12.8808
5.04964
1.9759
0.163638
5.82948
12.6228
10.6645
10.1556
9.45348
16.0471
12.0154
11.4448
17.9009
2.09026
10.6063
0.0127842
14.447
15.4481
6.18225
18.65
9.85872
4.56907
4.54588
4.39923
1.60246
9.98966
16.6072
10.3686
5.00833
13.4335
1.99246
4.13083
11.201
9.92317
6.57049
0.728992
4.70816
15.4568
1.27211
18.9203
3.10866
2.70019
0.0551495
2.78998
5.39966
1.88102
19.6084
9.29238
18.4843
14.6675
4.4848
3.24673
5.12788
11.9515
1.27468
2.39523
1.86082
7.31375
9.74118
1.28967
19.4477
5.56934
3.59052
15.7062
17.2749
18.8439
5.20453
16.8829
16.357
6.40673
0.588565
8.95612
16.1393
13.8626
16.6019
0.86731
6.87059
1.26386
12.0218
7.91564
2.78831
0.119572
7.49092
13.983
10.6262
18.389
13.7883
18.1084
18.2086
15.9932
5.07298
9.67065
12.1216
15.4047
12.6919
12.4502
16.4219
9.39847
1.37931
10.38
19.8211
3.02232
17.5809
19.8518
5.16979
2.19471
13.8279
5.51394
15.657
12.5104
2.47929
6.54197
5.94465
6.44584
4.9642
2.99991
2.33792
4.0045
8.78899
13.3397
13.9247
17.2974
2.27485
6.25925
12.9217
1.88168
3.62587
2.87155
14.2867
3.40854
16.1855
3.12389
13.2253
14.4104
0.329923
18.1461
2.23769
12.4094
11.2951
17.8822
8.8053
19.0499
15.872
9.23925
5.15892
18.6473
1.13476
11.497
15.9875
1.11827
18.1042
14.9839
1.04929
2.94219
7.24782
17.9119
12.5974
9.39448
19.5225
15.2575
17.8266
13.8548
19.6212
14.4138
16.8923
3.81244
8.61771
18.9379
10.376
6.23035
18.9448
6.92017
10.0283
14.6586
16.7698
17.0398
14.4853
3.24061
17.5246
1.46645
4.37451
3.86113
8.7055
10.839
3.50769
8.58005
10.2876
8.81921
17.5263
7.00081
5.10616
6.18695
7.91806
5.36679
13.5053
12.1808
17.1087
19.6777
7.69369
15.6078
11.813
19.6681
16.0187
0.659593
11.5552
9.2411
10.115
3.37367
14.3787
0.101853
7.09884
8.47778
16.6264
12.6983
8.71085
7.10738
7.46846
10.9553
12.1265
10.5699
2.13408
19.62
19.6865
8.33884
19.5237
16.4644
10.7074
6.00334
13.1096
6.61096
17.1058
6.52711
14.7239
0.811039
14.2404
15.3885
10.5602
11.0678
5.5061
8.61527
2.32288
15.3954
13.9762
2.48684
19.0035
11.65
0.0219307
19.5809
13.8908
9.84744
12.9494
4.39147
1.65139
19.2006
16.0325
10.4341
9.29677
11.4867
10.5921
0.4617
9.29875
16.2631
4.1666
19.8416
19.5429
1.95737
17.916
13.9191
16.9914
5.60294
7.15869
14.3929
1.69146
1.31728
15.659
15.1602
16.1473
5.8719
12.5666
6.17408
7.72807
19.9697
3.27566
3.70981
17.72
15.992
2.406
18.7333
0.85288
3.70904
0.738714
0.661223
16.8875
6.24898
4.69029
10.8938
3.44975
10.6401
0.419699
13.5125
18.8079
7.04465
4.02485
17.6123
16.4511
11.2042
17.5271
0.0155611
15.9934
15.8942
15.3513
0.0176197
11.3304
2.11661
19.5436
13.394
4.38012
5.54573
19.0644
8.05138
8.82492
14.7972
5.84962
7.60647
2.42818
2.68636
1.56358
3.23807
4.43389
14.0036
7.74151
1.72815
9.98862
2.28962
16.1454
2.79151
2.37417
7.94616
4.01404
10.0818
10.1789
15.0981
3.14105
16.7968
19.4877
1.96446
17.6481
1.29575
7.21217
15.6823
0.300466
18.635
18.2907
14.7137
1.86863
14.5608
17.5584
0.305261
8.49494
8.29594
0.136139
4.23218
12.4199
14.7849
12.2375
12.9733
1.09852
0.684989
5.25191
2.59383
16.939
0.0861287
17.4022
5.93836
10.3323
18.5638
3.44365
3.73984
10.833
1.83137
16
1.03086
8.08544
15.5665
7.95238
13.8948
13.5207
16.6282
8.57881
3.93472
5.86791
0.943059
12.4414
3.29096
8.9287
12.6769
9.28283
12.0254
1.44681
16.9398
6.0143
11.3741
11.1914
6.87596
2.03178
8.31526
4.85862
17.3451
10.9605
18.5412
7.43043
6.83559
19.4685
12.021
1.65055
12.1667
7.38113
2.46783
7.72579
9.13268
3.24931
16.7221
3.35506
19.7237
7.07933
4.64363
3.31437
10.059
9.10629
10.9921
6.60134
16.9642
0.553373
13.6949
10.2984
3.68279
3.78408
18.6587
15.7539
5.90651
19.6893
2.45265
10.1988
8.77352
9.74189
12.2825
