7.61599
11.5892
19.6468
18.1721
15.8509
0.491781
15.1204
2.02869
1.01128
17.7345
14.3673
9.91634
4.44737
19.1778
7.8405
19.8603
5.44138
12.0679
16.912
4.02713
8.63221
4.29566
0.597024
4.36217
4.99425
5.09424
14.8786
16.7599
10.8444
7.77966
16.3666
10.345
3.3409
10.9403
18.1998
12.3326
14.6597
6.52673
12.6313
18.4608
11.2396
12.0158
7.03712
16.9219
10.3586
9.57367
2.858
14.8676
7.48489
11.9062
7.31899
14.1504
16.9869
2.86937
19.5394
8.16961
17.1109
6.9745
12.3342
6.11282
1.01512
14.2228
3.40463
6.93442
13.3653
0.868032
3.64815
17.9682
9.65175
19.1654
1.82295
14.1485
9.27179
16.0956
5.86316
11.077
7.31859
19.8225
15.2639
2.37945
14.7106
15.1298
3.62581
7.15377
17.9408
0.556734
19.5812
4.52963
13.9154
17.9982
12.5793
4.28125
2.72431
1.92872
13.6808
7.76845
11.298
9.69344
8.77243
8.48222
1.49238
19.2603
3.86077
3.44527
13.6648
17.6132
8.17412
2.43375
7.93461
9.39272
18.4496
13.0727
15.7123
4.60168
8.52788
12.0547
13.4468
7.9691
15.7426
13.0374
13.5031
9.97014
17.2042
14.9601
12.1735
4.11302
16.9845
12.1852
13.3574
4.66016
17.3203
18.8294
17.3706
7.53269
19.9143
1.25497
14.5915
2.79833
11.6862
19.1005
9.04348
5.37442
7.95303
16.5974
9.14394
17.0771
8.32786
17.853
4.73782
15.521
9.7647
12.3254
3.4313
13.0307
3.53241
12.1014
16.8875
8.9646
14.0154
12.3801
17.4648
6.42605
8.37794
3.49547
13.02
15.8153
18.6338
8.11506
2.3259
0.207612
12.5282
0.988851
10.8064
12.3351
1.02676
2.68595
0.824174
5.80804
18.8247
15.8863
13.7938
0.930671
11.3921
1.53408
17.2641
3.22332
16.0746
6.4596
17.7149
6.3783
2.02804
16.8419
7.09656
17.1438
4.17594
5.37871
2.71306
2.66544
16.2586
2.71855
11.4533
1.55073
9.33348
3.24355
6.6478
18.502
2.35374
14.2018
6.41933
19.393
3.8065
5.10882
14.2131
19.8272
0.971422
3.52291
8.25464
16.3915
15.6064
0.757277
10.6453
4.33201
10.2876
18.5447
0.957161
5.95982
17.1847
2.28327
7.64632
19.7635
5.73384
17.1218
6.21196
8.20166
12.8757
8.23708
11.1247
15.0269
5.30364
7.2095
2.00471
10.6426
16.4148
13.737
17.0503
11.5264
3.83255
2.82325
6.14013
0.779936
1.59536
18.2758
9.76324
15.9237
17.3194
9.24416
14.5537
19.5628
15.1431
12.5286
17.3359
15.0183
16.3192
11.5399
15.6135
11.6288
18.9932
10.1067
10.4813
8.17469
9.10292
12.3029
3.24216
4.40734
7.4245
13.4636
5.51404
8.55754
5.57208
8.93501
6.77564
5.18322
12.519
15.9665
6.87047
6.27521
17.7059
19.6779
9.17967
17.6371
10.8052
19.7985
7.30356
5.92233
4.91831
6.45087
0.882387
14.2511
7.64238
7.45671
13.1929
8.75656
14.577
17.2695
15.9475
1.37265
5.55737
12.4638
15.7061
17.0692
1.28603
5.75672
19.5527
17.5616
12.4262
2.35397
14.0201
2.51073
11.762
19.5396
5.68313
18.8981
5.34715
8.36222
2.54613
19.2329
19.9799
6.87034
13.5653
11.5828
8.26028
17.6041
14.8557
16.5797
11.1445
6.6907
1.59904
10.4485
10.3682
0.323238
14.4963
8.35769
11.4792
4.94843
2.83992
14.8659
17.1472
2.46645
4.46567
8.59021
5.98917
16.005
4.27923
9.302
13.4457
2.26659
5.21311
16.0779
16.3296
9.66096
5.04718
11.2719
11.3225
1.66946
12.1291
15.3368
14.6576
6.99409
1.8168
18.0205
0.932109
18.5881
3.02632
17.9218
19.5077
14.3666
9.74946
17.3012
12.8172
6.77067
1.4393
11.3572
11.254
9.86964
17.4331
10.7994
13.2435
17.4728
12.533
16.42
19.8882
7.129
1.12532
1.19108
16.8486
13.4565
11.2631
7.22227
10.4755
6.71857
1.64329
17.1746
12.5471
17.555
3.37045
9.85188
9.64335
16.552
10.0954
13.6245
15.2854
1.83844
2.91494
12.178
14.6646
2.56906
7.94326
17.1429
19.9493
12.4985
0.400577
4.2559
16.2885
12.3671
12.2482
7.97596
17.6587
14.845
17.9866
7.30601
13.6735
3.90357
14.1751
3.52513
19.3802
4.03533
19.2645
13.2201
2.85921
15.5552
12.9152
2.5203
18.0581
9.26922
14.938
11.6818
6.98845
10.4525
4.00043
8.90371
5.77667
13.8555
2.99531
17.8575
18.6918
5.48513
8.41184
10.9596
17.4309
15.6198
3.24501
5.18442
7.91713
9.25064
1.37455
0.64509
16.2703
12.9979
5.00565
5.62566
0.468683
9.34697
5.51471
18.1827
0.0148618
14.191
12.0921
9.4649
3.57213
17.3907
14.6222
4.71677
14.6765
4.99549
7.06835
16.0753
1.51522
19.8574
14.2129
9.62627
10.7249
16.7792
9.10523
15.2682
13.9296
10.4809
6.6391
4.64499
2.29079
14.6225
5.91479
13.8737
5.83351
6.85184
11.7636
6.30642
6.42216
2.81709
17.2811
5.0766
0.0110011
8.28113
10.8191
12.7256
0.942944
11.9263
18.0945
6.01637
0.53778
18.5462
4.67481
2.69426
15.4494
17.6457
10.0907
16.6984
13.825
14.5152
3.75215
14.0703
2.73378
3.19087
2.67035
10.2527
13.1307
13.9001
3.16349
19.6065
18.1167
17.6591
13.608
6.67641
14.3254
1.63251
1.59722
16.9457
10.0354
12.7689
10.9442
3.16397
8.7134
6.60824
18.1578
17.0795
10.4849
13.5808
7.84351
0.761495
4.24401
3.51474
10.4435
9.43425
7.66513
0.241498
9.40159
1.60235
1.98095
6.51988
6.91935
11.456
16.2823
6.05855
9.19067
7.97927
0.359446
15.7907
7.75045
3.28121
1.83979
17.5086
2.61757
13.5292
18.0682
19.4082
10.2598
1.78325
3.15342
5.62731
4.40192
13.404
15.2753
10.782
14.5415
19.1308
13.6272
10.8465
19.0797
14.9635
19.9762
7.49817
6.41527
11.2404
16.5288
14.6898
9.16596
19.1952
2.79516
7.88586
18.2477
0.978266
13.4334
18.1422
0.916561
8.31469
12.1623
2.39097
11.6589
13.4443
5.73696
2.24064
18.5729
3.88543
5.64338
9.51776
16.706
9.36338
0.183485
11.206
3.72647
9.09689
10.6366
0.379163
12.201
15.6355
14.682
10.5382
13.9905
19.2833
1.60946
3.85186
1.77732
15.8166
12.6005
9.18658
14.3032
11.776
0.0131967
9.3191
16.69
19.7765
7.94762
6.51346
3.2206
7.40287
15.0486
18.3373
18.7405
10.0486
15.3884
3.89331
4.31524
1.94671
3.55351
13.2057
3.57941
4.98423
16.1402
18.8525
19.3648
11.6076
6.59522
6.0007
3.30588
19.9635
0.403076
0.114725
15.9656
0.997454
12.9842
15.2658
19.3528
2.21678
9.27052
5.45936
4.55524
7.99117
11.7808
3.81948
9.95933
7.49314
6.49216
11.4575
5.98819
5.27503
9.32185
10.9002
1.99497
16.3736
13.1337
18.0857
4.87915
5.65432
6.57035
15.99
1.56451
0.924312
18.2535
8.49862
19.8665
6.10566
12.4471
17.1125
13.4498
11.2729
7.53907
11.3204
5.93965
13.0181
5.38192
12.1805
2.55691
10.6657
3.69154
13.4506
1.82303
7.63639
16.5002
9.00853
7.51307
5.20146
19.0357
4.93532
16.3819
10.661
0.273293
11.9791
17.0631
12.2612
6.75604
3.64786
7.39766
0.60517
15.1491
5.2031
3.44861
7.76137
2.25
11.6412
12.9302
11.6311
4.89975
10.9756
19.115
0.450755
1.36152
3.42462
12.417
18.0743
1.60907
11.7948
2.31042
17.4548
19.444
10.9413
18.794
1.05811
3.50874
5.88867
17.0424
8.40544
13.2235
3.13531
15.1783
13.3803
10.3897
1.6702
11.4883
12.8047
7.59822
18.2378
18.3374
9.26197
8.43906
8.7537
15.0037
12.7771
14.3043
13.1165
3.20101
15.6263
7.86725
11.2696
5.174
3.50236
17.5379
18.1246
11.0627
2.87008
3.71841
5.20815
0.30869
13.8486
9.01807
6.68471
18.3309
5.4698
3.50879
6.921
6.28595
15.851
0.271737
8.57714
5.77443
2.12839
18.1655
8.02193
8.64308
0.275514
17.9436
4.31611
9.70607
8.99082
1.7653
9.13833
9.56627
19.9694
17.6033
5.37041
8.47766
5.09661
1.17595
1.01775
4.5377
17.5493
17.7635
16.0354
1.82712
14.7723
17.3869
18.6814
19.9353
11.4144
0.837616
14.0504
13.5808
2.60455
0.812455
16.3979
16.9304
13.3814
14.6173
17.4592
14.1448
19.002
7.72174
9.68544
18.968
18.3224
15.8936
7.76393
14.2907
6.61264
14.9543
14.3149
18.9833
2.81122
3.80928
13.8243
3.77281
6.60786
7.46152
1.6258
11.5997
8.01535
0.414709
6.83612
10.8341
16.1344
19.8257
0.327317
11.4329
5.00492
14.8197
6.56208
14.0516
19.0421
11.5419
3.80033
8.56968
17.2386
6.08422
2.79867
18.838
10.0192
13.5537
12.9338
3.62479
13.5905
1.63379
18.6255
7.92899
13.0969
14.7871
15.2548
17.5054
10.0957
13.9166
10.3101
5.2537
17.3311
8.01198
4.25952
3.21143
14.3077
14.2318
18.096
0.788378
18.1059
6.4967
7.26248
18.375
15.1882
16.7393
15.84
11.0647
16.6116
10.8626
2.25135
18.595
12.1763
12.7119
10.6684
16.8371
8.46772
1.03855
12.627
13.0464
2.8335
12.3143
6.76866
3.98287
3.18751
9.47086
3.28327
11.7925
13.7358
18.9468
2.3258
1.53289
5.24576
10.6409
8.34845
2.28423
11.9138
9.63729
19.1813
10.9328
17.0923
5.42777
0.401898
1.72622
3.85254
4.70356
12.9814
2.27663
9.55241
12.8501
10.854
13.6447
7.983
9.21687
12.7215
13.8791
18.0916
3.77206
14.9171
10.7411
19.9138
14.8444
11.1075
18.2555
17.8451
19.0064
1.38112
2.11604
10.1197
8.8694
17.813
6.55159
9.21648
10.496
1.99624
1.58216
14.3228
10.2774
4.25873
6.99308
15.968
15.8667
12.4871
0.313433
18.7038
10.1697
19.5123
3.56197
16.1804
2.22254
9.38663
7.14729
6.04948
11.0104
9.93119
0.900396
3.36118
16.9427
18.7442
7.84091
15.3207
2.56537
16.4215
13.0816
13.4407
7.3711
4.71076
3.67925
11.5906
2.00391
19.0854
3.51442
13.5059
0.0973474
19.4206
14.4299
15.57
1.10644
14.9844
8.66056
11.2542
12.252
18.9005
9.42796
12.5154
8.78284
6.6524
9.44777
14.1574
8.4814
17.7952
1.59622
14.6648
7.94537
12.7808
8.27615
10.4157
10.5001
4.37965
18.6955
16.2162
10.8252
15.1031
6.63026
3.42233
2.38135
5.74001
10.8581
14.4867
4.25793
0.841105
5.66151
19.6124
5.21407
18.3498
19.5006
3.66459
5.02055
15.5795
13.6373
6.39394
12.7809
4.78213
0.890667
19.2162
17.2373
5.02157
8.36463
2.94158
5.67268
19.8131
15.3542
1.09325
15.7944
4.69657
15.2214
12.1284
16.3782
9.68748
18.0077
8.93413
11.4482
1.57346
3.93165
14.2844
14.7592
10.4998
18.0782
9.27308
19.4246
9.71732
13.2682
17.146
14.0804
12.1527
2.00892
6.00865
14.9484
8.10683
7.23859
2.73567
9.99694
4.74099
7.19765
12.5504
12.4539
18.9032
2.82468
12.6789
18.723
2.76232
13.127
12.878
8.88732
4.23609
4.88236
9.48542
13.2902
3.14093
4.10255
15.4361
12.6032
1.86284
16.3205
5.2755
6.99475
15.0065
14.737
3.15054
10.4768
19.6336
5.8752
9.4729
13.8798
3.74449
18.2685
10.3066
13.76
18.4278
14.9935
5.20414
16.1027
4.36048
8.72353
16.9171
12.9443
16.6137
11.2291
7.18612
5.31852
14.3466
11.0993
9.66484
13.8147
7.3108
18.8643
5.63073
16.3924
16.1247
15.1601
17.106
3.95335
7.89738
9.58964
13.0629
4.05943
0.4199
13.2855
4.35659
5.44462
17.6239
3.16128
9.49728
15.2998
8.40427
12.1438
8.38988
14.0726
16.6823
7.27941
12.3185
18.9407
3.12241
7.55174
5.84057
17.7783
0.683327
12.8934
18.3698
3.58244
4.2305
14.1686
16.2981
19.2679
5.30773
7.91674
6.93523
6.74847
18.7951
18.8364
7.04856
17.1834
15.4512
8.55422
13.9217
13.7214
2.61496
12.2399
5.13302
13.3705
4.36744
19.4193
1.0225
11.6813
11.5733
18.9054
10.6274
10.8808
15.904
9.94697
9.01437
1.96202
14.4889
4.13115
19.7248
8.09494
9.05554
12.1879
0.379053
6.18667
5.206
3.781
18.5517
6.42626
8.23562
9.55607
16.6238
14.474
19.1104
4.4865
19.2017
2.64898
5.70367
1.07923
12.4917
0.445494
0.833975
5.55378
19.7611
9.47989
8.12325
4.94422
19.6622
7.25517
18.5406
3.22463
8.05402
3.21081
10.8453
15.8627
0.204879
19.6585
12.3524
3.11029
13.0524
2.6005
0.370846
17.388
6.53676
15.4051
12.3821
11.4541
13.3336
11.3809
12.8992
3.51496
6.10407
7.15282
7.90946
11.4462
8.90945
15.1793
9.71497
3.02954
13.6858
5.79861
2.35372
13.8495
11.132
10.4311
10.8364
10.431
8.45384
18.1364
17.7318
18.7212
10.4587
14.4671
3.92289
17.2884
13.7721
7.77628
3.48637
5.87711
6.10662
18.0289
10.6086
11.5594
12.4207
17.8149
4.63165
15.9792
11.1399
19.6864
15.0093
0.489689
13.9986
19.3495
11.9823
10.3609
1.27241
13.9376
12.1222
19.4126
18.9832
15.5488
7.81314
4.42112
6.34141
19.2226
7.40929
5.9004
7.30568
7.06789
0.221453
2.43443
12.0749
12.7582
7.86131
9.59688
11.927
9.55537
7.29299
19.7703
3.09454
17.3687
12.5164
12.7677
3.36291
1.51185
18.9346
18.2588
16.8355
9.34599
12.1123
19.6383
18.5629
19.3724
16.7553
12.8942
10.4306
4.80517
15.1424
12.8051
14.1914
5.89461
19.0675
9.7664
17.4015
2.64173
15.2727
10.0703
9.25917
18.3183
14.8488
3.45816
7.40644
4.64683
16.3444
17.4025
12.8865
9.74169
7.15835
19.1263
16.0106
1.42344
1.18618
4.59996
16.208
1.69359
7.01729
6.16684
3.14875
3.63425
0.278516
9.54633
13.1574
9.85365
2.7312
13.617
14.862
16.5893
2.30483
18.9323
18.5506
16.1056
6.27376
3.54069
11.688
1.17635
15.2827
5.44988
18.4256
12.5032
7.83465
13.6726
2.66188
18.7164
10.6436
3.90047
17.8616
15.1986
14.9372
16.9051
19.8409
8.07946
10.9921
1.08774
5.4629
19.5284
6.45235
19.4161
1.31511
10.0246
12.7871
14.0464
1.95744
14.7143
11.6934
18.6428
16.7561
7.49459
14.9166
16.5278
10.0121
17.1521
10.3806
2.05535
11.8591
6.62
16.5766
18.3677
6.8495
9.27354
19.3157
5.91175
6.29848
9.96613
12.1656
18.9094
12.4844
12.6697
0.14844
5.23618
5.55323
2.5731
18.4093
6.97649
7.55859
4.03514
13.2216
1.34631
8.10974
1.5843
3.83886
8.66462
9.46676
2.45323
4.83685
0.799858
17.1719
16.73
4.3951
10.795
6.88931
4.15816
14.081
13.6059
11.6896
15.8598
19.8562
16.643
7.55802
6.49046
14.329
11.804
17.9754
4.07824
2.55989
4.91653
14.9591
17.4431
10.3032
19.8334
10.8173
18.1419
19.2709
3.00621
6.07182
5.12118
10.6753
16.1834
14.4213
15.5162
18.5884
16.5955
13.7753
6.51449
17.7387
12.4254
2.68534
9.17136
18.8587
18.6748
9.18106
17.3239
18.033
1.29255
3.47249
16.1901
12.5362
6.91641
3.93671
14.2172
1.65532
17.8064
14.7157
1.84341
10.9903
14.6783
16.0538
17.4851
5.73737
3.73362
8.79849
11.8233
1.1844
7.79141
10.5609
1.43029
8.29954
6.91028
7.90687
13.8501
15.152
12.8374
5.72357
17.1654
6.02516
10.5866
15.8372
12.681
0.776726
1.71761
11.5229
16.7337
1.49414
6.48568
0.0955579
1.97487
14.9399
8.97518
11.1962
2.31897
8.05891
16.2157
14.535
14.3642
18.2464
19.5719
2.56435
0.294214
2.83144
13.0118
17.1097
9.28095
11.8861
6.73037
14.2018
11.4846
2.53119
7.00858
1.41316
11.8243
15.7647
12.1524
10.0667
6.69714
3.3186
10.868
19.1278
14.9139
9.77804
11.9331
1.92767
18.3931
12.4797
1.33114
3.01105
11.3916
18.0604
12.6221
6.69071
9.7613
2.44025
15.0424
10.5421
2.24948
3.26624
11.0211
4.16984
10.4869
7.60974
16.8154
3.02016
5.44291
19.7901
8.11393
19.1033
16.7236
3.75674
12.3945
1.29408
1.21823
14.5581
13.9576
15.0863
0.166672
8.70777
17.6028
5.90376
0.554839
3.50656
18.3138
11.6179
8.45484
2.90897
4.21522
2.40497
5.73379
8.92982
5.86855
8.91321
1.31379
9.67243
1.69851
10.8203
3.32176
17.7296
17.572
11.2497
8.96908
11.6904
1.72893
5.2002
3.28522
2.03552
10.103
15.3639
13.9382
15.4031
14.755
19.7992
5.63584
11.506
15.7586
3.20153
19.6434
4.20664
15.0764
16.8259
19.2486
14.9198
14.1472
16.6435
5.41616
4.8879
8.46313
15.9014
3.33149
13.0204
16.2186
1.02297
18.9525
19.7229
0.702603
7.46666
7.90444
16.1253
4.74738
16.8213
15.1448
13.2161
0.265997
3.68997
0.572185
16.9608
3.35441
18.4155
13.1694
14.2039
17.1718
12.7522
8.72245
13.9546
0.812893
11.0562
19.7887
5.08957
14.7258
13.8765
3.85729
1.58359
5.39841
12.0799
7.76268
1.68972
2.82297
15.5708
12.562
3.35671
18.3418
0.968156
8.00944
2.89308
18.3182
19.8651
0.739775
10.3091
13.6511
9.27133
10.3237
13.2053
4.26091
14.2413
18.8862
10.8366
19.8536
17.944
6.08197
19.8882
10.2035
12.8541
15.0939
8.20119
8.90463
3.86846
10.5071
0.400805
9.09918
7.47527
1.83037
10.884
17.6737
6.27223
7.92281
11.5694
15.3874
10.692
9.08096
0.711441
5.06602
19.0865
2.45528
19.1604
8.24953
3.8883
12.8649
5.79067
11.4419
6.28036
15.3024
17.6885
5.38344
6.61077
16.9299
1.44407
1.10389
0.651315
4.69914
16.1502
17.3766
8.54497
8.06535
3.48035
6.88614
17.9911
0.0674267
12.9961
2.79378
7.46139
10.7636
2.67894
8.46815
12.9861
13.8561
12.8854
3.89713
4.74503
9.82682
8.93178
9.85986
1.45592
11.4564
8.81323
11.3524
17.3573
14.355
9.23627
19.1823
0.0554732
17.0557
16.1548
15.2867
17.2002
5.41966
1.6004
19.8664
0.508531
15.4261
11.6987
17.9533
15.3821
9.38967
12.4579
6.4441
18.4257
2.16386
15.8991
0.551077
12.3992
1.73627
2.60292
18.888
16.2162
6.279
5.67142
10.2047
6.06686
0.299404
13.4372
4.12109
4.44092
2.2797
12.6225
1.29716
16.7657
10.0913
8.88488
16.3473
1.51605
2.73466
16.4425
7.75436
13.5774
7.58686
11.1434
10.1023
19.7483
5.67397
3.61377
6.62863
16.5599
1.55781
13.4737
19.7053
2.30692
18.0367
4.70075
0.870793
17.3806
3.23083
10.5597
3.07888
5.89598
1.9683
10.6348
0.755743
14.1397
15.4477
5.23035
6.47055
7.7691
19.6266
11.7721
3.73056
12.5111
9.73868
6.71251
19.7957
9.40753
19.5675
0.584296
5.89884
7.20341
3.22846
10.732
0.788958
10.8819
9.80036
9.74614
18.1863
13.5137
14.6514
8.37749
9.77446
15.708
11.1251
19.7376
3.43337
6.99234
18.2358
19.8209
6.47034
5.22546
18.6756
2.54982
16.175
19.0202
9.42904
3.48731
14.3357
11.7845
4.5306
9.24384
19.6795
19.3924
1.73037
16.8794
15.2733
0.201119
15.3519
2.84639
19.1707
0.810902
6.798
5.07948
3.29123
3.18007
18.8524
9.59003
13.7723
15.4873
15.9619
12.4041
12.7432
6.21409
1.27701
4.57684
7.32879
16.0669
18.6651
18.0763
15.5107
8.52694
19.1758
7.07961
2.84835
18.9857
14.5673
18.6055
11.3193
17.6678
17.6884
4.96781
13.0304
8.89939
15.996
5.61851
4.26307
2.21008
6.0182
8.5893
17.2245
2.78783
15.1633
4.55169
16.1538
12.7999
15.9448
4.82263
11.4985
6.14293
2.87338
8.17895
10.7491
10.8648
4.80825
18.0391
13.6017
11.8395
13.8536
2.66599
8.2693
15.3146
4.10551
14.5098
14.7463
14.5667
1.23601
4.38143
10.5928
15.6856
6.09224
16.2142
17.543
15.3899
16.0207
8.53577
12.2827
15.8426
8.82065
1.36997
2.15567
17.2497
15.0047
5.3457
8.87117
15.4402
1.54786
2.89381
13.9685
18.0247
1.71222
1.23292
17.9547
13.422
16.8997
2.46525
5.07838
10.7314
1.26425
15.9547
11.6463
7.4166
11.0754
14.7771
6.94212
17.6477
19.832
8.67828
2.86126
6.78336
5.29999
18.2576
6.82938
4.15657
0.350784
18.7451
17.1197
9.72211
2.87633
1.21236
3.10898
13.0487
17.8701
12.8179
10.1579
19.3163
5.12255
14.0885
4.60289
10.489
0.465012
16.2391
1.47097
11.9701
14.8974
6.34633
1.40261
7.15387
9.75519
7.36785
18.8938
1.91316
14.5975
16.8185
0.925898
16.775
6.50187
16.6557
4.87419
13.8175
13.7063
2.77833
1.73998
2.04738
18.1734
7.61665
17.5811
4.88454
1.8631
7.70535
8.9055
6.77004
13.1083
17.8003
9.60692
3.47014
12.8275
15.3605
0.739201
8.15449
13.9736
11.6557
6.32124
10.9415
14.0389
10.1751
13.234
8.2686
0.711077
8.35874
8.26524
1.95594
9.86617
15.293
9.74051
19.0874
8.53558
5.74601
1.47471
4.13753
18.2876
13.9507
4.1568
2.60156
16.3178
4.57716
12.4082
1.25734
10.4385
4.98957
17.2446
9.46725
8.78206
2.64565
7.90805
6.7138
4.88604
4.44016
8.16097
7.38505
3.47765
15.5512
9.80642
12.0707
12.7785
10.8654
3.99833
12.3489
13.778
9.36491
6.25362
13.2351
0.538972
1.37881
14.3728
1.36264
1.89008
14.3995
14.9113
8.33151
3.59243
15.404
11.8115
14.2991
3.51755
8.47228
4.86772
0.349218
19.7054
15.9931
7.72107
5.52529
19.583
2.85767
8.31724
0.443411
14.2412
12.2738
7.17009
13.6229
13.6102
13.4288
14.6126
18.8135
14.4532
19.3245
0.660314
4.40826
15.8364
1.76559
0.99797
5.65816
15.2626
12.416
1.85548
12.3011
14.1727
8.15853
19.6366
5.7005
16.7472
18.8063
9.39564
1.26546
9.61409
1.15432
1.51594
7.24713
15.3773
5.86971
3.1786
5.24413
0.222693
11.5257
13.8832
12.2608
10.933
2.48287
14.3664
3.0357
15.8546
10.6187
15.4578
15.2886
11.592
3.58444
5.25612
0.21639
7.55607
15.0832
7.48392
7.2309
0.935504
16.7543
14.772
6.96459
12.8351
12.2467
11.9088
5.58678
17.9582
5.52581
17.985
6.44271
19.0849
12.4959
13.6737
0.105779
9.26496
5.82015
4.7702
3.75324
1.7751
19.4595
15.8461
8.91538
10.1742
12.6309
16.7332
4.9161
0.583264
7.48679
10.4682
7.37848
4.18012
1.45842
0.551202
4.4038
8.49249
7.007
5.91284
14.4425
6.96369
5.69265
8.59209
7.75824
14.7701
8.00666
3.32882
1.83291
10.2755
4.78899
7.2614
18.3134
5.60657
2.91967
11.4728
12.375
13.26
4.25894
2.06185
11.7189
8.45559
11.782
16.4359
10.8298
19.8678
13.6019
13.7478
8.56797
19.8685
5.57502
14.6472
19.7737
3.91809
9.88389
1.05697
7.8369
1.78991
0.243735
5.34036
4.52115
2.71753
14.6939
5.70648
3.99827
16.2149
0.857093
0.701146
3.8334
8.49342
11.0488
8.09237
9.87581
11.8312
0.501798
0.988308
17.4327
8.22511
3.47672
16.3683
10.1705
1.71589
9.06647
7.02601
10.6359
4.83674
19.409
6.29852
18.5204
1.29339
19.3556
3.5868
12.7565
7.93197
18.432
1.99225
8.7751
12.0552
19.6537
18.2545
16.3209
2.74427
19.6539
1.4978
16.3508
6.88035
6.72781
14.8166
8.22463
3.65323
13.9068
17.2473
7.34705
15.6761
3.32167
6.33829
4.41786
13.6201
13.7746
1.99315
15.5986
10.2084
1.60906
11.0525
11.9214
9.70509
1.65468
5.73628
13.5961
6.82587
5.49509
17.1254
14.5738
10.1858
6.83061
3.22303
18.6621
16.0249
8.78137
15.2643
6.62889
10.423
0.986947
1.34018
14.2713
11.4771
9.79048
1.0502
12.622
16.7113
3.53362
4.96168
18.5869
0.486712
4.74295
14.2277
1.66837
16.266
7.0835
15.3182
7.54455
4.83231
11.7906
19.0123
14.3614
19.197
12.9637
4.86466
14.9999
5.4605
9.14116
6.21983
16.9458
12.6943
16.2467
19.0645
6.41455
1.45574
1.62626
5.78652
2.12935
17.7712
17.6441
17.6983
10.5123
11.0498
2.19199
4.67307
1.09769
0.789777
19.6563
0.877072
19.5856
19.6979
9.13261
19.626
4.34827
9.81331
8.94934
1.92914
16.0602
8.6394
11.9582
17.2343
3.56225
16.2416
13.0212
18.6636
11.4096
15.3244
4.04029
5.51982
15.9464
18.3697
0.0198915
6.06305
3.15753
13.5094
0.798062
0.86778
5.09732
6.4502
17.8531
0.834353
4.01136
0.979971
2.59408
18.4765
5.00961
14.2698
9.77737
2.46569
11.5125
2.96364
19.782
12.7892
3.49591
16.4049
5.64653
5.50687
16.4084
9.11703
4.486
5.57909
3.54242
3.91245
8.44709
16.2357
6.52328
4.72075
11.3686
0.70754
4.12898
3.69017
1.42289
7.68445
15.4424
15.4473
4.04033
6.88585
19.0762
18.5556
8.05225
12.2303
18.0623
0.488925
7.88056
7.43645
17.0821
13.1619
17.6188
10.7491
11.4619
13.0226
6.45362
9.85647
17.8587
14.6691
13.1461
12.1656
4.34709
14.0993
12.4302
2.02196
12.0595
10.0341
16.0432
13.0327
12.1699
2.10809
9.76929
9.81117
6.7257
19.3877
13.9961
18.4605
12.1888
1.05141
16.7801
13.8507
19.2824
9.84025
4.54556
8.67061
7.17971
18.4004
11.2921
6.25811
3.87705
17.1171
10.9175
5.43461
11.1522
8.19667
19.9046
0.900846
17.0853
18.2847
3.38181
18.0763
3.08025
0.0458813
13.1563
12.8468
7.6363
17.9695
10.1547
6.67786
2.55647
7.83014
8.40788
18.1252
8.90185
12.0262
3.79673
0.591016
3.55496
4.75265
15.8913
0.914277
19.6275
17.6808
2.67146
12.6121
2.71809
13.7382
3.43698
16.1854
9.99436
0.82485
12.3204
5.00468
5.50319
15.2935
14.1913
15.7851
10.3577
6.05029
1.93836
1.32602
9.08266
2.23279
16.9395
12.9481
19.7935
8.27612
17.447
17.239
17.0576
16.8487
14.613
19.3466
10.6617
17.8671
14.1726
10.6152
1.9464
7.82127
1.70621
18.598
18.539
13.4427
5.88314
14.8797
10.2922
17.8228
8.28726
4.62352
11.1251
1.77595
6.48412
10.7416
0.85173
0.0946535
3.65182
7.42896
2.04723
11.6172
0.154339
3.80663
9.76821
7.13181
0.387574
12.6171
14.2021
18.6827
14.7634
12.7352
17.3063
17.6862
8.52824
3.40626
13.8366
9.43208
13.9918
6.63756
10.6385
9.60461
11.32
1.13728
1.1543
9.29672
16.6007
11.369
8.51022
10.4071
9.34377
16.6124
18.8526
1.92012
13.1605
1.56104
8.12312
4.25874
1.60755
15.0281
6.13171
1.04202
7.0549
11.6381
14.702
16.27
1.73835
13.582
14.5329
14.7574
17.0361
11.5197
0.497411
1.89543
2.93092
0.0504111
0.862517
7.77994
18.5079
3.43854
17.3575
4.52383
7.67833
17.5452
5.20186
10.4024
12.7803
12.9173
16.4034
18.935
11.1093
19.5254
6.11597
4.0104
15.1097
11.6046
0.210257
11.9651
16.8895
2.37788
9.88685
11.0802
4.16596
0.284027
5.29607
11.0474
8.80963
4.84036
4.15734
5.62606
18.4109
19.1101
1.07295
5.86835
11.3823
1.3915
19.2235
16.2148
9.95341
2.63862
16.967
16.0236
11.5809
14.7103
13.6341
17.7563
6.68092
13.8362
14.1343
9.13837
12.0811
14.9504
15.3755
3.06515
15.3696
14.0837
18.5241
2.14062
5.15435
17.9758
5.55104
1.9918
10.7435
10.2008
19.7426
9.5521
3.06435
10.9361
19.9613
8.99477
11.2177
3.82677
5.13009
14.4891
0.076678
1.02934
7.53209
16.5182
11.9566
0.991728
1.82107
19.7141
16.2855
9.39474
1.70842
16.8226
2.19056
2.73092
15.0021
10.408
10.1511
8.69737
11.8986
19.8152
6.66972
11.386
0.565148
15.4727
3.3652
10.8295
12.1685
14.2123
11.2407
5.75396
1.97809
1.0328
10.1571
7.88846
13.8757
12.3194
7.53806
6.68005
14.4354
13.8389
4.05449
14.5378
7.32348
2.68181
9.41012
7.93344
8.44909
6.56719
11.7717
6.20811
0.902637
7.96607
18.9554
9.79065
14.8332
17.183
13.9718
7.6163
2.35254
13.6918
13.5549
16.5753
2.69189
6.67751
12.2794
11.7246
7.9384
18.3885
1.6632
13.0773
4.78921
14.6452
5.34954
6.7801
3.36139
3.88423
10.8386
16.4444
0.447538
11.1909
11.8502
18.2742
18.9677
12.0555
10.7254
13.5795
7.59408
18.4438
18.6038
4.8175
11.1924
11.7027
14.2027
3.24843
16.8152
3.0744
4.64114
1.15119
18.8465
15.9593
0.969779
19.5276
18.2421
9.11136
1.44602
14.5126
11.0416
15.442
2.9209
16.2454
5.23887
18.1861
7.51952
15.2405
3.84151
9.02731
10.1892
5.17991
13.3971
13.329
0.699912
9.23611
2.894
9.08842
2.9777
3.14053
9.91822
0.598498
10.9877
6.24766
0.928106
9.68905
11.2519
1.93654
19.6147
3.55704
7.36988
2.05145
11.3544
8.11432
18.982
8.00827
4.51601
0.364868
16.3164
17.0951
1.12495
13.2061
10.7941
7.31199
13.3423
8.98934
18.3634
12.9206
16.8299
12.2595
17.0575
9.33755
11.4975
7.48643
8.9146
5.46281
15.4725
15.6133
7.70469
10.6075
18.8302
1.85704
16.2286
14.346
0.520437
0.0830589
0.277395
8.64894
7.38137
13.5363
4.33297
17.0318
1.58729
0.531977
5.78909
16.4955
12.5121
19.9976
6.34193
13.6307
3.72629
9.60913
9.31882
18.1331
10.4582
18.5112
17.4782
7.26402
3.46759
3.36372
1.16047
6.79031
13.064
3.17321
11.6211
5.97131
3.45638
9.26041
17.6659
13.5941
4.37763
14.7247
6.18386
9.65461
13.9074
4.46876
0.859909
16.1673
8.2436
12.1432
6.96606
12.8538
7.60985
15.637
11.2663
0.869907
18.7474
1.3983
3.53474
9.82004
13.0797
18.4186
19.1327
0.985647
13.8188
10.3515
19.4426
19.1506
11.1569
16.9267
0.778067
9.98519
10.8529
15.6207
2.05028
10.508
2.12378
6.45945
4.62392
2.57015
12.4094
17.6745
1.53751
11.2701
3.45611
10.2649
8.08297
2.70425
9.37566
0.761239
11.2605
1.05385
10.5281
6.9991
6.1802
14.7559
5.78112
5.34692
19.6364
10.9602
13.6994
8.21975
14.1041
13.6455
1.35471
5.08094
7.7895
12.113
0.509145
17.5433
8.93292
17.8912
1.73158
5.53121
5.33925
3.69974
4.93333
1.38698
16.6817
17.0514
18.3573
14.4573
9.33484
9.15628
8.62991
2.83004
11.5448
1.04197
11.4375
17.0438
13.9476
7.4165
6.98851
17.5322
4.19871
15.0487
16.5959
10.3715
4.04552
17.4791
6.86825
14.2199
16.8237
7.69978
6.01688
18.8275
14.6529
14.1435
1.63027
5.133
3.21013
5.74961
13.4836
18.9768
9.39695
15.1535
6.1587
10.6268
1.51165
3.45114
0.400966
18.2408
4.45966
10.2346
3.87408
5.77844
17.3758
18.4983
7.80258
10.6356
13.7674
19.2191
17.9852
2.43254
4.9772
9.31983
5.19916
11.0299
6.92995
0.33575
9.34245
8.20753
2.98846
19.9901
10.628
9.23431
8.03085
18.6934
12.3417
8.39001
19.5522
1.60143
3.56752
16.0568
3.96676
16.5592
6.73194
4.45257
4.76401
15.8705
9.45678
11.3939
6.66963
7.69103
2.56959
17.2909
18.9247
7.31246
14.0786
5.39201
12.5567
17.3588
10.9547
10.8342
7.16346
1.1283
4.56164
10.1394
19.4922
17.5193
2.98857
0.691698
7.87465
1.22253
2.79325
6.82382
19.573
3.15826
7.76899
2.01277
5.01647
4.0115
19.3624
15.9764
18.4141
11.0266
2.72495
3.63312
12.9401
16.4307
18.6419
18.7774
15.2621
8.03524
9.80312
19.7086
17.8066
1.69831
8.61059
3.61916
10.1442
8.97801
4.11874
15.0671
3.42731
6.83177
1.64422
8.20388
6.26337
14.7208
6.44368
4.71321
9.89343
15.9976
2.29522
11.8763
3.78982
18.6271
9.44008
0.383301
19.2644
19.4078
6.07206
14.0975
6.1471
17.1545
1.78946
1.05877
12.5602
5.24829
14.6078
15.2461
2.309
12.161
10.9191
5.79727
6.35229
11.5392
2.48825
12.2161
2.58227
7.98347
19.421
17.2669
13.5551
4.85868
7.69536
6.41294
0.842921
6.06657
16.6084
0.915575
1.85858
16.8632
14.4554
2.3133
1.79505
18.297
19.3423
0.726781
4.60224
17.7951
1.52655
16.0163
13.4184
2.54982
2.78535
6.64273
7.9197
6.1678
4.88978
2.32192
8.97548
5.90382
14.5433
3.82149
12.6552
10.8748
11.5836
4.05696
2.03879
14.1779
4.33552
4.12564
7.66925
13.5205
19.1695
5.46624
7.64593
14.2658
17.2703
16.8481
7.52898
18.3295
2.72825
7.39356
13.6056
5.61641
16.7568
7.5069
11.7595
12.6465
14.7643
15.8244
17.4873
2.57212
4.12009
18.1011
19.1204
17.1742
15.9519
19.7725
18.4714
2.34272
12.3121
6.72709
2.6059
10.7848
2.31221
1.97813
15.916
12.2225
6.1156
3.40808
10.6941
19.1048
7.03422
19.3919
4.8223
2.52918
1.986
14.5671
2.34821
11.4789
7.83251
3.63458
18.9482
4.23654
4.73525
3.1145
19.9607
17.0065
2.05404
6.79117
18.0823
15.1725
19.9107
18.2992
1.62669
10.5287
11.2444
1.18343
3.21023
3.56629
2.23567
19.0491
14.3225
5.28732
18.1859
19.5401
19.81
9.6662
6.24123
18.3149
10.8326
17.0316
14.7114
0.672388
4.61762
16.9814
2.25693
9.1507
9.40699
4.64207
6.53205
9.51286
2.45159
14.1169
0.235067
18.8901
5.57702
17.9091
17.2164
2.5671
15.0654
3.44284
15.6732
16.058
9.80571
2.32373
0.191652
1.14319
17.9302
19.0247
17.0755
6.87939
17.1243
14.0028
0.531902
14.5682
10.5152
1.35478
17.4043
1.09502
8.84237
12.2518
2.81077
9.45542
18.644
14.3802
9.696
10.9831
12.8119
16.9599
14.0665
17.4305
12.5962
17.1317
1.40065
15.1904
19.5287
13.8843
3.94467
7.15039
7.36852
17.3456
5.00309
10.1287
19.1443
7.90744
10.1906
3.22467
18.4046
15.5806
18.6854
15.9932
4.63594
4.77222
0.799413
7.64347
14.6547
13.0024
5.52625
16.2982
9.95332
11.8722
17.2046
9.24545
11.99
12.9706
16.3907
2.74178
16.2315
17.6769
2.77844
7.72908
7.02093
14.8563
9.54522
13.8483
18.8678
19.046
9.09321
18.1769
4.61671
0.399957
10.392
5.38044
14.4145
10.3309
10.0026
2.22291
0.890415
17.2504
5.40815
9.33279
3.63413
9.22349
13.7202
7.08952
3.40881
8.55432
2.5379
8.95144
16.772
8.92713
17.2149
14.6253
19.0665
3.51565
1.787
16.2636
0.271204
2.36732
3.87759
5.42699
0.701259
15.4253
11.992
1.64397
12.5259
9.90653
11.364
1.09805
18.903
9.63397
12.3183
13.3993
2.65772
8.07745
10.3471
6.07723
6.31971
13.8065
11.3737
10.5672
16.9737
18.4874
18.9121
15.4702
1.21041
2.92289
17.8349
2.19691
1.07493
17.0959
10.9165
11.7899
12.2432
11.6567
5.33801
9.64776
13.8654
10.8339
12.7785
12.6631
7.97036
1.9654
7.15781
11.9157
18.3392
10.7131
6.55398
5.55723
15.9043
8.74382
0.644089
2.04325
17.8823
1.39653
1.63926
8.34003
18.9987
3.17928
16.7172
18.8703
12.3291
15.2275
0.0449588
4.29538
9.59332
18.2681
19.3178
1.81244
10.8128
1.10104
9.67499
9.14321
11.2073
1.59846
18.1588
8.72744
7.99173
17.5934
8.48912
19.8015
1.80321
8.42476
16.705
3.08093
18.1079
9.59319
1.30807
10.7963
14.3332
16.3291
8.78539
11.848
13.9776
18.6047
6.33512
6.45696
10.4956
14.9962
15.5091
18.9214
10.965
17.7222
4.15882
2.46997
13.5132
6.87971
11.1043
4.25499
12.6427
4.57161
15.0971
2.16564
19.1791
2.63632
5.03359
14.7049
4.99313
1.20913
7.04764
4.24045
0.220795
13.6188
13.8355
18.2118
4.96519
1.58385
11.3839
4.14016
7.47692
13.5939
6.37899
3.89606
18.1261
2.52885
17.9261
15.8825
12.4093
5.33822
12.8703
1.02345
1.58276
9.36796
19.728
16.2862
9.15209
14.0817
16.0403
0.614248
2.21186
13.043
5.49043
3.24347
16.0675
16.0064
15.7735
19.4817
3.35413
0.248173
2.80731
14.692
19.4076
2.52517
8.82877
11.326
2.70355
9.20907
18.8999
17.085
0.324071
1.72766
3.27911
6.84969
11.3581
7.85996
17.5761
4.13795
6.30349
4.66184
12.7515
0.94713
18.6816
2.45304
15.5622
16.5249
5.24519
4.86293
8.5271
19.9124
3.11877
15.17
13.3514
4.85857
2.40482
7.24432
9.14804
1.42159
5.68448
9.99466
11.242
19.8394
13.8853
7.10932
19.9885
9.99893
14.9494
9.16033
0.784977
10.3213
4.22127
8.10789
9.37387
18.2611
16.6373
13.4922
2.8238
15.2079
18.5376
2.83445
9.314
2.87512
14.1686
0.449644
9.28264
0.50888
16.6832
14.7806
6.88221
3.63919
9.14584
13.2904
0.40666
10.1043
14.6978
5.49425
4.03481
12.6669
15.2771
4.70131
9.21421
18.8994
6.88253
6.45861
5.11991
12.4457
14.7873
13.6811
5.49181
0.0541466
7.77815
9.87504
1.80847
2.67735
16.8076
19.6949
13.3023
17.2645
8.52204
8.29947
18.8211
0.532573
18.6769
7.10981
3.97123
0.640005
4.73354
0.0726135
10.7698
2.40771
3.30873
18.8514
9.28108
11.0031
0.836586
11.2606
9.63441
11.117
9.30998
8.42828
16.7109
15.8813
19.7066
0.212911
9.2586
12.9714
1.72891
2.49405
15.81
13.0627
3.69276
16.2474
13.4592
3.83505
13.5544
3.51003
4.77923
17.3534
6.93911
13.8017
13.266
17.4086
19.9243
19.0573
18.8162
5.06217
13.6947
19.2446
14.9488
13.5765
10.9191
3.30811
1.90366
3.1137
6.60027
4.88575
12.1231
3.14954
10.6689
7.75221
19.6908
4.4102
7.68351
10.1481
1.36148
15.9731
16.3888
0.0112235
7.3452
8.19623
7.69539
6.78356
9.94488
19.5428
19.3907
7.82619
14.5771
15.6538
11.304
8.71
1.97747
15.1521
7.32781
11.3611
2.95639
5.78615
18.4808
15.2084
0.344069
11.5721
14.9482
10.1604
9.53387
0.0142043
0.593231
6.8722
11.8491
5.52427
4.35914
14.8429
19.6637
5.7723
2.20974
11.1552
14.5364
9.38988
9.6058
1.93512
2.6917
1.47325
0.321735
7.58414
13.0036
8.38547
18.5608
4.61441
15.8449
8.43739
16.2467
5.52226
10.9866
4.1298
15.3897
7.60089
3.07098
0.268466
1.39525
6.70509
11.8823
8.04083
10.4257
0.453486
18.4502
3.56777
8.04211
17.5236
16.7109
4.24054
6.88468
13.9994
8.39277
6.97043
1.38334
16.9447
17.7111
14.5198
4.56151
14.6817
11.8397
7.77835
2.69206
3.88119
2.30285
9.09809
5.35827
11.1347
18.3713
19.5877
2.18604
6.77435
18.9307
14.4691
0.877831
3.9292
7.71722
0.164991
19.2236
0.984159
9.26398
17.8105
19.9248
3.41647
17.7971
19.0217
12.9225
16.6079
19.1439
15.8752
7.82825
17.9775
11.4246
11.9521
3.79874
6.49284
15.8865
2.92001
17.0614
12.0182
8.59978
12.3991
16.3988
7.65334
9.27484
13.4598
9.58776
0.77258
11.863
11.5303
6.61516
19.5913
15.4133
12.7855
14.6811
0.245712
16.9886
0.20288
15.1128
1.33667
18.7886
18.5873
3.91524
11.4002
6.0142
7.16395
12.7802
15.9224
0.458339
0.968996
4.0917
6.69099
7.21497
13.3075
12.6823
14.0282
15.1002
5.47296
10.5304
19.0939
15.8608
15.1385
10.1479
1.79805
9.6447
6.1902
16.0788
19.6317
15.1293
13.2651
3.80811
8.67267
0.487103
8.61255
8.63999
15.1498
19.9888
16.732
6.66582
4.93947
10.3549
0.957668
0.971865
1.54555
6.43753
14.3023
10.1729
13.5687
17.2701
7.29581
14.637
17.3756
2.1412
5.3891
12.6766
3.66581
13.2135
0.607798
10.879
10.37
11.058
11.4437
6.91302
6.47309
5.66971
15.9931
11.1756
17.9255
4.2734
18.0099
8.27054
5.56121
13.0507
3.19345
8.06283
3.00713
9.6999
7.44411
7.78859
15.7415
16.4393
10.3924
16.7937
9.13552
8.72443
5.75226
15.2782
19.9691
5.25783
17.5853
17.0325
5.14731
1.09435
5.78308
10.289
10.0797
16.5503
1.93827
14.081
15.6733
6.12386
1.06325
0.668611
2.59906
8.07818
3.60116
5.33998
19.1205
4.41932
3.16442
9.59191
10.1845
6.57448
15.2005
18.405
18.6732
15.5779
18.4108
10.0516
2.52037
19.1441
3.88863
5.43186
12.4261
7.15262
14.368
15.7354
3.96069
19.8286
17.5804
11.9334
15.3977
9.25847
6.48231
18.3145
12.6176
10.3015
6.65312
8.03345
3.15192
0.487965
17.5754
6.05005
16.8511
11.3163
15.6197
7.582
7.32815
12.1101
12.3104
14.2248
5.97663
7.82991
11.9354
14.7771
18.0247
4.19587
17.853
7.30073
3.49285
9.80901
6.02176
14.424
7.60236
7.28846
11.3246
3.57257
19.2108
1.33225
19.546
18.1597
13.0845
11.7121
6.58147
12.1515
3.48929
8.72522
12.5824
15.0546
1.41573
6.05322
19.1213
15.8586
18.7393
9.21804
3.64661
2.01991
0.912474
15.6785
3.08296
11.7861
18.1112
14.4936
9.59053
13.0571
4.26449
10.4619
17.7641
16.1238
10.2004
13.4598
8.20919
9.60079
7.67468
9.25583
0.529764
6.8045
5.62468
9.63824
19.7886
9.13568
12.3208
17.2334
6.10043
7.31973
3.95099
13.6565
1.97993
4.82342
8.13149
18.5999
8.51395
0.672637
7.56237
11.8461
7.08496
8.45946
14.3818
11.1554
12.5905
0.66328
17.9589
12.097
14.9882
11.3069
1.65791
11.447
5.59831
19.9884
4.00406
17.6774
16.0983
8.72438
10.694
2.16303
10.7886
14.2502
3.67492
3.7303
3.3718
9.23996
17.6842
5.6518
4.11935
4.37024
18.4865
9.30302
16.366
13.9753
6.04522
19.9298
0.541003
10.6298
11.8286
2.57035
2.0025
18.756
19.5074
4.81118
1.45427
9.10871
3.70301
16.9166
6.78164
14.885
16.6213
0.552673
5.81319
9.20388
16.6604
6.00126
19.494
19.549
19.8299
7.50238
9.49322
4.70432
11.808
5.94022
10.5094
5.74737
9.58924
6.95129
15.79
12.9741
11.6447
8.87748
8.47471
16.8772
4.80868
0.91392
7.00124
9.0088
17.3786
16.9632
16.9037
3.16471
6.58393
10.3986
10.6182
8.56959
7.18429
8.24446
5.99891
10.6881
7.11901
0.993435
0.869654
11.05
6.20536
8.64491
3.1293
16.6981
6.42588
11.1947
18.0966
16.7156
7.85121
19.6422
2.4911
16.6693
16.7411
16.991
18.3586
9.28501
5.9161
4.11819
14.8648
7.04364
8.26767
15.8254
14.0804
4.96832
0.731452
3.806
1.73393
17.4706
19.4272
11.3924
9.24312
14.7508
7.21367
1.32833
7.96586
1.55585
5.57829
10.975
15.8756
19.38
15.96
3.05151
12.4403
17.7066
1.14042
9.66988
7.49582
13.805
9.0156
2.89284
2.35204
8.94672
13.6103
15.6166
0.582375
13.891
2.72041
1.61958
4.06899
4.55136
19.1638
5.5671
3.21414
19.8106
11.6157
14.1594
16.6272
19.577
2.22922
0.568944
4.34308
10.5273
11.9705
10.2204
3.50172
2.35221
7.54307
12.2916
0.0240892
16.2131
16.9044
0.00828991
14.4525
16.7305
6.59424
1.4334
3.92036
0.947133
4.07505
9.84609
11.2652
13.4053
0.694733
18.3664
16.81
5.29724
12.6685
13.1079
5.65857
16.9527
13.1692
16.9664
14.9492
6.72907
16.1249
16.4953
4.07121
6.01479
9.47858
7.03932
2.35672
4.12205
16.6205
2.61922
18.1192
5.21087
2.20572
9.67634
1.46706
13.2867
16.1844
6.91563
3.25303
9.98635
14.6313
17.0714
6.42308
10.6932
1.69245
13.6171
15.0039
14.7672
11.609
10.5593
4.9491
8.47497
7.91961
10.1505
1.75824
8.95102
12.0557
14.8633
16.2526
15.2167
6.83281
18.3301
17.7813
14.9339
9.56603
2.82468
12.0367
2.35729
15.0585
2.52603
2.79662
8.74879
14.9339
18.6031
0.25244
18.2262
6.59815
16.1812
17.5381
17.3539
1.80122
17.6322
5.48181
8.4361
14.113
5.01553
12.1668
16.4096
17.5276
2.75054
0.636493
14.9271
4.7362
7.36442
14.6269
1.95075
10.6486
3.0417
13.2871
6.63179
18.7418
9.06038
2.5721
15.9616
6.95219
11.5729
15.9414
10.8305
8.35844
14.339
17.7304
8.46382
4.67194
7.2259
2.8306
11.6927
4.87834
16.9863
10.2394
11.5902
14.5204
5.50716
15.0939
12.6822
6.26545
7.42142
4.21187
1.56363
7.87984
5.63589
19.299
11.8683
14.5192
19.6421
6.04312
1.31878
3.53891
5.10052
17.3443
19.0624
0.0479692
0.679416
10.0961
12.5057
3.53843
14.6862
1.49069
18.1332
2.04162
9.40409
10.905
6.3904
6.50438
2.19324
17.4117
18.7653
4.42774
10.9659
5.233
16.4396
19.2982
18.4782
4.72513
3.09565
18.7481
7.91802
1.17991
9.48518
11.7084
12.1598
7.65228
0.28612
18.3004
4.18696
19.8121
11.158
5.56049
9.6841
12.3078
1.61901
13.3513
1.22613
12.4102
13.6566
1.49154
15.8735
11.3066
3.89725
4.02216
12.6563
11.6828
6.73408
4.17068
6.81247
0.221738
8.55628
14.0355
9.78019
18.2073
18.798
19.6055
9.74928
5.94208
5.19192
17.8652
19.9537
11.9293
18.2543
3.52557
8.18479
3.0638
3.81466
12.0624
17.2764
18.9075
13.9777
4.40408
1.33631
17.054
2.11093
19.7799
5.6295
4.61357
6.55464
7.32784
18.5818
15.3291
11.0022
6.81169
13.3722
15.8932
7.74486
3.62195
5.09498
1.7156
3.25533
19.1602
10.6739
9.70083
4.00877
2.2706
14.9073
13.108
6.33446
4.19956
7.20402
0.477951
2.93781
11.7105
0.730696
16.8744
17.5653
8.49963
16.0933
14.5877
10.6119
2.1303
9.10973
14.9016
2.10702
16.3982
18.6118
6.21472
17.8516
7.35813
2.7372
5.91698
16.1925
8.8223
5.46836
8.7199
11.2073
10.6998
2.18986
8.42172
19.19
19.0951
12.4535
18.2139
19.0902
1.53119
5.59926
15.2826
14.1538
14.7323
19.2895
0.484946
4.67929
6.90916
6.85151
14.2842
18.2855
15.6257
10.511
6.35336
4.50786
16.0137
18.9704
8.91227
1.32938
4.44687
14.7696
12.0384
2.957
7.68222
14.6239
16.6768
17.308
7.05208
6.87212
5.99135
16.3621
5.74362
4.5294
16.3215
4.91272
13.2546
14.1902
10.2205
7.41765
14.4029
7.59273
8.76193
12.3641
10.7002
7.83427
19.4687
5.27893
1.6235
9.31869
19.2336
19.732
15.5111
8.96727
9.97126
17.7827
9.69705
7.10467
18.1979
19.8306
12.7126
5.81397
0.840208
17.2005
11.008
7.83443
16.4671
6.55648
9.77503
10.6632
15.9878
3.69906
16.5041
15.0647
17.3138
15.0862
2.98585
0.540355
5.98894
13.424
8.93032
14.2088
8.25335
13.8812
16.3494
4.80786
6.78323
7.06854
0.0605418
5.62013
18.718
14.7475
12.8092
1.95597
2.2651
4.79213
19.4528
0.202557
15.0856
10.8233
1.60954
4.94773
7.48216
3.75142
6.94295
4.79123
1.09712
13.9612
15.6084
16.2065
5.4094
3.08931
13.7054
10.7685
18.2467
13.1215
4.25534
6.11205
15.848
2.0491
10.3149
5.90862
8.36066
14.7667
2.58404
8.01237
12.1374
19.638
4.10612
18.6317
19.8777
19.3186
18.1247
3.39272
18.9675
19.7633
6.67514
4.50694
3.05069
6.35236
0.108235
10.7815
1.00445
19.539
6.28485
11.9487
13.3745
16.1563
8.30498
1.75257
6.4012
14.0348
16.1415
7.13041
13.333
0.88079
18.0767
13.4824
17.1819
0.838406
17.1344
11.0245
1.69533
15.7495
12.3435
7.26242
9.69552
16.0291
10.0485
2.94492
5.70721
12.5039
10.9715
11.2417
14.6613
3.84252
18.7446
14.1152
3.67463
17.9257
19.9112
9.31183
8.26048
11.261
6.17751
14.702
2.98063
10.7929
4.80852
17.2463
2.82717
6.35431
13.2476
8.58256
18.281
6.50677
6.54363
5.48876
17.403
0.77614
10.9319
15.8209
2.55709
9.56829
9.92267
5.20648
4.1071
2.87313
3.15187
2.79162
19.7847
19.4572
8.1069
0.743417
19.0526
11.0197
7.3135
13.7799
10.4558
7.77611
11.1824
19.5987
15.2125
13.4261
6.39532
19.0041
1.45762
3.33792
9.79839
8.62051
9.45396
10.5449
3.75201
10.1473
9.37748
16.9997
14.6982
14.0615
19.7204
18.2745
15.3148
1.79954
13.3951
10.2441
18.3938
11.4179
19.7931
0.710844
6.71917
15.9503
17.0322
16.2273
2.66067
16.7584
6.85822
4.88862
18.4808
10.0854
7.35648
12.135
7.38852
14.2451
14.1615
16.2741
16.5203
10.7591
11.475
1.93211
11.459
8.41339
11.6055
19.8576
7.98726
19.7039
4.62701
8.75063
2.89306
13.4818
8.45595
15.3464
3.32274
18.5259
2.18255
0.16232
7.2326
12.2116
15.1346
12.7321
14.58
12.7478
12.8723
9.34019
5.29203
1.65829
11.1826
3.71198
8.99866
1.52485
13.0435
11.9354
13.5976
4.23421
10.6617
1.7165
12.3585
14.3958
2.94758
10.121
15.3893
8.71964
10.5582
12.1141
19.1575
0.471294
16.7026
16.4418
13.3969
5.73763
18.1574
18.9337
4.51293
2.51224
9.08635
15.0108
16.0088
11.4122
14.4337
14.7629
18.6872
1.30861
5.438
16.7245
1.21003
12.1643
8.32139
17.0182
11.7549
9.82566
4.66315
4.26734
5.31663
13.2115
16.9136
19.2667
8.03477
17.4742
19.3448
11.7442
14.6012
10.3142
11.3544
5.59202
18.8919
1.37868
10.6193
1.5192
9.0844
9.17222
4.44465
8.90683
0.230843
15.6877
16.5121
2.66926
1.45709
19.2591
0.418007
10.8769
4.18629
9.5233
16.949
3.67138
9.67819
19.2969
16.5288
8.78775
17.996
10.1873
11.9412
9.30691
2.23801
14.385
6.53304
9.33484
0.139866
4.15285
1.22445
16.2485
19.5127
0.638067
13.3245
2.15643
10.2211
15.0454
10.7222
3.15402
6.71531
15.252
7.29411
2.42597
9.57421
16.916
18.0903
8.74525
19.7344
16.4942
6.13579
3.71232
1.67107
16.1135
5.2211
10.1419
5.41183
18.6991
4.19771
6.01026
15.9691
10.5606
5.90603
17.9321
10.6279
10.222
10.7481
2.21275
10.757
17.6887
9.93388
2.04221
7.27876
0.274323
14.8232
4.62648
16.1717
3.23745
6.51231
16.352
14.283
1.869
9.44669
16.8413
19.3669
11.1578
9.66419
17.2778
12.9146
1.32368
3.59929
12.6681
5.88909
7.75529
19.8308
0.735051
9.68808
5.72253
13.1169
13.4909
13.3805
2.75444
7.12725
15.2215
12.8143
16.7999
1.18476
13.8216
5.50404
14.1869
6.58689
8.20752
8.10755
19.2371
10.0779
6.1853
12.8619
10.4627
17.6232
15.938
9.41654
15.2717
15.6426
15.2774
14.7278
2.30671
0.398947
4.01244
12.0624
0.837787
16.4233
18.4896
18.3833
12.7654
19.0634
11.7316
7.66688
0.108291
14.1103
5.53332
9.63613
0.854037
7.65887
10.9597
16.2855
19.6552
16.0948
8.37621
6.45537
9.43784
3.45896
11.9405
4.55618
1.45476
4.4404
1.7834
16.9103
11.3794
1.37382
19.0148
17.9706
13.1359
0.00266926
10.3083
19.3602
7.49404
15.3437
15.6256
1.15781
4.37474
1.69715
2.93323
18.1968
1.57342
13.4004
14.1684
7.99749
6.71567
8.69366
19.6493
16.5716
1.41383
8.93016
7.07063
7.14562
10.0242
14.6748
15.9667
1.69996
4.96152
5.37439
3.04853
11.2445
4.71156
19.7513
19.5023
5.14244
12.3839
7.26075
15.68
13.4546
5.39788
9.22339
15.9659
10.4389
14.4245
4.38223
11.1046
7.34266
13.9735
19.9264
8.1198
0.938258
18.0469
10.2687
12.2612
1.91313
15.8026
9.66336
10.457
5.05245
4.16136
13.7257
9.25222
5.7488
8.5016
7.25717
2.82453
3.39282
13.4859
15.1342
13.2124
7.4894
4.51834
2.27069
5.00365
14.3709
10.3487
14.4965
10.6544
11.8633
10.6012
6.80258
7.39465
3.801
15.3393
17.8429
1.55752
11.2369
1.70169
17.7352
6.24383
4.16407
12.9874
16.46
8.3666
11.2761
1.35459
8.95909
1.73317
9.32519
17.0154
17.1208
1.87919
11.7513
5.09715
18.3733
10.534
6.09509
16.7806
9.00168
6.58018
16.8222
7.47823
2.0479
7.56805
9.39359
6.01536
18.4137
19.1022
15.5757
1.93399
9.22472
13.0581
13.4855
9.96739
11.7739
7.86691
8.82603
13.4184
18.4602
11.5579
13.8508
17.1459
7.70089
12.2157
12.155
14.9712
9.45504
13.1779
19.1673
1.59414
15.7762
11.128
16.4806
15.9714
15.8351
6.92748
15.4896
4.78578
2.99538
13.482
17.0979
12.4653
4.68792
8.73213
14.7706
1.79379
6.86419
3.54208
1.59997
8.36158
17.2036
10.8657
15.7033
19.9686
0.597911
15.5854
16.2387
17.1706
16.1396
16.2725
15.2754
14.7733
11.1123
18.6984
4.34849
17.3453
5.12748
16.9962
10.0322
14.7714
19.731
16.0601
12.6566
8.97394
5.41518
3.42942
1.55281
8.26073
7.16745
4.53809
0.616639
14.4363
11.6855
13.6142
12.2898
6.81488
2.96972
10.5688
9.53691
17.3453
12.5903
17.8291
4.05837
13.5121
17.435
2.96867
12.4468
14.1722
15.7771
19.2609
19.8229
7.76974
11.8554
3.77171
18.333
2.68262
18.4719
10.8429
17.9944
5.35828
4.74011
2.35892
6.77759
13.1678
19.4213
2.29438
4.81915
7.15358
10.9923
5.31702
12.5423
2.10001
1.32283
6.08217
17.0573
4.13824
9.48968
17.5105
9.78929
0.039639
0.73533
1.94358
7.91464
18.7204
16.8525
19.6422
6.90666
16.8842
10.5475
15.5839
17.6113
9.81448
2.23314
16.5101
18.6287
15.68
17.8502
4.22013
6.1011
12.5218
10.5786
18.4467
16.9672
18.2444
1.0084
13.8849
17.9014
3.53837
5.64897
9.78156
17.0162
11.6584
2.83471
18.8648
13.1232
5.89016
4.80613
4.72384
12.0828
19.048
9.48545
3.02353
19.1793
5.52756
0.914996
5.01909
4.53506
18.582
15.8985
14.7233
14.801
15.1995
15.1346
0.987402
1.18021
4.58491
9.55766
9.31636
7.65653
