14.1528
3.89381
6.16508
16.3793
14.0645
6.22407
0.782578
5.92708
15.6965
0.629731
0.365635
0.710644
10.0317
5.04701
8.3046
15.0605
13.4438
18.2864
10.4779
4.57817
16.4537
5.79838
0.99546
9.74181
10.4361
19.7276
14.7222
1.67699
8.93538
2.62058
2.45937
13.0324
1.81614
0.799183
8.09655
2.99355
9.67882
1.1844
14.796
16.2249
17.146
17.0171
18.6021
4.06858
13.6223
13.4675
2.73594
6.93989
13.8168
5.4353
19.3417
7.05822
3.40141
14.3196
2.66563
6.19391
14.4377
3.48615
7.69194
17.663
17.4592
18.1963
16.2434
9.42981
15.542
8.41447
8.88523
19.3276
5.26777
1.96133
16.2481
16.5698
12.0045
4.00595
12.5292
5.04124
5.66397
8.13707
2.34084
16.9846
12.2592
2.12069
11.6502
14.2421
8.2913
12.8575
7.93814
7.90475
13.2066
8.70784
7.99954
3.51067
1.08838
0.901417
11.4795
2.34451
7.90753
11.4295
6.71863
18.1245
