0.515124
5.74528
0.830878
0.901758
12.8978
7.24718
10.0894
9.03096
12.6119
10.9413
18.4881
15.5001
9.02022
12.1203
10.072
19.5968
14.9192
10.1535
16.6408
13.6796
3.97549
10.7739
0.345099
16.4237
18.3467
19.1111
19.3079
6.05883
12.8126
8.28281
7.77624
6.293
13.5998
5.66592
0.631748
14.7574
13.838
10.0368
5.9118
11.8837
0.89773
9.86934
19.6055
12.2314
17.0767
10.5892
2.34698
13.9362
4.37663
7.53598
15.7868
17.5885
15.6532
12.811
2.4363
12.9781
7.38301
7.50811
17.7426
7.44113
11.6695
1.70908
19.0813
10.2774
11.8371
3.1015
16.1541
2.75622
12.8266
7.04012
7.84106
4.05159
4.76684
11.8869
1.95821
7.67353
17.3098
15.6284
1.16257
19.1441
15.7942
11.3934
12.7418
1.8393
16.5819
11.6569
0.996151
18.3818
8.37652
1.49228
17.5807
11.2757
8.8715
15.8422
2.05137
16.3998
0.529847
17.8361
5.96989
8.55295
18.1121
16.4387
16.562
7.66409
3.5217
11.5358
4.5348
19.6369
14.7499
5.79752
2.95044
17.7737
1.51801
7.20935
13.0981
16.8888
0.575645
4.13068
2.67274
15.2163
12.5891
19.7195
3.77269
19.0186
10.3137
12.7571
16.3606
18.9733
0.340339
10.1293
8.46649
1.49044
17.1127
2.72409
8.76733
7.47126
3.36606
1.48936
