19.0449
7.6549
14.699
15.956
7.20317
8.6371
6.23666
15.1644
12.255
6.65917
18.1264
4.69065
12.192
13.8027
7.10666
7.16219
4.37898
1.19379
15.8316
17.5932
14.8271
16.8787
11.2789
0.801252
8.09494
16.6965
13.8984
1.62708
3.58419
3.40159
3.23393
11.2007
10.8834
11.5921
19.2291
4.53186
19.5049
15.4776
2.44797
18.8757
18.8598
12.1044
10.5163
18.4691
10.3756
13.1325
18.8007
0.864489
5.80055
4.78451
8.32932
10.7758
6.06195
18.7444
15.93
5.66901
0.735372
3.72274
18.0105
12.0914
13.438
8.58778
10.1732
15.588
0.349106
1.94091
