0.623202
7.63426
9.86757
13.9854
18.0422
8.91445
4.87626
14.2542
5.2017
17.6458
17.6211
15.3004
3.46625
16.737
3.28281
18.1335
18.1067
8.96669
1.43889
1.42583
8.65999
10.4634
1.75083
18.3278
19.5842
5.88914
9.57434
17.2285
2.73113
4.22485
15.6854
19.5602
4.95059
18.3095
3.38069
9.59806
1.00506
14.1156
11.6088
14.5872
14.6048
11.3751
10.4826
1.20136
7.68081
5.78588
3.11534
5.196
12.4628
0.155792
14.2033
12.0134
12.093
6.34713
15.9317
7.14649
5.75142
12.6483
4.80757
10.2213
2.36367
11.5721
9.24161
16.3931
19.9571
18.1569
6.82041
16.5141
18.6681
15.7977
17.655
17.4408
16.7676
3.75608
17.4454
15.5434
15.1667
1.88825
5.07248
12.6651
2.32909
19.4127
10.186
17.9797
18.4486
18.9794
17.5626
2.84849
18.4148
0.759016
16.5126
13.3603
12.3079
0.658184
8.67273
3.40992
13.0469
10.1209
9.24001
5.41736
4.47335
4.75696
18.8198
17.6193
6.6685
15.616
13.7561
4.41799
14.059
16.6651
9.85733
19.0794
11.7546
2.70739
14.6545
1.70806
18.0279
15.5079
15.0642
7.75045
7.9179
16.4617
2.06699
11.8775
19.2696
16.9207
15.8774
16.9106
7.55713
3.6292
5.42825
5.9226
16.0826
13.183
18.9808
16.1561
5.0896
14.5838
9.91173
12.0179
18.1972
9.8305
3.45939
15.0765
17.9322
11.8629
19.4456
0.169918
17.3446
17.2818
17.0894
13.4806
16.2466
16.2058
11.3193
11.9474
3.99736
15.1461
1.44471
15.7166
0.743397
16.8802
14.7403
2.71819
18.5433
0.632709
10.9435
17.257
15.4399
16.7879
3.70336
10.3622
0.799449
4.03646
1.47999
16.8036
8.45571
5.92375
18.4233
13.8966
18.3987
16.8354
13.373
5.67274
15.5549
14.0647
11.9505
15.5197
1.98869
17.4441
7.67799
18.3084
18.1035
2.01855
16.3582
19.8293
1.71203
18.579
8.79534
15.914
0.976053
17.6146
18.1374
0.749743
17.5445
7.32953
9.71882
6.02601
6.01194
2.41648
14.1004
14.5477
1.12842
12.3401
2.59431
4.86096
3.84953
17.428
17.1334
18.388
1.1166
2.02243
6.6692
5.68101
17.262
0.777006
14.9177
17.6823
12.8062
14.3705
17.3644
0.351864
1.66324
18.4428
13.6935
10.7241
11.7804
4.04567
7.70625
3.22515
8.87074
8.60673
4.13628
10.3694
18.0559
15.0139
9.57815
0.41793
9.39408
19.518
7.03262
6.55961
12.9006
0.655963
14.0282
12.9119
19.7309
3.93143
8.01843
11.5214
18.5422
12.3476
5.89922
1.76147
18.566
14.3954
13.9095
6.30244
10.8392
3.07214
9.49743
10.6648
12.6154
17.5874
17.0543
19.1685
15.2976
3.43147
5.18981
2.65709
14.5457
17.1789
17.557
14.8934
2.52956
0.773569
18.0505
18.9555
6.47109
2.93159
13.9309
0.319581
19.2276
5.69193
3.0431
19.85
2.8369
10.919
19.1487
5.55987
17.6105
13.2952
2.4807
18.4187
3.25156
6.15561
12.2585
9.14372
16.9558
8.56514
13.9711
10.3319
13.6385
4.69782
17.8933
4.28891
5.50712
12.8529
9.87717
18.8379
17.2564
0.189551
6.37259
18.9935
14.9491
14.3507
3.99618
10.5814
7.08
19.4599
13.3384
12.1825
17.3771
11.8989
15.2379
13.249
10.9418
5.64069
5.96133
11.7116
7.16283
15.4914
2.19565
5.32904
18.4677
15.1097
10.8859
8.178
5.67143
4.87001
2.49957
2.55238
8.29301
18.656
0.252407
16.2714
3.29019
2.99723
15.1212
19.9188
3.48524
5.56571
4.20578
0.53322
13.9139
15.0164
4.11045
4.33473
10.0475
15.4374
17.1009
15.3302
16.3032
17.8915
8.93896
12.7203
17.202
16.2161
16.3633
13.9005
6.43454
19.2051
15.2521
0.388518
13.9424
11.3886
10.6704
1.69509
6.81209
13.4987
10.645
9.77191
19.5079
15.6591
14.8829
5.28359
17.0812
17.8228
15.22
11.4785
7.2122
13.6618
6.52147
19.5346
13.6679
6.40905
10.1699
19.2784
12.1412
2.46935
19.1553
14.5471
4.09957
19.0104
18.029
10.3189
9.80623
3.10461
4.40686
13.2033
5.25138
7.61607
14.6316
7.62571
0.440082
12.3914
9.65014
17.7997
10.8689
5.70688
5.70594
12.7041
19.0348
5.76824
15.4006
4.71927
8.76536
13.1536
16.4836
13.8291
9.8949
7.79126
6.02514
2.79256
9.69585
10.9687
5.06429
18.4512
18.1924
0.759839
18.8352
9.40941
17.8343
9.1474
2.75573
8.34075
11.3775
9.86222
4.47926
4.00469
16.1218
19.1855
18.4629
7.94027
15.1707
3.94636
15.0749
14.846
7.76673
6.68483
13.3674
10.7465
19.1426
18.9738
12.2011
1.33083
17.1588
13.6401
13.6489
9.50606
1.4608
13.8084
11.3951
10.1097
9.83332
16.8723
10.9992
3.8907
6.91235
17.2962
19.4463
5.54624
11.6055
5.37408
14.1829
8.48229
4.94223
17.5677
9.48047
16.1673
9.28617
13.7188
7.85293
3.19922
9.80156
5.35458
17.5846
5.77366
16.117
2.2656
13.7876
2.03903
17.7405
8.72602
17.7013
7.71741
14.086
1.6199
14.22
0.310278
9.71155
17.6644
7.41368
7.84817
16.3878
4.22289
16.7581
10.4468
10.052
18.9274
8.37848
13.6786
6.46206
7.50454
10.2969
11.793
8.88291
0.408259
4.85441
10.453
9.7202
15.7651
10.8083
15.6078
7.09276
9.87742
2.87249
12.3017
13.8438
9.31161
18.2006
2.56399
6.92242
14.1386
6.94945
17.669
1.11195
9.44253
6.74356
8.59194
7.13353
12.6179
0.358295
14.6426
19.3689
13.533
8.15411
16.717
1.48092
2.78031
7.09225
4.69059
10.6834
14.1338
5.36705
4.56765
5.54896
9.24897
18.5755
5.69221
13.1477
8.69777
3.63033
6.15042
6.61733
18.0352
1.38068
6.69095
8.71793
17.4522
13.6438
19.0817
15.2769
8.89078
5.77884
6.04158
11.1114
7.62898
16.2959
17.8843
5.73579
6.55635
8.90786
3.46281
2.80033
17.6971
19.3766
3.27115
4.85922
10.0789
7.43345
6.8317
8.21627
0.29544
18.2391
17.8196
13.0529
7.22372
9.94138
11.728
13.9644
3.48056
15.9119
6.14188
8.95228
8.46921
18.7996
0.951835
16.8655
10.9566
11.3914
19.882
4.23507
18.6316
12.0681
2.14889
6.52639
6.39719
18.2297
1.83819
14.6315
8.35806
9.87565
14.7685
18.0893
9.83163
4.88349
1.07598
13.1556
5.64986
10.7466
11.6851
7.20028
3.17147
6.10698
18.8194
8.3103
8.38599
1.9331
2.67579
6.46777
0.00453277
2.51255
1.63577
7.33261
17.523
8.90269
19.3983
7.61724
13.9874
14.2425
15.537
0.752243
4.26175
12.0371
11.0457
0.895089
3.25442
1.86042
10.9839
1.42762
8.98829
19.1212
19.5418
6.6874
9.50733
6.26296
12.8135
10.6784
10.2035
1.94233
14.8574
8.67063
13.4716
6.95932
19.4807
14.9342
4.1378
16.8133
17.9915
17.4845
1.97362
12.0686
17.0998
14.5014
5.66712
18.1923
14.2237
11.0084
6.25574
11.022
18.2176
14.6882
6.64289
11.3975
6.30418
16.5714
17.3306
12.0839
8.92415
3.79733
9.90968
5.77306
8.24775
16.9235
2.07076
19.7156
7.61584
10.3187
14.6766
17.9012
18.1912
14.1157
15.7893
17.4757
19.0686
18.5894
1.53456
14.1814
12.7292
10.9716
13.3987
19.101
16.6057
7.99633
7.05628
2.58894
4.50769
16.678
10.1957
9.41125
15.9321
2.64772
14.0376
7.57283
4.89522
4.763
12.6326
15.9224
1.25044
1.13958
6.65619
8.24641
9.92861
2.99198
14.6932
17.9697
8.00947
8.16324
3.08553
0.487569
7.09719
15.6692
8.68458
10.3484
10.4443
11.3762
2.62677
14.1846
0.468934
4.30354
3.15081
18.3993
14.1936
7.43396
0.995585
0.370384
9.27307
7.45885
13.5509
6.19767
11.7146
19.2152
16.2563
1.10882
16.1842
18.3408
11.9285
9.37513
9.86563
0.890901
0.973293
1.21525
17.3877
19.614
7.55644
9.75256
0.613058
2.57123
16.9585
17.3652
10.2648
14.9897
9.3546
1.41795
7.94216
1.72163
1.87274
10.3468
5.78007
5.04813
4.25134
12.1418
11.2697
0.413118
17.2742
4.3843
12.9769
0.984666
2.8648
17.09
14.9109
11.3859
8.41233
12.8894
0.529647
16.3748
1.82829
1.4699
17.989
4.01674
16.2847
2.4721
2.05397
17.0751
9.10871
9.71355
1.25181
14.32
18.2359
10.0936
16.906
7.1947
16.0467
6.30098
17.7953
3.82549
8.70474
10.308
12.6574
2.24494
6.96979
1.98894
0.864481
8.67087
7.93656
2.48654
5.13046
3.73721
5.33578
9.94763
17.6594
12.056
14.9242
17.308
10.964
15.2165
4.04016
9.82961
12.4487
8.68104
16.5574
18.435
4.89609
5.4261
15.2302
13.2337
11.7339
12.7819
6.67896
13.8182
5.53915
1.21513
13.5614
18.4765
8.89711
18.5752
7.59114
4.08683
13.809
0.805229
6.61569
15.1385
9.23678
1.29695
11.023
5.80155
14.9396
4.09166
13.6821
17.1544
13.9071
18.0716
0.535505
4.36672
16.7096
12.7512
0.424585
18.5963
8.49049
1.49874
16.4043
16.0386
9.76366
4.33009
18.5797
19.0205
3.30469
6.05124
11.3817
8.51405
0.268058
18.8365
19.0096
19.8174
14.538
3.28932
3.8545
5.86179
18.5147
9.45903
4.60863
4.95264
2.28074
6.22235
19.2721
17.404
6.91186
12.2874
15.5514
0.9427
5.61919
19.0695
1.97462
5.2393
5.24649
19.1339
1.28119
15.5089
14.2016
17.2487
8.40847
5.79971
15.2113
10.0879
4.9542
11.7943
0.438209
18.4618
15.7118
12.7913
11.4219
11.2749
0.448552
3.5404
14.0636
10.8947
12.387
7.79862
12.489
1.40214
8.43947
3.74976
7.28599
15.1003
6.49836
8.37344
8.85847
3.71605
4.67234
12.6236
12.895
15.4061
8.29543
5.00656
17.8803
8.19371
15.6387
10.7585
12.6224
3.10197
5.40112
5.44438
19.3466
5.13147
10.0066
15.761
5.20709
4.02148
8.0571
15.6222
4.89908
2.20488
16.6616
16.2612
12.41
18.1888
15.8846
10.5921
5.98186
18.5167
3.14
0.260084
10.8979
6.63456
11.6651
16.6348
7.41915
7.51433
6.25793
18.8561
2.85872
7.56597
19.3931
1.93348
0.397374
15.2339
4.4018
12.6751
18.5923
5.58129
1.17232
13.1444
11.8878
5.41684
18.7144
15.7401
14.478
0.759585
10.015
11.0655
5.59346
12.4
10.0531
13.3825
3.45649
5.65392
13.9948
4.37138
0.28611
13.8728
9.83917
14.2652
1.87826
1.99149
15.8074
5.60294
3.71945
8.95321
13.5278
12.6481
6.53337
11.0038
4.65583
0.93154
8.51773
10.0567
1.11202
18.7976
19.782
12.1892
2.6641
5.13968
16.392
7.60662
15.9207
0.319761
18.2618
2.21118
1.97688
1.97831
8.18725
18.2314
6.36574
11.8522
15.9803
9.27532
6.60856
0.744634
5.26774
2.88368
18.2766
5.3537
16.1669
9.2077
10.3538
15.6285
18.2841
9.59435
19.126
18.5306
8.83012
19.9621
5.4201
7.45977
15.5172
15.9659
11.7297
15.9296
6.95445
14.5469
5.33893
16.2579
8.69584
19.5541
5.2036
16.3746
19.9055
16.6967
2.94066
12.4689
16.2872
8.61055
7.29269
13.9352
18.3787
0.59845
17.719
15.6644
17.7755
4.45537
17.3229
12.8612
18.0921
15.6978
17.3804
17.0242
4.81727
9.09106
9.87467
17.5693
10.0019
15.4353
8.44016
10.9408
7.14604
6.21942
18.5305
4.28513
12.5367
12.6791
12.6101
13.3472
8.41663
4.00833
7.95116
19.5254
6.28165
13.0232
7.88306
17.7885
8.44271
1.09735
13.3724
8.59663
7.51629
13.9544
8.625
17.0036
7.79939
13.0338
6.25117
8.86188
1.30598
10.3345
2.96795
10.4733
13.7919
10.1615
7.67896
15.2335
0.964499
2.39086
18.1535
19.5066
1.58108
5.33683
5.92569
6.19029
15.486
8.06955
9.85503
18.2645
12.1982
3.11532
6.74535
15.9695
18.4238
4.88351
5.58541
13.7827
0.0607811
5.89357
17.4795
0.287195
5.55591
6.57223
12.1234
1.32854
16.4779
16.7873
12.7304
2.0038
15.4151
14.7092
10.0499
19.7918
14.1047
3.97678
17.1011
18.6965
1.27095
3.29797
17.4743
2.33056
19.929
11.2229
9.64698
9.02027
14.0603
13.7593
18.2368
17.1043
9.34133
3.85265
9.98862
13.2834
8.84061
15.2732
16.4781
7.835
11.912
7.1355
3.61012
3.80727
1.92739
11.2807
9.15457
14.9493
16.1056
11.7472
3.36623
7.54562
1.58848
5.3386
7.37205
15.6591
0.805405
8.75329
11.6186
0.871791
13.1049
19.1544
4.65698
19.2407
3.95413
2.67436
1.91801
19.857
19.7079
13.4218
4.15256
19.6752
4.97362
18.1843
8.12837
15.712
2.33575
18.5486
6.15965
17.0301
18.5133
8.59887
9.85186
19.6673
1.41171
4.75526
14.6212
1.60763
7.73319
17.095
16.2086
9.43146
16.4889
3.69052
6.60077
17.9497
6.4637
15.7423
7.90207
11.4861
0.26525
3.22362
13.3981
15.623
0.720121
4.58267
2.11562
13.5505
18.7172
16.1389
18.1995
7.06576
19.7936
2.94129
19.4568
13.7506
15.1216
5.20457
2.4252
8.11094
14.0156
18.129
10.3708
17.8098
11.1198
13.4255
14.1646
2.17036
13.722
5.30472
2.08828
16.5145
15.3701
5.4502
17.0566
11.3899
18.8239
0.687733
15.0763
6.7871
13.6807
19.5901
12.0026
18.0792
2.36141
12.5057
19.2484
7.24962
0.948926
18.3976
7.57056
1.53798
7.42434
4.94899
14.3318
4.80215
9.98262
0.596057
15.6697
18.7272
14.2127
10.0739
13.321
3.42021
2.40112
11.4234
7.08918
10.917
2.73194
2.72804
1.92566
10.4986
11.143
17.4915
14.5484
3.89032
19.687
14.2592
19.9177
15.1054
5.35759
12.699
19.331
18.9385
7.65926
9.66252
14.8357
5.66814
15.2362
16.3253
3.8412
0.491462
3.8882
11.7886
19.2391
2.96609
18.2265
15.0592
4.83699
9.31281
7.74726
15.492
5.65288
18.3246
8.12232
8.36927
16.6681
12.3121
2.46759
14.1397
10.5067
2.41712
7.84527
17.2317
9.27202
13.687
11.1145
10.5945
11.6734
0.719893
5.07071
19.6035
10.5603
11.0296
9.50386
6.955
14.7259
4.58403
6.38886
19.8157
11.4904
4.53647
18.2096
9.46918
9.85291
15.3116
16.0632
7.32011
17.5742
3.91678
12.6246
16.4911
12.6849
12.6236
7.58932
4.30669
13.7132
3.89653
15.5535
3.24574
18.1367
14.3659
0.0298238
11.8522
13.2032
4.40209
9.94733
7.2261
9.22074
6.33932
6.29985
6.38738
19.7868
2.97921
2.95553
16.5422
3.17335
4.04462
19.7033
11.1343
11.6438
5.44244
2.17684
7.53068
1.90267
6.21033
6.38486
8.41093
12.2372
14.2774
8.17215
14.5491
4.59922
3.1307
2.90078
18.1099
8.52902
19.4321
2.24
14.0693
18.9519
3.70294
6.49762
3.53449
18.8635
15.8506
19.4408
0.00875917
5.24684
6.99559
10.8015
17.33
9.84372
13.854
3.83372
6.43721
13.9804
10.3302
3.36952
7.33656
5.1535
10.4355
12.728
12.1278
1.3266
7.5268
3.52319
16.4361
11.2096
6.83694
5.31251
14.6954
16.0841
16.6387
14.8399
0.920269
9.66083
11.7724
17.3094
1.7037
11.5152
12.0302
0.0928114
5.81219
12.0544
18.6248
16.0046
12.1435
7.75646
6.07245
14.5153
1.75689
12.4724
0.599153
16.0003
1.54065
15.008
11.5457
17.2695
16.9412
15.7604
12.2657
7.05988
10.6688
6.96525
5.28908
0.945833
19.1935
8.14068
15.496
6.88937
10.2664
19.2355
9.18082
6.08308
9.03707
0.194911
8.3221
12.2112
14.7962
16.0056
0.889018
14.6649
5.23766
16.7187
14.2305
7.22462
2.76213
11.4563
9.76917
4.04523
13.1961
12.327
3.34962
10.0389
11.5509
1.30959
18.4912
8.65283
8.50641
11.1058
12.3504
2.18499
19.8106
5.35064
8.65939
3.66563
19.9684
12.5811
18.2228
15.3919
18.9461
8.66753
11.9802
2.58946
1.68393
9.82165
1.25177
2.96597
7.86439
11.0204
12.0727
13.9403
17.0444
7.60629
8.16558
1.45871
19.2258
11.3643
9.88123
4.04967
13.5354
5.33863
16.8154
19.6585
1.32862
8.61209
17.9845
10.9703
4.42797
11.9896
2.95559
17.6739
2.99616
0.660742
3.60108
17.545
17.2503
15.1089
12.1406
7.86594
10.2648
3.59116
12.0373
7.06294
18.6875
13.4263
0.054483
8.85185
2.90437
17.9595
16.9299
5.96605
3.48675
3.53548
17.2849
5.24104
1.41493
1.34039
2.56642
10.891
9.81847
18.8243
18.1085
13.9538
5.47572
9.39191
17.7777
15.7593
16.8831
8.47733
16.5124
7.97307
9.84161
14.0099
6.03766
12.5111
4.23852
10.861
18.8617
7.83299
18.9894
3.28729
4.40061
14.9233
17.6078
10.1467
9.02651
13.7953
9.0769
10.8208
2.30492
6.63041
14.3055
5.2434
16.13
16.9365
0.442095
11.742
0.374098
3.74266
10.3071
3.67707
18.4757
9.55682
0.885224
18.0258
13.0869
9.26574
3.93546
7.75026
15.9237
11.3692
0.642126
19.7335
15.2738
17.7636
8.64949
6.46093
0.751383
5.74515
18.7342
12.1773
9.7481
2.08666
9.32135
16.2754
8.39908
8.17641
12.4072
15.6639
18.3168
0.833372
7.56396
14.1734
16.9764
16.8958
0.278486
10.8548
9.73883
19.3607
11.5145
6.90696
4.90043
15.7888
19.457
12.784
17.763
2.80685
19.9025
11.6996
1.78101
0.661187
7.28967
19.9583
11.5362
10.1654
18.5066
3.86714
11.2046
4.69013
10.2972
1.55645
8.20974
10.8246
15.1657
13.9929
10.3234
8.41328
12.8069
6.35839
3.49233
15.8909
18.791
6.88221
13.3468
14.0518
17.5068
4.68605
14.7939
8.33026
1.15094
4.08891
9.8936
0.677856
13.6069
17.8362
0.176082
7.82725
15.8298
14.9384
3.60557
15.2481
10.8608
2.00308
8.13656
6.46652
12.8071
8.05562
9.70462
18.044
9.41247
5.05507
14.3185
0.851624
12.1653
12.709
13.0204
3.99462
19.8914
4.39003
13.9492
14.7203
6.53878
16.6309
7.45979
8.17212
19.1803
4.08381
9.15929
3.24279
8.76464
14.8245
8.46896
4.89428
11.7074
0.721788
18.8645
11.5405
3.03921
2.13792
0.0507654
4.92405
8.15554
9.06545
13.5329
14.4133
9.95422
8.18747
7.02063
18.0206
2.73629
17.5158
1.08904
5.74953
10.9822
7.08643
15.8336
16.7589
14.8706
1.90324
9.30194
17.5781
11.5046
17.245
3.58748
19.4045
6.90626
16.3271
3.70941
3.08047
3.49901
5.70236
8.0056
0.752785
8.85024
14.4758
18.1475
9.36318
14.667
15.2802
15.7644
17.9696
1.18394
6.39053
2.18411
2.70997
10.5805
4.76276
6.45606
15.0284
16.6905
13.3081
12.6379
14.072
12.4493
18.9483
12.5204
19.3445
17.9848
18.896
15.6267
14.0833
15.3547
1.66125
3.57727
16.8624
13.7086
19.1803
5.3263
10.5882
16.1163
18.7299
17.3991
15.2054
16.3069
3.54373
1.51933
18.8976
14.7434
10.9653
18.4336
3.26372
3.06996
1.3198
4.73166
4.33826
10.9409
10.0313
6.49241
12.701
0.926891
16.2572
1.38537
18.6381
18.6699
11.1838
10.2235
8.20574
7.07803
12.3898
7.14666
6.78207
4.36843
13.3888
10.0228
9.8902
12.5146
3.19218
19.4751
0.746599
13.3508
11.2517
10.1551
1.87918
7.45223
4.99165
11.7845
11.1051
16.8149
1.76148
16.353
5.93534
8.10252
3.31596
19.068
6.98568
8.33184
17.6773
2.6307
18.7658
18.3063
2.23199
15.1125
2.22234
9.7232
12.5969
2.2298
0.593866
13.5489
9.24748
16.8532
8.51391
7.07516
4.0426
9.11365
18.8108
19.3907
6.36808
15.4635
16.1764
1.2254
13.8793
6.95997
18.5502
17.6547
7.49117
8.41777
1.00277
14.0849
1.48394
16.1217
7.9687
0.304691
4.77601
17.9566
15.1514
3.16527
14.5295
15.4807
4.73248
12.684
6.40732
13.3343
5.42734
6.5603
12.1066
10.5351
9.66501
14.4944
6.62194
11.0543
11.4738
7.92168
10.1823
2.0553
9.69614
2.83075
1.6493
13.0221
16.7861
4.16938
12.1181
13.7129
3.73415
19.5161
19.0238
12.1796
7.80112
11.6248
5.00371
6.25344
10.7774
11.8193
14.6319
4.03941
12.7109
14.4249
9.61135
18.1625
4.9558
5.60324
8.86671
4.53791
8.63495
16.4182
3.31586
6.48222
5.47024
17.637
7.25393
14.763
14.2036
14.05
8.39599
10.7518
10.379
9.21318
9.5861
11.1899
10.5996
10.1741
19.9902
14.317
18.0094
0.939197
16.1748
0.713055
16.5247
17.3415
11.9208
3.51804
10.8205
16.9139
4.35004
6.2196
2.17925
17.8992
5.83407
8.74702
18.6821
8.06885
15.6017
19.8602
2.22857
14.9657
16.8869
15.2921
0.170638
7.61079
6.04031
3.43743
0.455899
8.69304
17.8608
13.7168
4.16081
17.3515
18.4501
5.63523
10.9007
8.32487
10.4121
4.50434
5.53968
3.25387
17.0742
10.3801
7.71656
0.589458
11.6462
13.0328
10.205
12.8819
7.80921
14.6853
13.2369
9.81807
11.1285
18.7249
15.1779
11.1458
13.8016
9.95502
15.4837
9.13438
16.0896
4.11531
3.45566
10.2098
10.4952
12.9686
14.243
15.4468
1.76587
1.64993
0.323286
10.9748
7.75597
11.2698
8.43677
2.30962
6.06391
16.2426
0.943382
13.2462
8.68033
14.1134
3.87227
15.6978
0.551875
3.78882
12.8549
6.96439
5.27574
7.66878
4.43053
8.96635
19.3881
0.839954
9.03399
8.51918
13.5917
3.94295
19.0883
18.4499
6.99994
0.408136
3.19375
1.17413
11.4582
9.82573
11.6746
19.4124
5.85569
9.76545
14.5457
9.45937
14.4316
4.01953
16.2285
14.2851
10.9985
14.582
4.38036
12.2226
17.8695
3.07972
10.2149
15.7758
18.3052
9.71395
12.6388
1.42563
16.7194
12.8816
3.19171
19.2229
9.24834
12.6921
17.702
17.0126
5.60617
9.02526
8.81913
4.68878
16.0611
18.5068
9.93673
1.04563
2.20339
5.96731
1.02955
7.11724
8.26254
1.95227
1.20239
7.44362
7.71214
14.2168
7.77323
9.05819
0.863652
4.06956
9.26374
13.7885
0.829498
0.758406
0.378306
5.11223
1.77896
10.6832
16.3286
9.70548
4.80376
16.0174
3.75809
17.2658
16.3393
10.1738
11.8501
5.64249
17.4713
18.3998
1.94366
11.8611
2.66411
5.93048
11.9439
10.7847
9.73162
13.1688
19.2849
6.84589
7.62253
14.0616
12.2643
19.4392
18.3042
10.4998
6.07188
4.93812
9.80218
4.43679
10.5303
16.5881
6.82646
18.8216
12.3264
8.68131
19.0659
3.30831
7.50562
19.8227
10.0019
7.93199
2.59704
8.60211
5.55647
14.294
3.48027
15.4975
19.8714
0.771135
9.66578
4.57763
3.72201
12.042
6.57312
12.1117
4.65934
3.34102
3.85846
14.0597
7.66093
0.852282
15.4827
3.36304
1.97766
17.9786
18.6888
8.96184
11.9661
8.65624
8.68435
14.6567
1.88861
17.1482
5.16484
9.96406
4.3656
11.9363
16.6283
1.61735
18.5567
15.4064
3.85544
7.63275
10.0167
6.19384
14.6987
14.5839
0.197986
3.88685
3.86512
8.98431
8.79629
6.72065
18.7165
11.2811
18.6653
7.62225
11.537
19.4389
9.83728
16.9957
18.6265
1.5164
10.311
2.33413
5.45336
15.8202
9.63665
7.69848
3.98913
4.54739
17.1043
7.90939
5.00029
11.853
15.7339
11.8211
12.3904
5.78917
4.44981
5.59829
11.4481
3.11973
8.56829
18.6017
10.3058
15.5457
12.4548
5.32325
17.308
4.76547
17.6749
13.1648
2.92275
9.48597
16.3827
15.7136
17.7709
1.50293
17.477
2.81019
14.205
4.49811
8.14493
10.5609
6.30789
11.9852
9.77252
6.40195
19.8468
16.5416
11.9915
0.229303
9.27138
13.1197
2.01903
6.82965
9.80936
16.7003
0.131118
17.0466
11.5996
9.00654
17.2946
17.5827
16.1969
13.5515
13.1482
15.15
8.60758
5.9658
15.844
11.9657
3.10097
4.19161
2.08624
2.77356
3.42174
0.00154221
1.4176
16.6761
7.2357
10.719
10.4917
0.790908
5.71248
3.27163
16.2169
14.7192
11.2504
12.3942
16.6821
13.559
2.44015
15.6283
19.48
15.3634
9.96673
15.1414
5.57302
0.876046
11.1154
1.9351
1.03189
12.5196
2.46461
14.938
13.4496
2.61259
2.85073
9.25345
11.6362
19.5592
0.43637
5.26952
16.8258
2.45525
15.1503
13.9846
0.148796
0.928661
4.28238
11.0858
5.59518
5.58894
0.256827
18.2774
15.408
18.4173
12.8743
13.6959
15.8249
19.5742
14.1974
17.7004
1.48364
18.9911
3.22134
6.79394
14.8236
7.34272
3.53557
19.1691
17.6983
1.78065
3.99158
15.6168
13.0221
14.9111
4.25864
13.5494
1.564
15.6906
13.5819
5.55075
7.82944
9.26572
7.46689
19.8256
6.01678
16.5521
3.32938
14.3541
19.6305
17.2643
18.2222
15.9806
16.4197
18.5756
13.8978
9.1833
11.2337
12.457
18.0066
0.135184
2.54372
6.87528
4.59955
18.7679
12.1604
18.081
2.60614
13.1299
13.5459
16.8392
3.94816
19.6882
15.8381
9.56342
3.68123
2.45305
18.6711
7.90688
1.15436
11.007
12.2786
6.20949
5.14876
5.35457
11.5158
16.4456
17.121
10.369
2.57444
2.45844
6.59939
1.23608
2.86137
13.9179
0.204315
15.9256
12.75
9.83363
14.7421
1.12823
3.73912
8.47872
15.4952
1.06203
17.2449
8.4184
11.9945
5.42941
3.18554
7.15396
5.44017
4.32629
1.41998
6.99938
17.9761
10.0103
15.1677
7.30815
11.0371
14.7777
14.1696
10.0144
10.4656
8.41957
6.30696
13.6532
0.345397
14.9429
18.7862
17.2141
0.422814
14.202
1.48969
13.4136
2.6335
8.59678
4.65213
7.90386
17.1125
19.8535
15.6628
13.1388
12.4732
9.34766
13.3448
12.7611
5.53268
0.386026
17.3823
16.7585
9.29662
5.06583
12.3802
9.31438
12.0055
6.73001
3.17696
8.69176
18.0047
5.65706
17.7646
13.4257
12.2562
15.4154
12.0161
16.4203
12.7652
7.15911
1.39467
5.04516
11.8885
17.0469
4.15446
16.2075
1.13476
9.37389
12.1968
8.04354
16.3184
4.63131
8.26822
6.03009
19.9324
19.3865
14.0362
2.92646
13.8326
8.7417
8.89486
0.89502
17.5205
12.3856
11.9925
9.16813
18.8613
4.98388
7.99367
2.38666
13.2091
9.0003
6.99321
8.82558
0.195755
14.2351
15.2039
17.4215
13.7627
4.85921
12.7514
10.181
18.2079
13.0501
5.84522
0.813474
7.9915
15.0475
12.3647
15.259
15.4098
16.4885
13.5804
9.63087
15.6538
4.95785
6.01649
5.75164
2.76121
12.7087
5.2149
5.72061
7.07132
17.7783
1.70696
13.9063
15.5241
6.24357
1.50126
16.3578
16.1061
18.1922
3.28826
15.3857
9.10794
5.57068
14.771
1.36495
15.9255
19.5013
4.61267
5.29163
11.0137
16.4849
15.9372
7.7212
11.5701
11.3147
16.8541
4.68683
14.3942
5.12062
6.40213
3.17339
5.49265
14.2647
7.32849
6.24889
13.0007
16.3638
7.31269
14.5266
14.1939
11.9096
15.377
17.0936
9.61529
15.9279
4.28198
16.8144
6.18305
11.4726
13.9686
16.2058
3.62873
5.48897
10.8707
9.27945
3.62738
11.0467
3.55172
7.84914
8.6106
4.14828
0.49649
5.89955
16.2961
1.34487
19.1607
6.11491
9.07935
7.34297
6.27766
1.5391
14.7798
18.5115
5.03804
19.8056
0.083221
11.9638
3.59209
11.2459
13.3599
15.3283
14.8416
17.0319
10.3517
14.7298
16.076
1.43798
15.2104
15.1547
19.9678
2.07176
16.1899
11.2153
18.2234
7.54615
13.7908
18.9378
16.366
1.07682
18.6731
16.1834
18.5115
11.3686
5.14133
0.561993
11.755
16.1008
2.27724
9.31244
0.241448
10.7889
19.1275
10.5654
15.8845
11.9514
2.0071
12.2513
18.3355
8.48411
19.5736
17.6171
9.1242
18.2983
6.55498
8.31875
13.9576
9.87023
2.2395
7.28661
13.9383
8.91472
3.42933
11.3342
19.8827
12.125
0.892296
16.9408
17.7355
19.7554
11.7273
18.4177
5.99271
7.81409
6.29667
15.2001
7.1246
0.537949
7.67834
18.7362
5.86225
8.36667
4.35367
13.923
14.8231
2.90067
13.648
2.93467
19.5531
6.47918
9.96796
1.90665
5.40718
9.16713
18.4684
3.92547
19.9253
15.1421
0.902441
8.68983
11.3396
1.10855
3.68178
5.39397
3.10543
14.4644
8.24553
13.4823
14.6834
3.32524
15.1296
12.4796
13.1043
13.8138
5.89779
17.4167
16.8401
4.46424
17.9797
11.8946
10.2393
0.643971
1.38381
13.127
12.3418
8.43354
18.5231
3.47341
11.1539
17.9111
13.3292
6.37922
18.0162
4.87646
7.70545
19.2287
19.68
17.4694
15.7422
1.80834
15.86
12.7193
12.2175
2.18731
16.6806
17.3563
3.52234
12.8793
17.1904
0.835489
18.3782
0.953412
7.76324
7.83141
5.03594
2.31191
7.8564
0.527022
15.5331
8.909
8.60199
16.8964
7.9033
13.3326
9.073
19.5285
2.91198
11.063
1.36509
9.08593
16.9415
10.5911
13.6806
0.248051
12.5076
16.9894
4.22437
8.0517
17.5539
8.08113
2.16535
12.244
4.38343
12.544
19.1148
1.39497
8.07799
5.29501
16.0251
2.58892
18.5336
7.15701
4.25236
3.22138
10.9895
11.1665
1.78654
18.6345
5.46097
19.2501
15.3781
5.38876
4.52828
15.0363
3.52957
7.43016
0.290955
0.506445
0.6797
7.20445
8.92813
2.76704
9.72257
11.0602
18.0125
1.65571
9.39115
5.58092
4.46451
5.02737
6.22403
16.674
1.33492
5.58291
17.0337
4.6005
10.4243
8.61824
16.5821
9.10235
16.7356
16.4528
19.3145
10.7234
17.1803
5.21123
18.6344
17.0982
1.60291
1.36315
11.1916
1.65346
11.5164
14.4852
6.71299
16.5901
15.199
0.994144
2.70089
13.1305
18.6413
19.0274
18.7826
13.884
2.49036
14.4643
5.14696
12.9141
2.28188
15.6889
11.7046
3.88247
8.92597
7.17528
13.4808
15.4661
11.476
19.8088
10.3703
7.59751
16.9238
4.02762
7.67659
10.4047
1.85005
15.4853
9.44126
7.73948
7.09482
13.1923
7.34104
5.77832
4.4415
1.12965
10.0067
2.62926
13.5327
6.99299
10.9195
19.2675
13.452
12.6813
14.3645
14.1585
1.92629
12.6865
13.3949
15.2921
14.5086
7.05043
2.98372
13.5066
0.922002
5.35699
19.4704
10.7698
18.1264
2.9424
11.3035
11.4959
17.4326
14.8944
9.26066
4.6049
13.4215
9.1599
17.0564
15.5386
1.99937
3.05295
18.2725
1.75324
16.0852
17.3585
15.1424
13.682
1.99142
1.35203
1.7913
11.6122
12.3452
18.2987
18.3982
7.18321
9.61334
15.0851
17.9894
11.5847
18.5201
2.64391
3.16365
5.83353
10.4072
1.11163
1.58673
7.42124
9.3748
13.0487
15.2821
11.3436
3.09433
12.1763
1.21568
6.75757
18.8666
1.94128
6.50174
5.83579
17.5733
0.0462285
9.2982
12.3648
10.7882
1.44757
14.0057
5.54473
6.3781
18.0724
4.48643
3.84633
15.282
7.85114
6.51678
12.993
8.96149
18.5581
13.988
19.2013
18.9485
17.2115
13.3475
1.75219
3.38227
19.5123
11.9139
3.60579
15.3934
7.31211
2.562
19.9072
1.03912
2.16192
19.0329
13.0739
1.72798
12.419
16.6369
17.0198
10.6863
15.7038
2.14835
12.2031
11.8375
19.1262
15.234
14.5054
19.8976
5.03375
7.03067
14.3011
19.1979
15.1743
12.9674
9.94811
16.3177
0.90555
4.9714
11.2873
16.1336
10.5481
19.5143
1.31031
7.72474
8.42766
6.35505
15.4009
11.7271
1.90716
10.1105
8.69725
16.8745
19.622
15.3261
15.9037
2.96416
14.0451
13.7991
11.8507
10.2623
2.10662
1.63026
14.4088
11.8451
11.7921
11.1892
13.2151
18.6135
9.854
18.5491
19.5506
19.7664
2.6284
4.88544
18.5769
5.78082
5.20007
5.60625
13.3239
1.10582
3.04428
18.7866
3.62175
10.7547
6.70325
18.0251
8.88081
4.03025
15.0678
17.5835
4.14657
11.5754
19.397
8.07889
9.92817
17.5788
16.5425
5.74819
5.46794
1.59575
12.6226
7.84698
10.0674
5.15182
0.845214
6.43354
7.31301
2.83507
8.73871
6.99696
10.5925
11.5925
8.01446
16.5899
17.2263
10.8975
9.13428
10.5115
10.2854
13.5507
6.70588
5.20977
13.4159
15.6525
17.0081
13.1615
7.97147
2.46027
11.0051
8.70927
19.3348
0.325948
18.8882
12.6669
10.847
9.78233
15.4601
14.8454
13.6519
4.14322
13.5852
3.83173
4.94331
14.3792
4.81083
17.2608
1.44574
2.43698
19.6658
8.83557
5.78655
3.67487
0.966822
10.6349
17.6558
1.2917
15.7757
14.0837
16.5126
1.23179
14.5826
4.10734
19.9737
10.8073
15.0704
1.2818
18.888
19.2363
15.6794
10.8094
14.1638
12.7071
3.73371
18.0031
15.1326
11.9677
9.6063
13.076
9.25834
8.65867
0.777435
7.97867
16.8574
0.199945
9.42316
15.4735
19.0552
13.5394
0.700135
0.148165
17.3271
4.01183
15.23
4.4094
8.11694
9.76747
13.7039
5.24865
4.92878
2.80653
8.48943
18.3395
3.2815
14.455
2.42731
7.08842
9.59098
18.6949
14.9388
10.353
8.61711
17.6213
0.63505
14.4383
5.40073
14.0268
8.0671
15.1817
5.8147
8.05884
19.6756
4.25051
14.4506
1.31546
5.01358
6.36618
15.4829
5.78348
4.41086
5.30783
8.41223
12.2084
8.78055
5.96234
16.3457
9.57737
6.85718
13.5323
19.1369
15.2238
15.1554
17.3414
5.81399
19.6812
16.1047
8.99072
5.63765
17.4474
6.49189
9.30126
13.8109
11.1474
2.7838
3.3029
6.03603
15.7818
8.01077
12.5752
6.50269
3.91805
17.2378
3.52409
12.3663
13.5463
16.4148
14.9265
12.1961
11.7818
7.30479
16.7023
19.3357
11.9069
4.17101
13.8246
0.941106
18.4723
17.5087
10.3101
8.60971
9.26267
8.24414
5.70833
5.46256
17.9982
4.87055
7.02635
16.0528
19.4993
13.3243
17.4565
5.89426
17.1875
3.78548
0.424594
12.8047
1.70344
5.43758
0.0286966
11.7018
17.0732
11.9682
4.27553
17.0011
14.4941
19.0775
4.92567
5.53682
9.2679
6.8278
9.04449
3.33452
7.20144
4.40569
16.9172
1.54728
11.496
3.27213
3.35117
17.4332
7.68805
3.03872
19.4844
0.181973
11.7364
7.62653
17.2099
13.7062
17.4195
6.04648
11.5884
6.27783
10.1334
14.9887
19.4602
8.29744
19.5088
13.0805
16.7051
6.74763
13.0074
17.8851
5.00678
12.5791
15.3406
5.09525
4.53792
7.9124
3.96748
7.69707
10.7278
18.2706
8.07134
16.028
15.4544
15.4917
12.0501
15.1956
15.5792
10.8655
1.89471
3.4114
6.11865
7.99342
16.4584
12.6056
16.727
15.6272
18.2492
10.7421
15.2051
8.91701
9.08122
4.06359
12.9504
13.8077
16.6708
0.674369
10.8607
1.84746
9.03829
10.9216
17.9055
4.04305
5.33604
8.62582
11.9854
18.1345
18.9706
9.93399
8.6093
15.4333
3.8883
8.98239
4.50529
15.4304
7.20175
14.4911
12.9106
18.2572
7.04732
5.89144
12.6165
18.2923
9.46708
17.6801
13.7404
8.91972
18.4603
19.8084
9.22195
6.84793
19.5841
18.8191
19.6518
6.18096
16.9019
17.3982
3.24112
3.90445
11.4164
15.8246
4.74586
18.9605
14.4657
19.2644
0.505513
9.60024
15.3265
5.2209
17.2785
9.13164
17.3025
0.92751
17.07
4.52728
9.79238
2.16188
5.61058
2.2395
10.7399
10.7205
14.3759
17.9014
15.1708
19.8463
8.47209
19.9445
14.1684
12.909
0.0445736
1.96967
9.73761
10.8779
19.8372
5.03732
3.32871
18.946
9.55412
19.447
16.6296
4.43256
12.8762
2.03336
15.2446
18.5047
1.02542
13.383
17.8213
17.789
5.89312
18.2597
2.21365
0.449921
7.73258
11.7594
10.8338
2.68233
16.9518
19.8773
3.99936
10.8808
1.31287
9.19686
8.93136
4.65896
16.2009
17.2916
14.3778
11.0326
2.87381
4.31763
17.8968
18.3393
3.71839
16.1445
0.159776
19.9578
12.4508
2.96086
16.5657
8.25187
14.3068
19.3048
13.628
8.67909
3.44678
9.7804
11.6139
16.1871
16.3516
10.0826
15.7283
17.5087
5.09312
10.6141
11.8646
12.1651
14.5238
4.90742
12.6431
2.50731
6.58569
13.9059
3.1106
14.3285
14.2221
12.515
9.16864
5.86464
16.8321
15.0782
3.85194
7.66592
16.2949
14.4085
18.5786
1.27119
5.36972
3.94071
9.51208
6.13459
18.3895
14.3259
10.1927
11.9522
18.6288
9.02106
13.7216
19.7432
17.5352
14.3616
13.3591
8.83488
19.3911
2.03274
6.64938
8.32691
12.783
16.3925
8.0806
9.39839
13.1645
12.0905
5.93109
7.48678
4.5384
14.6587
10.6838
6.58266
14.8129
0.419267
7.23532
17.5536
1.00842
6.64617
17.146
19.318
2.75411
5.80136
6.18759
0.602136
3.42247
13.5101
0.16835
5.75706
13.8946
17.3279
8.66838
5.49583
4.33364
4.14092
7.92297
14.0956
12.4555
7.68734
4.73898
14.5521
11.4854
5.35642
11.804
18.285
0.733749
9.41752
19.4654
17.0283
3.6094
12.0038
18.4053
9.44925
13.1792
11.4959
19.9584
11.2886
9.54739
16.514
5.24609
16.9729
6.98274
17.9303
11.3578
16.5798
0.197573
2.17925
0.78725
3.8293
3.91119
10.1226
3.31795
11.3571
9.98588
9.0419
3.865
7.79031
9.85627
15.5836
8.4705
1.84063
9.9062
14.2555
8.19061
6.21199
15.2952
19.1937
16.7966
9.44008
14.1086
4.66028
8.76411
18.697
1.53942
5.72543
5.91596
16.0039
19.5367
5.96755
7.22677
1.19627
3.37281
6.1088
11.8625
0.9436
18.1981
2.13444
18.2433
8.46579
0.623023
2.34497
17.5235
5.93044
18.5526
2.36986
14.7763
8.34926
14.0738
1.54651
16.9749
19.9593
3.24604
15.5932
8.89244
16.6529
2.1077
18.0402
7.723
6.91487
2.01363
12.5263
17.6354
17.6441
17.4878
1.51139
3.92801
9.36584
13.1685
6.96984
0.71534
13.2372
17.2396
6.19708
16.105
3.92748
12.1996
17.6799
3.54554
17.0457
15.4487
0.505477
16.559
17.3896
9.13051
1.48244
6.08335
3.05859
2.76516
9.79876
16.3102
10.2724
2.3014
0.34131
8.83418
19.3888
0.36292
16.4729
14.7009
14.4902
2.72473
9.30004
5.94439
8.6314
13.0375
8.58557
15.3512
16.9516
11.6884
17.8596
17.8835
15.2182
8.37788
5.49822
9.07255
16.8098
16.7291
8.08935
13.2876
17.3462
1.22738
9.16266
19.1393
9.24827
12.0715
2.96286
7.27523
6.21461
1.41108
1.10397
1.19687
5.3173
4.24995
11.3736
11.2963
2.20337
15.2807
19.0205
18.9119
1.434
5.11094
18.7167
18.4676
0.330989
0.317336
15.5887
11.5391
17.6332
15.2198
2.32634
7.16743
5.54285
19.8016
16.0304
9.09948
6.43955
16.8244
6.63901
6.99493
8.15859
11.0757
11.4581
16.874
11.2307
12.7284
1.60967
7.05473
13.935
8.02163
11.5908
14.5809
18.7938
13.2134
13.1328
10.9726
5.05761
10.0434
18.8693
4.1032
10.6198
17.9585
17.5704
18.349
17.5883
4.54203
9.57868
17.9882
19.9896
15.4965
12.2049
12.8613
8.1464
5.05341
10.7067
11.4437
8.87196
12.7152
3.01979
19.0367
13.0562
10.519
0.00467243
6.97846
15.1393
11.7998
2.86575
7.00303
5.30418
1.06202
8.36121
18.1681
2.56729
5.794
12.5487
1.84212
2.7836
4.45803
2.12145
3.32448
7.53992
7.36002
11.4509
0.57981
1.71387
18.6421
15.9451
18.6091
9.37135
2.75152
7.13902
19.4408
17.0093
0.972743
5.72351
19.1288
2.34989
0.132061
9.18654
13.8663
11.9236
16.0153
17.9214
9.54303
6.95061
16.1181
6.24259
15.3941
4.20302
16.4663
8.53008
8.56592
12.0349
3.59032
18.6571
6.40109
13.5984
0.700742
12.4316
3.25294
8.10773
15.0626
10.9743
11.6659
11.1121
15.985
7.70023
18.0516
11.4875
5.21101
11.898
6.5317
7.0877
1.24432
19.6195
8.03246
3.85299
9.57298
19.0131
0.603084
7.38785
0.862628
4.96117
11.936
4.8456
7.15217
2.82713
15.8402
19.2343
1.38539
18.2029
6.23943
13.6098
6.02593
10.9881
14.2608
9.30888
18.3054
9.64375
7.08903
2.54524
1.45582
12.3715
2.89381
0.3801
5.18632
13.8722
1.53127
3.89512
15.2881
10.9287
14.187
12.2334
7.10406
5.06314
2.50344
16.5523
18.1852
12.1929
14.4814
9.41286
7.77762
7.51896
8.99518
10.5809
15.7665
9.61231
6.89928
13.2921
14.3428
13.7035
13.5376
3.88324
5.35725
3.95846
19.8133
18.8561
1.7739
8.31541
9.23788
11.8076
11.8483
7.71896
10.9
4.29296
10.4518
8.4938
12.7371
11.4348
19.509
12.6991
17.4807
14.0364
6.84102
3.87856
18.6534
8.69803
18.7954
11.301
17.4625
14.0905
5.61185
7.56477
4.82533
5.02745
11.1535
17.8392
2.95804
5.55723
1.26231
12.0266
13.9256
1.54384
5.33319
5.95581
13.9257
3.17138
0.0113205
18.4085
14.4395
18.2941
15.5511
4.56535
11.0804
17.9999
18.0069
13.5837
8.37394
18.0924
14.6212
16.7207
14.2958
9.63118
19.7138
8.42642
3.38344
1.03383
11.0183
9.07354
15.6127
12.3871
1.86922
8.10277
11.2609
8.43228
19.5039
19.8472
15.6219
16.5264
16.8978
9.99301
18.8917
11.1412
17.4967
18.6974
6.31118
19.5244
7.15841
11.1077
7.46777
0.415196
17.8677
13.3816
7.328
0.885922
17.9722
12.9339
7.56569
1.24664
10.9269
16.2976
1.91625
14.8105
3.40765
8.61323
19.8932
6.05045
3.61928
2.36827
15.5991
1.79222
8.82129
8.92048
9.20259
16.7881
1.72817
2.46536
17.3917
10.4815
16.2642
19.8547
13.0116
6.51048
7.75918
4.63939
6.17738
17.1136
15.913
4.16741
0.516439
5.5564
9.21257
12.1196
16.4825
16.8249
14.0709
14.3826
5.32784
17.4299
16.7594
11.3786
8.06827
4.59071
6.6373
8.61939
5.63208
16.9381
0.728956
1.85839
3.02059
9.52432
8.51393
14.442
11.3125
5.38726
9.31545
1.98102
11.4427
6.91217
4.18656
16.6742
14.5409
7.21881
3.37601
8.8642
11.2474
0.208468
4.73307
3.54005
19.4817
7.56678
14.5512
1.86541
15.5084
19.6589
15.8371
19.1129
13.0886
19.043
0.376264
15.6395
19.5407
13.885
0.863353
17.324
9.27013
17.9295
4.23669
0.793125
2.8776
7.25538
7.39823
9.38614
7.89659
6.04386
7.81349
14.2563
17.2097
10.6293
18.2292
3.42407
15.4743
16.2422
9.87006
2.57249
10.7487
17.9116
4.19863
15.4679
10.7277
12.6744
10.1527
3.74659
10.527
10.2448
11.4869
3.51657
3.1666
11.1179
11.1595
17.3813
5.80634
15.1351
19.8675
14.8484
5.33184
1.14664
5.51734
0.289232
0.827903
2.02187
14.1863
8.78853
18.8018
16.037
4.90911
17.3905
2.42044
9.36295
4.59936
8.85924
0.205766
3.2322
1.33969
5.13138
14.3427
5.22471
13.0793
18.5041
15.6312
5.50959
11.6471
1.13846
10.2629
13.9824
14.8143
6.83932
19.7345
19.1561
10.5306
12.8103
0.62087
17.9644
15.8255
9.75731
0.469337
9.97621
0.915401
14.845
17.6093
7.9601
14.6766
2.32754
18.057
9.48437
6.92126
1.01977
4.36367
10.9354
13.5943
14.5827
19.0532
1.70406
7.09284
10.0531
8.79597
13.9157
11.739
3.82961
3.52611
4.06471
4.83197
17.5863
7.63293
6.30411
3.44525
6.72455
19.8742
6.59931
3.34647
16.0867
0.645751
4.40735
1.91371
3.01054
17.6404
1.89774
3.98605
6.02518
13.4106
0.254605
12.0608
10.5001
13.1211
7.37063
17.0419
0.284309
7.68973
5.28394
4.0057
12.4659
0.924936
4.84766
3.75535
1.11448
3.56577
18.655
15.6407
11.3908
7.59279
1.01112
3.85523
7.76648
2.77324
0.259305
19.7727
16.9033
6.36552
19.3627
18.2173
14.2193
7.62081
0.462667
1.94509
4.81494
18.453
17.3668
1.79218
17.5067
1.09725
14.9603
5.27479
11.3561
15.0941
0.121308
1.35071
15.9274
7.362
10.7378
13.8395
0.576009
7.27281
17.9917
6.93116
8.43803
17.8311
17.0134
13.1747
19.4402
15.029
17.108
6.93952
11.3349
3.50707
18.2397
4.535
5.54267
11.2444
10.6299
4.83409
18.3115
15.9578
19.2641
0.854031
11.6391
19.3441
15.7957
1.52591
2.35847
12.784
12.082
15.8877
2.4035
4.28711
14.2569
12.1688
13.1905
3.17556
15.7423
14.5116
19.3293
11.9169
15.2902
10.7834
13.1149
15.0057
6.81328
4.93383
12.9415
8.07277
16.0543
8.35681
12.4909
0.270581
8.03381
7.77496
3.58989
11.0933
0.422812
18.5505
12.1189
7.11439
15.4855
13.0116
11.3089
12.9465
17.4578
9.12995
18.5585
8.79762
15.7484
4.046
13.8872
15.8288
18.3094
18.0026
3.01308
9.90345
2.42165
11.7695
12.7945
0.520684
11.6128
4.41525
18.8509
14.8408
17.1271
14.9406
16.2391
16.2913
11.5611
6.92568
12.0688
2.72487
5.47312
16.7645
2.14978
5.93223
9.51471
15.2614
12.4418
0.733229
17.1572
1.05968
4.48345
18.1145
19.1899
9.18723
11.5355
4.07851
0.202866
11.6184
16.455
9.48244
8.14149
17.4348
16.3063
19.747
8.25649
14.3079
1.28965
5.76656
8.10978
12.3116
2.89641
4.59712
14.4417
3.28671
19.3463
12.1684
0.9454
1.0542
9.09742
13.6546
17.0047
18.0026
1.34794
14.7225
12.5568
19.3698
7.35472
8.16161
18.329
7.74925
19.8151
2.60624
11.269
16.5818
11.4938
9.81615
13.6671
0.478642
16.0694
0.141155
6.3436
18.7976
7.23977
0.0914038
10.6082
4.80472
5.88243
16.5878
18.567
11.2648
18.9266
6.25071
8.99387
0.0549068
15.3956
1.17904
9.46878
5.68388
19.6958
19.2532
10.7271
0.956676
0.662154
16.3349
10.3436
1.02235
6.85359
5.70974
2.97294
12.1736
13.9063
7.0474
6.97736
4.60094
6.9443
13.6834
4.45163
1.3701
13.5834
12.7694
14.3519
4.71248
6.42676
12.8976
10.3432
19.9072
18.6312
16.2826
1.51279
9.16492
15.887
8.48785
17.038
16.7729
10.3415
6.92601
2.71878
14.9066
0.181677
4.20066
1.99338
9.3155
6.37838
17.5855
13.7963
18.2952
5.06049
19.3225
19.7492
3.82688
5.53778
15.2646
3.98501
17.9779
2.12353
7.91745
5.35533
12.7518
13.8875
2.46479
8.15215
16.6181
11.1013
9.23044
11.6818
19.3124
16.0972
15.0342
13.6664
12.8042
2.52004
2.91412
18.9752
19.1212
14.321
2.42897
