5.65914
0.435031
15.9522
3.85493
7.89864
16.201
3.50426
19.1449
8.4656
6.19971
18.9704
16.537
8.12711
5.61233
12.413
11.9449
12.4466
9.82488
6.19311
3.13915
11.2612
18.3448
18.0482
0.436919
18.879
1.20846
12.0569
3.53953
18.4845
5.24365
0.0643133
7.42437
13.7397
9.05731
6.05516
18.4178
9.29053
14.8292
10.3812
4.92196
5.22862
9.04374
13.9332
13.6953
5.45582
1.30568
14.9361
19.1026
12.342
15.8962
16.8129
11.6331
18.318
1.72692
6.12562
19.2622
7.66477
0.397012
19.1854
5.76282
6.55513
0.667615
9.94615
3.69032
17.2327
3.94529
13.5698
17.7167
12.756
0.264005
9.31789
7.52263
1.90098
16.0568
15.883
7.49655
2.33118
8.3971
19.4206
3.46814
5.34765
1.65355
7.24589
11.5205
3.46649
5.35834
18.5074
3.64643
18.916
17.5492
5.65259
12.4754
3.79542
15.5094
17.2379
9.51048
15.1763
2.013
12.6313
18.7982
14.7137
10.1669
14.3527
17.2992
17.5677
1.14531
19.7867
8.92579
6.52142
4.58316
19.0871
4.90702
8.51257
15.4531
6.72117
18.4424
9.4677
9.20052
14.4704
11.0059
15.041
13.3974
7.44507
16.3358
7.15516
19.2527
6.33409
14.84
10.5113
18.5707
10.731
15.4871
13.2314
6.1547
17.6972
9.68482
0.68407
3.22312
15.885
8.14597
0.450562
4.285
3.52835
17.1156
13.0226
4.42945
6.26474
2.65816
13.9295
19.9764
12.6702
19.8977
13.3488
5.30521
12.7801
19.236
1.87491
7.21331
11.2451
10.0587
4.59358
10.2882
14.8093
0.556698
19.7563
7.84278
11.224
11.198
16.8384
0.0480661
5.45398
1.46691
2.29341
3.00117
4.67843
17.3749
11.3839
17.6942
12.872
14.3261
19.7611
0.727653
15.1818
6.05322
8.95376
6.21985
14.6854
19.1705
9.37392
7.80596
5.952
12.7184
5.43361
15.5952
18.2957
3.58176
8.62014
15.8902
9.46861
0.711146
7.73864
5.51696
7.35435
17.2452
10.5805
18.4379
13.2811
17.171
4.72728
12.3355
9.55049
14.537
10.2853
18.9583
3.12172
6.44291
16.6075
10.8962
13.6074
5.68548
0.408598
10.0113
9.07294
19.6602
16.6861
12.6734
3.10224
0.226674
2.86479
19.8177
16.9093
18.3682
16.855
11.9306
10.1431
0.617032
0.279926
0.489299
14.2848
11.8215
11.9856
16.6732
0.267547
3.03161
10.6362
4.20934
0.428361
10.7866
19.293
11.3478
6.80778
13.2431
13.1354
15.7212
1.57614
18.328
10.9358
0.385952
0.822645
6.31837
13.5937
2.68017
12.4321
10.3572
10.3491
6.61705
9.82479
6.08756
15.0821
16.4308
1.97132
8.36788
17.75
2.59599
11.9615
9.70391
15.7423
6.87111
16.2568
19.3849
9.82003
18.6583
16.3508
4.0968
14.8063
12.0382
18.597
6.5807
17.8102
2.22003
10.2192
17.4527
13.1225
18.3261
10.3331
6.48825
15.9138
18.0127
4.36241
9.75071
0.14347
9.26196
9.85679
17.2565
1.02055
5.07225
3.82083
18.8486
18.2108
15.5802
10.3
8.17784
5.31761
15.3379
8.07642
8.44951
0.180975
6.76255
5.86287
16.7666
9.38515
13.8245
12.1795
18.0472
9.32257
14.2031
18.6567
10.6616
2.39514
18.512
11.415
3.73163
15.0425
13.1642
14.0217
15.577
10.2467
2.87232
14.5022
5.26732
6.7634
6.95867
15.0579
9.47059
17.1109
19.2612
19.7116
9.85459
15.4179
3.00844
12.1306
6.32883
14.8451
10.7882
14.2746
4.66789
12.1128
7.8829
11.7691
4.23542
11.1454
11.2926
19.4588
1.71095
11.4835
1.29106
3.30185
16.7417
12.3749
4.60102
10.5596
1.88724
1.34706
19.8026
7.63986
7.23144
15.5123
11.9456
4.1098
10.8928
12.6381
5.14071
16.9157
16.6839
5.47898
13.4033
10.5231
18.8742
19.9288
19.7866
7.89694
1.23854
14.0037
7.92343
9.54584
8.03747
12.7419
11.6325
19.9566
14.552
16.4901
7.00447
18.3014
1.37206
13.452
8.42955
16.4855
3.67282
7.32777
18.6633
10.7953
16.0226
1.34118
17.2079
6.16675
6.90488
6.32824
17.448
6.01274
13.2892
13.4216
2.68924
11.9068
13.7967
15.783
8.40431
13.724
8.1954
11.4787
14.4585
11.9725
14.9633
3.85902
7.18196
7.13239
19.4859
16.3347
15.5122
1.26456
18.4702
8.71803
9.05625
17.3175
19.3136
17.8619
7.85119
4.19562
16.4232
5.60872
18.9344
5.81826
16.5117
4.69075
18.5523
14.8927
5.21026
1.53631
13.8594
15.3028
1.13081
14.7915
3.21028
19.522
15.112
16.5444
13.9778
5.14756
18.0731
2.09375
10.1884
11.8508
5.26647
17.267
14.8086
14.2286
2.31299
2.03957
8.83518
6.34775
6.8943
12.3339
18.8871
2.92436
0.384168
19.8967
4.9338
0.408063
5.81595
5.01597
14.3346
18.8643
18.4788
19.8491
1.53222
5.97599
18.6066
12.6908
6.25926
4.59829
15.4865
5.22783
16.8972
7.10474
17.8984
5.93071
9.92235
10.3606
14.9988
18.4182
14.8507
19.6794
16.1649
15.1898
16.032
15.3137
11.4748
12.6614
17.7334
2.85463
0.3563
14.5357
0.776386
19.9921
17.0716
1.38287
7.92523
6.37807
16.1634
11.4669
0.480745
7.25613
5.83091
7.92901
1.54951
2.73751
3.78546
19.3003
5.76894
17.9022
2.09074
13.4395
17.9007
9.88088
18.5376
8.84608
15.1317
6.16368
4.86962
10.6713
1.22132
2.60776
18.8799
7.65847
15.7162
6.76567
8.50168
14.9368
3.37757
19.2662
19.1731
2.36091
11.9935
3.84093
4.12943
18.1489
17.5715
19.3422
12.5308
9.60831
18.1989
18.525
11.9864
8.09079
5.70569
17.1179
19.1002
3.90773
11.2154
15.076
1.35547
12.8347
1.37899
13.8636
18.1141
1.95832
17.9495
18.4539
15.2513
18.4424
12.7559
0.849133
2.58742
13.4723
11.1407
6.40259
19.2826
12.1026
12.6116
0.236419
8.06779
1.38111
7.70345
2.28978
10.2536
9.88071
9.4073
5.01912
8.20387
16.4733
16.2556
5.82371
17.2987
1.2393
11.3191
1.02707
19.3362
19.9466
8.09228
6.85392
12.5325
16.198
18.6873
18.175
16.3202
19.3755
1.11626
5.28684
18.5837
16.9208
13.1043
5.67338
13.6731
11.8446
16.7195
0.887424
6.2299
7.95665
15.4615
10.6285
15.1173
11.8147
17.6626
9.05474
10.9331
14.0911
16.9563
14.2756
7.19457
18.912
1.31305
2.04559
4.43203
15.7247
14.2002
16.336
6.40771
3.22403
9.23282
14.892
4.54844
5.72843
18.7308
10.1184
12.5363
2.1818
17.4404
3.17698
6.58258
8.02798
1.43068
19.8454
12.5467
8.41705
11.2766
14.2569
14.4574
7.86148
19.6428
7.4318
3.58002
2.66324
2.03197
9.76674
18.4048
14.3395
7.94664
12.3782
10.2731
13.2744
6.45468
11.6371
9.05816
7.55301
6.00897
17.8069
8.79276
10.8227
17.3431
9.68808
14.5309
15.381
1.60473
11.7534
5.16057
12.5809
15.6351
14.4742
13.4177
1.95926
9.1104
11.5207
16.3076
9.22816
8.75174
6.4908
17.7331
0.0226446
19.9571
5.21047
17.1999
3.14225
15.8572
3.33562
13.1332
8.41656
15.6695
3.80604
1.15941
19.8454
6.64456
6.69613
6.07292
15.8267
2.18688
15.5378
3.58991
15.3375
15.1842
6.59605
19.7165
1.51441
9.2916
17.827
6.25472
18.013
18.9523
8.33606
2.66752
6.9082
19.8903
10.8704
10.5047
18.1818
15.9897
16.873
0.282639
16.1611
0.773346
17.6422
15.4185
5.35922
8.67826
14.0027
4.30163
6.78193
16.0078
14.465
2.78861
12.4843
14.4435
7.18127
12.5988
5.16144
0.43515
2.77964
16.4811
10.299
12.9614
8.03485
17.9539
11.4226
10.5589
12.522
9.67122
3.05513
0.0945751
9.0701
14.3598
4.65469
17.2989
7.25354
2.33125
5.57961
1.50964
15.9872
9.34942
10.7571
13.3073
8.14409
14.4515
6.21388
8.75047
9.10613
5.20355
4.48026
3.32415
16.3018
12.6379
16.9837
16.3162
10.3898
16.4187
19.0104
11.6616
17.4034
5.109
8.39885
12.7548
17.7005
1.22344
19.8614
4.69207
14.5078
15.579
12.511
19.5429
1.45406
13.4372
7.32184
11.4328
6.6045
5.42446
2.91012
7.44593
17.527
3.20003
0.525269
18.3032
3.30211
17.3481
13.9345
10.9442
17.1099
13.534
9.84122
10.3781
5.59531
4.2997
16.0247
6.508
15.4945
14.2829
5.77578
3.70467
2.92232
2.39776
15.4068
3.53721
12.3979
3.94657
9.0079
9.33555
10.7832
6.00932
3.33776
1.67222
12.9689
5.99037
13.8589
3.56552
18.3209
7.60681
19.5551
13.5237
2.06954
16.3094
19.52
12.6451
15.4316
9.13706
5.66593
7.08565
0.166208
5.7561
15.4833
2.06714
16.4944
9.99611
10.7723
11.9615
0.41174
1.06726
5.37416
2.39652
10.6324
14.9786
16.1235
0.00705449
0.881263
6.49439
17.4524
19.7301
10.9687
19.7246
6.54265
0.589433
2.85142
4.57025
15.3766
13.7543
17.473
9.04023
18.0964
8.50877
9.71952
11.4867
16.8928
4.09026
4.94746
13.7099
6.06813
17.9648
6.119
12.9317
10.4806
5.05422
12.6526
0.951078
8.85671
17.0323
1.3847
19.018
10.5058
3.98402
18.546
7.27879
14.0052
10.7061
15.8352
10.606
3.21305
10.9907
17.3773
1.3038
14.2734
2.74724
0.00452708
3.88574
8.47214
0.608431
5.88153
17.6083
7.74666
18.5216
14.8624
4.87975
19.0911
2.52321
6.86548
9.44918
0.96263
12.7002
1.93807
9.80058
4.49427
3.42669
19.3962
4.58948
9.63512
13.1071
1.03743
4.61146
14.9386
15.6265
8.96732
10.8651
13.0082
7.68628
17.5129
5.91123
7.00945
15.1155
2.3892
10.4667
6.65585
17.5356
15.8729
1.58969
4.54441
11.2169
14.6399
7.28917
19.9575
18.3484
8.78822
17.6297
7.37638
12.1823
6.95358
2.59853
9.86519
5.53009
7.03814
12.148
1.90351
19.8031
1.38591
4.31652
14.7059
10.2145
3.60596
7.1202
12.5472
12.3578
17.8252
13.4669
6.4441
2.60032
11.432
7.44647
16.5192
16.8885
13.4816
12.7754
19.5312
18.3979
18.1634
19.3367
1.95551
3.6573
14.5629
1.22153
7.91701
7.19875
0.3463
1.5229
8.98972
8.03356
16.4402
0.811716
14.4492
10.7884
0.717631
8.57139
9.78784
15.3786
19.3754
4.37658
1.11403
4.10842
19.0482
2.81012
7.75036
19.4598
16.8979
6.54181
11.4457
7.72067
4.13604
14.8687
18.1927
7.99217
7.31041
7.84944
4.65571
13.884
7.58393
7.32814
19.1884
13.3296
19.3719
4.49449
5.00634
1.8359
16.08
18.7353
14.2692
7.88536
15.3638
14.2331
4.58704
2.84397
8.81141
10.5079
3.8115
3.1261
8.38698
17.8657
11.0585
8.23448
8.95021
0.228287
13.4271
9.18586
18.6381
13.4346
1.97309
9.36861
12.8211
15.6398
13.4262
4.77567
1.67359
7.4268
9.37571
15.0407
19.1529
12.8224
1.98892
2.78974
15.7633
9.56476
17.5582
19.8893
2.04951
2.52037
1.88705
11.4917
18.5881
17.0748
14.1604
15.5276
5.23463
1.43246
13.0589
5.61956
3.82182
2.55741
5.76598
5.09821
18.2756
6.7152
2.56681
0.316461
6.30822
17.6148
17.9555
7.2754
11.2928
15.9263
12.7165
0.159305
9.50354
2.68951
16.758
16.9641
9.96005
3.00933
16.8034
16.4918
14.0702
11.81
8.67477
7.14233
1.71399
16.9766
15.6916
2.47909
13.6395
6.24728
13.4922
14.7629
10.9223
15.5493
16.1783
10.7311
5.54171
16.5195
19.5833
18.9385
19.9325
4.88006
18.2221
16.437
18.0735
17.2482
4.07786
16.6387
9.57939
6.72163
10.863
5.98252
15.616
3.88459
10.1326
4.29473
18.6776
19.9471
5.60007
6.72596
1.70994
2.17607
17.9393
19.9746
2.27602
7.45474
15.8714
1.94106
1.9112
0.660042
3.03148
7.14013
10.7593
12.8499
14.2487
5.76569
19.0844
17.1198
16.5869
0.396714
13.3438
13.491
0.166836
5.44993
2.64617
9.76482
17.3375
14.4574
4.72687
13.5707
5.54205
6.4638
3.90511
18.6749
0.178178
16.5875
10.3682
16.3619
8.03832
9.89436
1.65588
16.7059
7.26789
19.0455
13.7511
3.49655
2.23304
7.43049
12.1522
3.75344
3.19955
13.1898
2.97607
14.5661
7.37667
10.3929
17.1777
10.093
10.9125
8.23617
0.526448
19.4802
14.9653
8.7785
16.111
0.952865
15.0662
8.86515
13.9231
16.2759
9.57698
13.4858
1.09525
15.2373
5.57577
6.78253
13.9938
12.7726
15.1665
3.17927
18.8186
3.53097
2.9367
10.6302
3.54613
5.04637
3.42681
10.5384
7.81939
2.23157
9.45558
6.00031
5.84174
19.7246
15.4012
16.8607
4.29351
11.507
19.1827
19.6015
14.4459
12.5583
9.5564
19.645
16.3262
18.7476
12.8207
2.98833
18.3905
19.3648
8.75637
0.76427
7.4039
16.6447
18.9981
16.1167
15.5251
4.35365
7.72161
4.70151
0.668066
14.3701
0.941899
18.7791
14.8757
19.3969
0.917252
6.50537
17.5136
12.7834
4.06699
19.3652
1.11087
7.59866
10.3536
16.0053
14.2671
6.00351
3.13115
13.337
5.4682
9.77751
11.8883
14.8114
12.6109
1.62607
8.76081
6.00961
10.1551
4.34847
2.91269
8.06435
4.30385
8.46661
13.5687
10.0012
3.10096
10.4559
12.1683
2.6684
7.50296
12.6457
15.8744
10.6748
6.73531
16.7418
10.925
2.32821
2.87399
3.35758
15.0249
3.23601
1.38056
2.66359
6.21738
9.68048
16.4299
5.38489
13.6733
9.80368
19.8793
8.06868
6.75827
18.1353
4.73756
18.0026
5.91427
12.2643
17.2953
2.32835
1.01113
5.70134
7.73248
13.0768
18.4681
12.1322
10.1643
8.16117
16.7137
2.37753
14.0412
15.9472
2.25556
3.46963
4.28796
1.63305
9.40422
19.667
7.74662
5.79671
11.9727
5.88386
3.14428
12.4757
9.31354
19.8892
14.8642
0.265917
19.1751
18.0586
19.441
18.2364
18.1993
12.9205
9.63821
11.0501
13.3991
19.568
2.29549
16.9826
15.188
7.02668
12.6868
19.7399
3.35713
16.151
17.7898
2.33739
2.14652
3.54231
17.5187
13.1307
15.0653
2.04718
7.94519
3.43729
13.1612
15.7389
6.66612
8.1244
18.6804
3.74853
11.9898
13.2699
9.82187
3.75553
1.57809
9.58781
12.2967
4.15484
16.157
3.19331
17.6604
19.8203
0.00204068
17.3526
9.14622
12.9652
1.801
14.1166
14.6736
18.9287
5.74981
19.7468
18.2964
12.2875
6.84147
8.66357
18.3028
14.4582
18.013
6.02935
8.33856
10.1099
16.6532
4.93673
4.21964
14.7107
2.10525
13.6879
18.9589
17.7286
6.67641
3.3288
17.788
15.2306
6.94581
6.10802
12.55
1.0415
19.3967
17.3108
5.73117
15.792
14.0114
9.36939
1.44323
2.76271
3.88806
13.6664
14.3159
10.472
16.0573
3.61376
18.3607
14.9122
19.1834
13.3541
0.41951
19.7004
5.88565
2.90975
18.5051
14.2803
17.2347
10.1086
15.9238
4.17379
19.8094
5.83936
15.684
10.7569
15.6553
11.5939
11.876
6.37003
19.0274
4.58633
8.66719
11.9806
1.69877
12.2613
9.82797
9.87149
15.0752
8.87737
8.86929
7.06993
0.369406
0.599071
11.3513
0.925494
11.8422
4.71482
3.33805
11.0487
5.73186
0.146962
7.34425
3.16218
3.09357
12.1557
0.878882
5.28839
14.6292
8.54637
7.32923
1.65631
14.1001
18.047
0.259908
9.54143
17.5523
8.50008
6.47429
8.83396
4.23203
8.6447
17.3904
8.28219
10.6527
11.9985
4.65774
6.65967
10.7605
6.81162
7.11867
10.2467
6.10302
18.2141
16.8233
14.7698
10.1132
2.16264
14.7264
13.419
15.1557
7.42735
13.2763
5.16926
13.9248
6.02121
0.834193
3.97095
9.63676
16.029
2.88631
7.6216
11.6103
14.1757
10.4194
1.42307
2.50609
0.490413
13.8959
3.64735
3.61647
14.0415
11.9202
17.9676
13.8494
18.7708
2.60627
16.7875
5.91403
2.41513
12.9094
1.17994
14.1721
3.883
2.41694
7.02323
0.644785
6.64377
0.0599252
19.0041
9.88559
17.1245
18.5453
2.19126
6.11434
10.6102
2.02798
10.9587
4.44076
0.512752
0.600884
4.41423
3.57993
2.55316
15.6771
8.48905
18.4481
9.18651
9.97425
4.09963
12.9933
15.3881
9.46
12.2967
9.84028
2.8988
5.1311
8.31065
2.38873
13.781
6.36177
18.4129
13.8403
16.9186
10.7896
2.06218
12.7759
10.0956
12.7205
18.7283
13.4891
1.47295
13.4496
11.5025
9.09901
18.3492
6.81027
1.53101
11.9472
3.34497
1.28747
2.64787
17.4319
10.0343
11.8218
2.6224
14.8223
9.59269
2.27014
3.45365
9.59744
2.67492
16.7489
1.31168
4.76962
0.575039
3.67689
4.12338
18.9162
19.3117
2.12997
13.2708
17.2546
11.7066
11.1536
9.02948
5.38776
16.6336
11.947
5.08092
4.81205
19.0571
8.31455
7.72759
12.0526
14.2485
12.7332
9.17225
12.3729
12.8919
12.0628
18.7072
9.54269
4.25937
16.4661
19.0621
8.64984
18.4503
11.2493
15.4026
5.71506
1.62009
10.3063
4.35395
10.3378
12.2478
3.204
13.173
14.1479
4.55733
4.35706
14.3721
4.84451
17.163
7.6824
10.5358
15.3312
14.6016
4.52979
2.53646
15.8088
18.0005
19.5431
1.19214
2.85709
18.6428
5.63775
5.7959
1.89981
4.39025
1.1591
14.521
0.159196
15.7469
2.37558
7.80792
13.4923
5.99285
14.3837
4.82924
4.89992
8.28447
18.0879
6.60705
2.59978
12.9677
18.1512
14.6462
16.8264
6.62976
4.5564
9.08355
3.138
7.09648
5.14118
5.00711
3.42068
0.277181
6.24698
5.06555
3.54369
17.0237
1.02869
14.0651
16.8742
6.30567
18.0627
9.6923
3.44382
0.919097
3.11814
4.64302
7.69804
16.4871
16.2352
6.18037
17.0602
18.0813
1.95661
16.0021
8.14019
2.29785
11.9902
14.5329
9.90319
3.45516
10.2991
2.81742
18.6687
14.9388
4.76669
0.803381
11.4132
12.0833
4.87193
7.88051
8.65075
9.30925
17.9893
8.30033
5.37814
0.337384
11.3313
5.08624
11.3886
2.41534
6.96952
10.1952
13.7323
16.0197
10.0675
8.22352
3.19014
12.9542
8.5162
8.46994
0.857246
17.6709
19.1477
3.15481
4.84252
6.96966
6.62273
7.5531
3.19689
16.5677
10.3824
10.4358
15.9679
10.3131
18.1989
3.24733
10.6686
6.32232
14.2258
8.86701
1.90998
3.30079
0.923742
0.248125
14.0665
13.1559
6.85276
1.92923
5.58837
8.77229
13.9903
3.11899
1.83667
10.9004
6.09087
2.80294
10.0998
10.9154
12.1716
15.646
4.64848
0.422283
9.62197
10.0204
11.1442
3.13632
7.20291
6.31263
1.39578
2.46987
2.87425
6.87267
12.9455
1.98755
10.3856
18.9047
19.259
4.04693
2.18765
2.15397
0.945193
11.7846
6.49567
16.5088
6.74159
12.5562
16.9189
4.67154
8.56791
3.03564
2.93564
14.8373
10.0662
9.31798
3.26381
15.68
6.75647
4.85761
14.7161
19.5299
16.0904
12.0432
13.547
0.021867
7.82034
13.0793
14.8964
11.2775
1.86059
4.52828
10.0305
1.34012
6.00795
1.40746
12.2667
3.54644
6.90575
12.3841
18.4534
16.4873
4.05743
7.58901
8.30699
10.575
9.25122
8.23249
3.93363
1.20805
7.14718
6.0003
18.8332
6.61248
11.2845
0.552476
8.50929
0.395641
15.8158
17.6091
13.8691
5.59929
16.3355
0.48232
11.3483
15.0062
7.96445
13.2192
7.74328
16.9542
13.5365
5.54894
11.7883
17.813
13.0692
14.0658
5.25277
6.931
4.65331
4.79437
11.5726
17.8577
1.19697
18.8681
16.7858
0.00959849
11.4516
18.994
0.0813221
14.1931
9.26389
2.80155
12.5635
1.53883
6.17773
0.723357
14.5899
16.2086
0.41539
11.8453
15.2751
14.2196
18.9996
13.7916
10.2546
3.64767
16.6905
5.28747
4.99877
9.86842
8.49598
11.8989
19.5884
19.6991
1.96499
18.6776
3.31824
5.19734
4.61997
4.47312
14.3229
0.243271
4.99918
14.716
19.661
10.764
15.4325
11.5407
3.57486
9.87271
3.04657
2.92036
12.7829
16.9999
7.52093
3.52769
2.31932
1.24292
14.0151
1.28862
9.88765
6.33788
0.543396
1.75752
3.10797
3.53963
1.24222
5.03123
17.861
6.07869
7.65754
14.4837
9.08725
2.25555
0.447633
5.62413
8.3531
7.6414
4.81944
17.3466
14.4931
1.1152
1.51003
8.69918
19.7406
6.35168
11.5345
16.0472
10.5648
13.7352
9.79037
14.6397
6.26971
10.894
7.07391
12.6633
14.1892
2.14561
9.94496
8.78219
6.0024
11.1837
15.6841
2.50243
2.5624
17.5807
5.12547
11.4127
2.25322
10.3657
19.4041
13.6721
17.7167
10.3397
9.62326
1.27523
1.4716
2.84526
19.3632
9.30104
19.9506
7.45159
4.2776
1.01309
3.58116
14.7223
13.4409
16.4856
4.30966
6.70291
7.03284
17.1514
15.1722
19.6491
12.9352
16.6742
16.1628
3.37553
6.90275
15.6145
16.258
10.7633
18.0673
14.027
8.07302
5.78206
10.384
17.6329
5.30795
12.0774
2.49311
6.06236
15.0734
14.608
3.128
16.8608
15.1203
6.76624
1.69695
2.6104
3.81199
2.8448
8.02956
18.8679
2.27857
14.2056
11.8483
0.978125
3.9269
2.28309
0.629078
2.47626
11.403
15.6402
8.13524
16.3598
17.7529
17.6359
13.9357
14.641
11.5228
9.87811
17.1892
3.73303
17.7779
10.8023
0.704772
2.62514
18.1057
4.01202
2.03298
5.03409
14.5865
17.0958
19.1696
14.6606
4.10617
19.959
7.91374
5.87163
16.8082
11.5036
8.11288
14.5025
6.47436
0.307873
9.27824
12.6661
16.5881
2.22578
15.1432
13.5037
18.4611
7.01
6.35866
9.64327
1.14581
7.31362
9.74697
3.69735
17.5065
4.31329
14.4222
2.5803
2.94668
11.0995
9.17672
8.24697
7.34031
3.00508
10.6364
5.56417
19.7495
8.69022
8.22878
9.61661
11.3218
8.26596
1.30797
15.7876
2.59425
10.9884
14.2771
9.2005
7.97483
16.5499
11.7407
9.66384
0.148382
19.0606
7.47971
9.17695
10.3182
11.2289
6.48149
4.44656
14.9975
11.574
6.21559
8.25929
3.62393
5.82672
10.3315
2.5236
18.4972
12.7858
1.8309
18.5938
0.639808
17.5734
13.3274
6.51569
5.28401
6.72607
6.65262
3.93058
0.467379
13.9918
9.71414
10.1511
2.71253
6.22743
7.93324
7.43802
12.4421
14.1523
12.0425
9.33379
3.08421
12.8094
13.1618
13.3472
8.23938
19.5887
4.39285
7.99969
2.28591
1.12043
2.97543
9.05392
19.7505
3.77895
9.30504
13.2284
14.6287
19.7663
4.90446
9.81636
2.7228
14.0281
17.9927
14.0885
19.7302
10.6809
14.3044
0.401925
4.74839
12.1976
5.50835
14.4988
18.7607
3.24926
14.8202
17.6742
1.57308
16.005
18.3635
19.4611
17.3273
15.496
4.21626
18.5571
12.7184
12.4985
2.74536
8.87866
14.6006
9.46203
10.1893
15.7583
10.4721
16.506
19.2785
11.3466
19.6273
6.24471
8.83288
3.25351
13.1565
12.2784
8.94292
6.37332
3.55474
1.91473
18.2945
18.8513
12.066
8.00833
15.7612
2.32594
19.8527
17.498
3.39759
1.67594
7.67667
9.66676
9.31606
2.2531
13.094
4.25044
15.3513
11.9562
9.22558
18.8073
4.22613
13.5779
11.5766
15.2758
3.34161
3.26111
18.2691
3.22213
8.13171
3.60361
17.4703
10.495
18.1001
19.9731
16.5785
19.0921
9.24007
15.5673
0.722296
4.27113
6.34906
14.3498
0.756784
6.57101
15.7862
14.0249
17.0054
4.57396
17.2739
10.4
10.7265
16.7205
2.70172
15.4709
5.3239
6.08423
14.5606
2.7041
0.461744
2.42147
0.0692495
6.92023
7.5352
11.644
14.9836
16.6284
17.8525
11.2427
13.3816
19.2905
19.1884
5.36792
14.7711
19.127
18.6236
4.8876
7.55804
8.43981
13.9498
11.9715
16.5721
14.8965
8.70761
4.97109
17.2204
15.3312
8.2514
5.40254
10.5799
11.2045
18.7824
10.79
8.33658
5.89463
17.3322
9.94464
16.9185
15.2907
14.0478
5.86289
0.46204
14.5627
16.4955
8.73783
4.43077
11.152
5.69415
5.68455
7.69774
13.4272
15.918
8.3715
13.637
10.6253
15.2177
9.41373
15.5126
14.9481
18.6121
5.11651
0.663563
14.047
16.0523
13.5353
14.6542
1.99729
8.55606
3.73121
10.1596
15.5644
6.82234
14.3503
6.80935
2.68373
8.27068
6.55258
4.2601
16.9693
0.732453
3.93514
19.328
8.98667
12.6103
17.7459
10.3377
13.531
17.1329
1.47769
12.7008
7.52247
9.45517
10.0657
11.4865
8.3611
6.25693
8.59316
13.4984
19.6818
17.1046
10.8036
1.40406
9.45264
15.7348
2.09645
10.5529
5.94381
9.28457
12.5042
3.67332
14.6055
9.02105
19.8849
10.8384
0.115039
7.76128
7.98801
19.3524
16.6838
7.42278
16.9093
18.8275
12.9923
5.28683
4.91363
13.3381
2.06931
11.3351
3.16684
15.0893
10.8113
8.58856
1.10806
3.51008
19.9976
1.29503
10.0003
4.88413
16.7513
16.1308
19.4712
4.78547
9.72599
0.111441
8.00695
14.9249
6.11635
5.49677
18.56
13.6846
2.78928
14.7606
4.07479
15.3103
17.4932
2.78209
10.076
15.003
2.63033
17.0546
2.9669
7.35836
0.0984037
5.9537
2.70145
0.186143
8.69417
1.9093
2.53426
19.2425
9.8394
9.11241
1.80735
13.5217
3.29933
10.311
7.06531
14.8777
0.699752
15.6285
1.98701
13.2894
15.3155
7.03817
14.1969
1.14458
1.04992
19.302
3.83357
13.1809
13.5011
18.3694
8.64353
3.34843
8.98975
11.1697
7.06687
3.56817
2.58588
1.55383
5.4788
17.4978
19.678
12.7507
4.2257
4.91697
17.0508
2.34338
5.88176
5.14921
19.6279
1.05183
9.09856
10.3802
6.2676
7.8894
17.8682
15.447
12.6886
15.7971
18.1581
7.04905
5.14456
8.08614
1.01484
6.52672
0.640729
3.71992
5.68905
10.9275
0.487177
1.67968
3.54053
5.4443
3.35604
12.7273
7.49622
16.8322
8.25146
10.5297
18.5905
5.4123
17.0936
13.8794
4.95263
1.28843
19.6167
13.411
18.0094
3.06862
11.8536
1.77893
10.2964
0.280156
5.19776
2.27991
0.784385
8.75036
5.50735
11.5456
2.86183
0.617081
11.8473
11.0299
19.4642
7.20304
14.513
15.323
12.2764
17.898
5.31319
5.89003
18.7215
14.0588
13.748
13.3916
15.9893
18.2349
10.8887
0.14934
1.70033
5.08651
13.4468
2.76497
19.3037
4.51331
7.94769
9.99232
10.9618
1.28799
4.12894
2.40974
8.39562
18.3948
16.2679
16.9935
12.5526
16.6111
0.321061
9.61395
4.49655
13.1298
5.21182
0.213434
15.6686
9.48901
16.7856
10.3173
9.74825
15.4856
11.1776
10.2474
1.90488
5.20452
17.1961
11.8572
19.0715
2.89372
10.0667
4.85138
3.06484
9.58824
3.09194
13.53
8.88931
1.53471
4.30974
15.6109
15.5178
10.6189
5.87815
8.2892
4.89486
11.4227
3.4878
19.2593
7.8408
13.1429
18.679
4.58009
9.20252
9.56957
3.79759
13.6688
15.62
9.82088
7.21169
6.51816
7.97273
11.096
13.1877
10.7068
17.1943
8.59363
12.8031
14.3535
11.1832
8.65944
16.2387
19.6306
6.96753
3.57321
1.69613
16.6902
1.77087
1.31815
2.23895
8.41241
10.589
16.3471
14.0846
19.4922
17.6624
15.8973
16.5643
4.6951
8.10965
11.0081
17.8852
6.9271
0.594632
0.171918
2.67083
17.542
13.0428
15.9023
9.29192
3.51429
10.8074
11.9971
18.2825
1.40394
4.90688
1.13292
6.98527
4.458
6.3828
14.1277
18.2997
1.68446
10.4848
7.33908
10.4838
3.86307
18.2926
5.48203
16.6536
14.6366
7.38458
4.91575
17.4087
4.63728
17.8714
4.29376
1.24648
16.6743
18.6501
10.9924
1.23235
19.8198
0.193692
2.45868
7.01327
6.39902
17.6933
9.13701
0.193732
8.64236
13.546
17.3357
17.3995
3.7108
9.64968
3.33602
10.3497
6.46607
6.62371
7.35946
6.47819
7.05032
16.5339
9.3898
18.9534
2.19773
10.0556
13.8819
5.92885
8.03096
12.3598
0.614209
14.1443
18.9927
7.07873
4.74353
8.80109
13.993
12.9111
1.15804
3.76728
11.3896
18.514
16.817
13.5241
3.89911
9.88359
9.10456
11.4325
18.2683
4.10799
5.64973
14.9226
8.88867
5.73959
19.6147
18.1812
4.57233
4.52377
14.8892
13.4818
8.08693
13.0047
15.7529
0.816587
2.61113
1.59963
15.1507
17.5623
2.47446
6.6607
14.5967
7.93135
6.70254
16.0239
9.69398
6.68118
7.99659
7.63025
0.942328
2.34719
5.57143
4.9172
15.5103
1.34637
13.1207
18.4864
9.13977
6.25488
7.96539
3.82063
9.66537
11.815
12.643
11.3713
9.79401
17.4437
19.4932
12.4872
3.50096
9.39191
2.49467
9.80424
14.2696
16.5905
7.17043
1.34902
15.8419
9.28046
10.0517
10.8091
2.32404
16.042
13.9652
5.53778
17.606
5.5516
2.66213
17.9449
2.35339
0.870642
8.85144
0.00623461
10.9891
2.77391
18.3157
16.3785
8.04143
15.1701
5.56243
0.887778
16.3169
9.38879
10.6288
0.270476
13.6984
16.7494
16.4902
8.67119
18.6273
12.3986
3.08906
4.1194
16.8656
14.4631
15.9228
16.8327
15.3732
9.28058
4.47016
10.898
8.25521
19.4296
17.5996
12.9882
2.48091
5.67617
18.2002
17.2384
16.5965
8.61578
2.6097
8.07717
1.06484
9.48909
5.37258
14.7787
14.713
1.39984
3.16907
5.50462
13.1985
3.68175
8.50205
7.98282
15.8415
17.7261
6.8757
2.89987
16.1821
16.8479
13.5274
18.5694
6.47901
1.93249
13.7804
18.3557
2.85063
15.1198
7.24712
16.8572
12.0913
18.2486
9.93782
4.79032
4.5612
2.91248
14.2396
6.45614
11.5623
12.8132
17.2661
6.13005
0.407173
11.4697
19.8642
6.69561
16.2143
10.019
5.4208
5.88502
12.0174
15.1465
19.1412
10.5871
10.9576
16.4239
18.3438
12.274
7.9795
17.0716
17.5827
7.0599
16.0492
7.20663
3.11981
19.31
16.6798
1.88448
2.21789
18.37
2.19033
0.625518
15.6634
15.0579
10.9079
1.06346
8.27644
17.9344
1.98445
15.2204
17.569
16.3158
12.1846
14.8496
15.8997
16.7561
10.8743
16.6815
9.06386
0.345707
13.4731
17.3833
5.83995
3.58097
14.982
9.1828
13.5969
19.6343
18.0638
2.50965
5.38154
15.2656
0.926648
2.89134
0.718889
8.0639
4.63
2.03675
16.0293
17.1467
12.6504
13.7688
6.46571
13.6373
7.3932
12.5277
11.7679
2.92143
1.79506
10.5593
4.25012
18.8596
6.04625
3.0927
19.2347
5.43667
18.0117
0.859103
1.29674
3.18328
8.71685
15.385
0.344577
7.55379
19.4442
8.82697
16.3506
17.9662
15.1614
18.3025
5.61271
2.89352
17.3989
16.2565
7.90764
14.3527
4.10627
19.8401
8.42874
14.5278
7.34829
6.1385
12.3642
11.3657
5.17912
15.6329
2.16634
7.44829
8.402
17.0326
0.5529
15.6894
0.192513
16.5521
7.19172
1.25822
12.7511
19.0664
16.105
12.4353
8.56815
2.94652
11.2452
16.653
6.67708
18.9113
1.40262
11.3455
12.4249
11.3941
18.1189
13.6688
13.6395
5.50826
11.3878
5.14162
1.51093
13.209
10.5651
18.7555
13.3813
7.66446
10.712
17.9217
15.8319
12.6766
13.3593
11.1042
5.18963
1.97905
14.7658
8.96146
13.8797
3.57232
19.9685
6.83336
9.98982
2.6422
11.2682
10.2996
17.4374
4.97027
13.1504
3.09599
6.86913
1.25023
11.4257
5.11066
15.8816
3.72877
16.1822
14.3387
9.02073
6.41868
0.250541
10.3003
18.8673
14.4818
4.07617
0.286734
7.86554
0.329888
13.2903
3.11102
16.5671
7.23926
1.07983
10.2509
2.94001
3.68754
5.41425
5.74086
1.64371
4.44287
9.20013
2.67959
9.92697
10.6307
1.55113
10.2715
10.4991
11.293
0.858427
5.26159
15.3079
11.6625
17.5262
9.26526
18.3385
2.01231
18.1462
12.8295
3.2871
1.63997
16.7752
4.28955
9.80141
15.7819
1.57817
11.095
8.57214
5.13209
18.9056
4.89009
4.8922
3.80307
18.3896
8.52288
15.1728
7.57087
6.96896
13.5152
15.3972
17.7456
11.5447
18.4735
0.122523
4.8867
1.92739
7.67434
3.16647
19.3577
2.36745
18.3973
7.80966
6.42338
16.2246
11.3775
0.911671
5.65479
9.80658
8.12334
2.56571
2.25277
11.5852
6.76393
14.6337
2.28531
16.7772
17.7386
7.21343
0.499699
14.1166
10.8161
12.584
17.1377
8.13218
1.66665
7.08849
12.8363
5.58148
12.2505
6.00034
1.3872
12.5212
5.86032
7.02846
10.5186
3.91769
19.7136
6.53368
2.68273
18.8643
2.09024
15.456
5.44961
6.88214
11.9088
14.9141
5.3888
0.277582
0.940481
16.7777
5.9621
7.9867
10.8393
11.6814
16.6059
11.1597
15.5423
14.7358
5.87985
3.32245
16.9629
8.51197
4.24611
18.8917
16.9847
7.23141
6.90347
2.32966
4.39181
14.614
3.62246
15.0343
7.15198
12.201
4.64752
9.84398
5.93547
2.52667
11.8415
0.227843
5.8173
10.5897
6.46514
14.1091
2.53859
16.3119
2.65039
3.81192
10.1962
14.2792
13.0993
5.41312
9.81815
18.5267
19.9417
8.43889
1.69895
0.454486
17.3845
8.10144
8.97625
0.889593
5.70987
18.4587
9.16999
18.8579
11.8674
18.3311
2.44392
7.49868
14.2306
12.9146
0.778677
5.76797
9.06202
5.92753
10.4037
11.9944
3.59761
17.5401
4.60832
17.9446
6.57259
19.5403
16.4737
18.2596
6.61657
0.391459
4.85229
10.5671
9.97048
7.10309
16.9734
3.91416
19.8271
16.6972
19.3575
12.2359
14.6101
5.66386
15.536
3.79169
9.70528
1.96013
18.5344
6.31245
4.37676
9.65339
4.58263
7.00264
15.4286
13.7866
1.70191
1.86418
14.3702
1.53704
7.63142
14.276
15.2946
5.45432
4.18807
5.16099
12.2539
12.0392
3.77492
8.65894
12.5152
10.6687
2.89893
18.8006
15.4959
17.009
1.09054
13.6725
12.224
18.3893
18.3541
3.15526
5.66796
14.7513
5.92969
8.06715
5.47482
1.33465
4.3866
12.6922
9.2314
0.275777
18.2063
1.59015
9.7491
18.3693
5.71168
6.9769
12.5644
0.235124
4.96437
12.9705
7.70092
5.62164
3.1171
16.3308
0.540783
13.8618
17.4005
1.23703
2.86019
15.2988
17.4565
12.106
9.37782
13.348
17.7998
14.7559
2.93395
12.8304
8.02942
15.4324
11.4583
16.2805
11.8802
7.38389
6.16082
5.15512
18.5941
13.6366
9.57387
11.7091
13.3417
4.16808
3.08994
9.72591
16.8894
10.4612
18.9528
8.97745
12.6934
6.41027
18.8865
2.01118
11.2439
18.2548
8.96058
11.5117
14.4722
19.2063
2.77809
0.759446
13.4495
1.05511
14.8834
7.90814
2.44672
18.2892
12.8492
5.69158
7.80897
13.6535
3.52442
14.5108
14.7438
12.9389
11.327
3.24679
8.47891
6.46138
19.3294
16.5966
7.36803
3.74985
12.2295
12.4827
7.04611
19.8073
19.3154
8.18257
17.432
16.1443
2.94331
11.1656
13.5297
11.2113
12.2467
0.741186
12.0776
19.9744
17.0447
0.387782
17.9977
7.32809
9.32022
19.3976
2.5261
2.09068
7.00372
2.92433
12.0115
