13.1763
9.63226
2.85057
14.0091
10.5477
18.937
16.4102
9.00476
9.89373
12.4049
12.8282
0.689355
9.60438
14.45
15.9678
19.7422
11.6713
3.21412
13.3794
1.81139
14.0631
8.75067
19.1508
1.62454
11.836
8.48195
19.6449
10.9252
3.46506
9.35967
6.84876
5.55061
2.639
10.0796
14.3603
11.3106
14.1946
1.34069
0.465825
0.341999
11.7556
7.96905
7.18582
14.0688
19.1359
12.7234
4.01447
18.094
7.91777
7.62116
0.22663
16.358
13.7427
12.5333
9.89944
3.48741
2.57757
18.0105
14.9229
12.9456
17.0546
7.49382
1.77042
6.99125
16.3344
17.1879
18.2065
6.35649
6.74878
3.90172
16.6006
2.25665
10.5758
12.6431
8.66808
15.0086
0.506399
11.8014
7.61382
2.26836
11.7642
6.3951
18.8495
0.644537
11.2174
16.1974
0.749171
2.55425
8.07453
13.7233
3.74244
16.6499
14.1074
17.5399
1.35792
17.6348
2.35266
19.0576
15.4373
3.24057
6.72938
4.77998
17.4789
18.0121
19.8664
15.6038
19.2695
2.64691
10.8327
19.7864
11.6376
8.61017
12.5319
5.2487
15.0711
16.6236
6.55217
7.63205
12.7919
5.86441
1.28066
11.9367
9.75925
15.1434
18.3114
16.3038
6.20096
7.47271
11.4912
9.97941
8.13373
2.58851
6.0096
15.9413
19.7944
14.7637
0.119345
10.6165
8.77291
18.3605
9.56883
6.71567
10.4523
19.04
19.2715
19.6048
16.8195
4.82217
19.4387
17.2298
3.21508
5.95202
16.1382
9.56372
8.61294
12.1861
12.2
15.2572
1.3003
8.37598
15.4321
5.52896
8.11381
11.0538
14.6643
17.8868
10.9095
2.75963
3.26181
2.16024
15.2437
15.7248
4.11848
5.82279
13.1464
14.1736
8.83052
11.4477
5.0163
0.811677
12.8057
15.4909
12.6828
11.3968
4.55386
11.2616
6.62521
4.49976
5.34127
7.05446
18.7786
7.29173
4.45197
3.7847
9.65658
7.32964
0.407643
3.2431
10.4433
8.835
8.75051
3.53331
5.67282
19.2235
4.03162
11.3942
11.5819
18.185
19.0663
10.7834
10.9542
6.55274
2.10858
10.7289
16.0494
1.7033
12.4132
10.4374
7.6655
1.46215
18.1348
8.10572
16.3513
1.227
17.0965
1.48846
17.7139
2.65762
14.4056
2.30994
12.8679
6.5459
18.8046
12.1676
0.44216
11.251
17.7061
17.4023
13.0285
19.4968
4.36877
0.44961
10.2442
13.1111
2.54511
0.869053
4.61654
13.5206
5.11631
5.11367
9.76273
7.13609
3.45827
11.2682
0.0169174
17.4599
2.81598
6.8233
2.18572
7.47558
3.78079
2.90287
6.83036
7.72572
10.0072
14.5784
19.42
14.7181
17.9934
2.22627
12.3134
8.05235
3.64778
3.53613
14.0257
11.2013
1.79163
17.1723
3.6614
0.733462
4.02955
13.8719
0.0266778
9.49443
1.73114
17.6271
5.55986
1.54849
6.88812
15.2582
14.4057
6.94399
19.4695
1.70013
15.1648
5.39808
7.71848
8.14355
0.632436
1.61253
3.83422
2.19537
2.11463
6.71253
9.63632
18.8128
16.0362
10.4385
15.762
19.8494
2.68606
0.27702
11.4197
7.25528
9.06799
8.53942
1.52834
12.7507
1.22465
15.9665
5.04519
4.24813
7.715
6.01275
4.6669
11.4766
4.81243
8.96305
8.28349
7.34592
12.5438
10.6667
18.1548
0.468422
4.12124
19.0294
15.0199
6.66453
6.84871
2.52126
6.67746
5.70441
16.337
10.8612
12.3482
12.8387
3.66744
6.12261
15.4297
11.0492
0.974879
16.6316
12
15.63
1.78029
7.84455
6.01554
18.9089
14.4097
11.7819
1.01953
18.382
6.00253
10.6397
5.18441
9.12025
18.306
4.18605
2.21591
11.7498
18.5043
7.93057
19.9698
19.6792
10.6072
17.0551
3.12492
11.1906
16.9171
11.149
12.6938
11.0323
19.7615
16.2541
12.1162
14.3004
12.5497
18.8766
5.89506
7.96537
8.85409
15.5019
8.06736
2.291
12.2708
4.18583
16.8881
9.31698
16.9354
0.316843
18.3928
4.7506
2.84624
11.0768
0.984358
17.5896
7.02495
6.21129
0.821595
18.7755
6.28691
14.4964
11.2634
16.5717
5.82139
0.459062
9.27387
18.4742
2.06206
14.36
3.74053
6.50623
8.84393
4.81664
5.55908
8.42918
16.0956
0.48672
5.04483
11.9511
14.8021
6.07633
17.4345
4.69171
14.1462
14.0483
10.4238
1.60395
0.154307
4.36803
10.8655
19.8078
3.15304
18.8367
8.93764
8.59073
12.5989
14.7925
0.19322
13.2983
18.9495
5.92216
8.22922
1.97542
13.2185
14.4973
7.94146
0.0492587
9.19829
11.6176
14.2286
1.83303
8.06005
11.1802
18.5602
15.0066
19.109
11.179
1.87541
6.90331
12.892
16.049
7.6141
6.37342
7.18486
11.6207
11.7502
4.73207
17.9532
7.27058
15.1647
0.58646
2.87597
8.64549
3.39196
9.4275
11.7971
5.52311
7.0859
1.38746
13.768
9.29473
15.5452
8.63665
8.67816
3.19595
2.25365
4.53459
11.0418
10.4612
19.4188
6.22228
6.29429
14.2457
17.2232
6.37499
3.43639
2.66737
6.8199
4.4051
3.0816
17.5853
17.7411
11.8357
14.9065
14.3306
3.20384
4.08308
17.7836
17.1705
11.8388
13.3345
19.543
5.99669
2.09389
14.7124
4.67478
10.9213
5.48097
18.5947
9.1925
5.34476
18.7814
13.8138
10.0929
4.65452
7.19378
16.2053
16.0272
2.09955
13.5289
11.6659
13.9913
5.84658
17.5686
19.2113
10.7794
18.9633
19.5454
5.52424
6.80274
5.76323
19.7664
15.2542
15.8166
16.4378
14.0293
15.6588
17.9868
10.9505
1.32764
1.24516
14.1131
7.05953
17.2632
10.3176
9.8095
3.36662
2.86426
9.30091
6.74034
13.5059
0.85089
10.2968
4.30739
14.3448
15.7754
14.6817
12.9943
19.5235
3.85169
10.0987
4.05951
0.475567
16.5909
7.16333
9.82215
14.8864
15.7357
15.1247
9.09103
16.3654
15.9074
11.6044
6.20426
12.2806
14.7799
16.145
17.6127
15.4176
12.659
12.7385
15.3665
3.60918
13.3808
12.2944
1.19428
2.61723
10.5963
1.28077
5.50347
14.0576
13.2713
7.2636
6.88146
5.73669
12.1443
17.6559
10.8525
17.603
13.0055
15.1393
4.25312
13.4545
12.0622
10.3433
19.9835
9.17237
15.6234
10.0431
4.1016
8.73075
5.63598
16.8385
18.2528
2.45901
19.2574
19.3687
16.7605
16.2681
18.8242
5.62539
4.31864
3.72994
6.0786
17.134
7.73309
2.46247
19.1393
4.97486
0.522076
18.4133
11.8441
14.5974
16.8591
7.28943
4.3144
4.48134
7.54795
12.2786
6.9965
7.14582
10.5606
5.17089
15.9755
4.44879
17.539
16.4458
6.53668
10.2621
6.666
1.31612
0.938311
15.5538
16.1639
14.3684
16.6704
9.91217
16.2985
2.43671
9.05485
11.8187
11.0896
17.878
5.23373
