9.20103
3.38569
5.80295
1.15563
17.3534
2.08284
6.9632
1.51127
6.37574
18.4628
16.9736
5.43021
19.4552
0.546373
14.2586
18.3227
3.11436
9.23157
6.58497
3.00551
18.2228
10.9079
10.8206
18.4
6.28088
15.0689
4.68343
12.3052
14.451
12.8619
3.8105
0.374956
7.18218
17.6076
14.3511
3.43909
14.092
7.59377
2.73427
2.0895
0.0652345
11.7212
9.47244
3.15963
4.44721
14.9222
3.70482
12.2765
15.8165
12.5343
12.2436
14.5732
17.8316
19.9197
7.47204
0.969407
14.6065
1.68648
9.80421
4.03076
18.5203
11.7933
9.03107
14.0467
7.44775
12.3105
14.3026
11.133
10.1125
6.58875
0.738734
9.11181
18.7998
18.8982
11.7431
16.8802
15.3508
2.71624
0.0643958
19.8344
17.7019
11.1249
2.82419
16.0988
13.4083
6.34763
13.3011
3.78096
1.38828
16.1044
0.311505
19.1774
9.06729
14.598
1.41327
2.26757
9.71092
11.2094
11.4752
1.09824
16.9092
8.81536
1.48448
8.08182
9.7647
12.1209
7.84667
0.28803
4.60365
13.9345
11.4646
11.1968
11.9708
15.6931
16.371
17.2811
18.5744
4.26886
11.9107
9.05693
13.6391
0.475605
13.325
5.05962
6.60516
11.9337
7.45029
9.41749
8.45165
17.3296
18.4008
5.75379
5.03448
14.5887
17.9068
2.66674
10.5032
18.8507
15.1495
11.8015
1.09968
9.88048
16.5775
0.468343
14.4158
8.79501
19.4852
6.98398
17.7785
19.7103
3.30204
12.8948
11.3034
13.7796
7.80552
2.81193
10.1948
19.3703
3.41658
15.1816
17.9814
4.98079
7.26136
17.4815
3.83288
17.1117
2.22523
7.32527
18.7123
1.34341
4.89851
16.803
13.4232
0.298982
19.4322
8.65107
14.7709
2.64785
3.02429
14.0109
18.414
14.9379
19.9653
6.33739
1.90766
11.4603
14.9794
15.6488
10.2663
10.8917
7.74727
3.62081
11.8675
15.4347
10.4379
19.2804
10.6595
4.27172
4.84905
10.4237
9.83872
13.88
8.80494
16.4612
1.71455
15.7046
7.68222
9.83162
3.70828
6.90674
13.0142
12.9124
2.66431
14.8785
4.87907
11.0628
3.7025
13.4761
4.90542
4.10106
12.9526
3.15689
6.2799
15.4434
12.4789
13.7328
8.57739
16.6405
10.343
6.20561
14.8288
15.1637
18.2804
5.78886
5.39051
11.1619
2.71086
4.70924
1.18879
12.8164
2.52232
12.5574
8.4554
13.0404
2.93628
0.608988
8.3257
12.8355
12.6672
18.6958
5.37202
2.67422
14.019
8.67904
16.8633
6.10443
3.58926
7.56511
12.2684
9.14591
12.5868
6.884
16.7691
12.6228
2.84704
15.7102
8.78314
1.3502
12.1433
1.0146
14.2623
2.64932
8.28032
1.14558
6.3061
3.93902
13.0246
11.4323
11.5691
18.1554
12.034
5.55214
5.30111
12.8072
13.8324
19.4212
12.8124
19.0685
18.8662
0.322208
3.91683
9.27781
16.5604
12.8811
8.2485
10.6542
15.0463
0.194837
8.43175
17.2811
5.52478
2.2597
4.49342
8.06551
16.9024
3.25445
4.96504
12.5391
4.0074
16.0848
14.3047
7.23092
4.80515
6.04491
2.82878
12.6083
14.3592
11.0289
0.731247
18.5095
15.2002
5.4517
9.2977
5.63525
2.7836
0.687421
15.4489
7.99038
9.97942
0.839155
17.3806
18.8448
7.09401
3.71912
5.69963
16.1449
7.70134
15.0182
2.61836
13.752
6.73496
4.44009
18.8182
14.6265
15.9738
15.0486
15.0478
5.8689
9.174
12.6782
14.8914
12.0399
4.00233
18.1526
8.20401
11.2866
18.2311
6.70433
6.06813
0.434556
11.4748
11.3903
19.4842
14.2998
12.9479
18.2658
4.59174
18.0783
9.16325
9.00824
6.49645
8.26935
19.0447
8.08892
13.972
14.4912
15.1092
12.3201
1.46007
11.3529
16.9298
2.17574
7.08255
17.5307
11.7471
8.31368
16.7516
0.403232
1.44629
16.598
14.1045
5.06809
16.1898
3.58035
3.17304
3.67794
11.9059
7.62455
15.4654
15.9457
10.1156
19.3784
10.1861
3.38012
19.0061
17.8684
10.5596
1.00933
19.8996
19.8428
9.40626
16.7496
15.9458
18.4742
6.3968
18.1194
4.24149
1.66106
5.5585
15.3795
1.46716
7.62392
7.27687
10.8374
12.2273
3.10328
4.91282
1.75632
19.0194
7.02431
14.91
16.6126
18.5415
0.940348
12.0783
17.8148
4.9696
0.744364
10.3007
0.307422
14.36
15.776
14.7332
17.172
7.0217
4.25763
17.2432
10.3442
14.7869
7.19395
14.0279
12.0193
5.77038
3.72242
8.11301
17.9629
3.39933
2.96301
13.0972
6.97006
18.2881
7.47354
15.0126
6.09854
16.083
17.7433
14.5996
14.3453
6.70204
16.0186
13.0933
11.8559
14.1915
13.4461
9.24187
8.87715
3.71094
1.72283
1.40688
11.8241
14.3006
0.259886
6.00196
17.0897
0.633962
5.26077
15.8777
1.7895
10.3423
12.2991
6.51515
9.77292
11.1983
18.8392
