12.8897
19.5838
16.9396
1.43261
14.8203
10.1968
4.82035
14.2083
19.1438
7.87943
9.62859
15.8494
6.56005
12.4304
10.6947
17.7021
9.68085
8.52388
0.374472
7.05085
15.8848
3.29114
0.191334
16.956
14.9007
2.65548
15.9236
18.639
7.99731
14.245
5.92717
6.66447
17.0927
5.63043
6.86396
15.5569
4.55316
2.64219
8.32556
4.962
9.39019
4.33364
1.8875
8.37009
6.48852
7.8003
13.8772
15.4671
1.80594
19.2232
11.1584
10.8528
11.5341
12.4089
9.98092
14.9609
0.331744
6.10297
18.0386
19.7967
9.39441
9.65689
18.6011
7.89547
7.1488
7.723
5.97494
7.70373
15.1389
3.14903
0.103354
10.7055
18.7688
18.444
6.60754
10.9605
12.7615
7.11818
12.1163
9.00242
2.74567
6.06927
10.8905
14.7944
8.34172
15.5174
14.6533
13.5868
8.40641
14.657
1.63974
3.58737
16.555
2.58684
12.0517
19.0508
10.877
2.08045
6.18903
0.767818
6.37084
0.983227
17.403
1.9806
1.0674
1.75739
5.45582
16.6767
2.17323
9.05154
4.36404
13.726
5.72197
15.629
15.9468
17.632
15.8924
4.57424
16.2694
18.8532
2.5523
19.1486
14.4129
12.7121
11.4589
15.6974
6.28659
12.3084
7.01744
15.6411
1.05168
10.8367
6.22986
17.7419
11.4342
18.3674
3.72817
8.44933
17.4114
18.3574
8.76833
18.5732
5.3723
4.70013
17.2406
5.54248
8.0557
0.0218657
9.16081
17.5044
9.01144
12.0447
12.8671
10.3338
19.9554
10.1509
10.7071
6.26729
14.4416
16.995
6.60521
19.5932
4.37979
7.22439
14.5933
5.7035
18.2236
19.081
13.4227
13.1975
6.57273
6.36267
5.29582
6.2124
15.4942
12.2012
4.86139
2.31849
14.5286
14.2573
8.70575
12.918
19.2464
19.3201
8.8339
6.16432
4.41077
16.9434
9.83847
4.95285
2.92817
8.13764
7.53455
10.4494
1.33058
8.85871
17.8916
10.6548
6.14312
19.7897
12.6155
8.262
13.9603
3.13249
7.31256
10.5447
11.8288
8.73147
5.00834
8.54588
7.95169
6.19655
10.2193
10.3367
3.59017
12.0815
19.5302
5.19615
2.76664
17.5275
11.0115
7.91811
16.0668
0.709595
7.61876
11.9023
7.00381
4.88333
5.25144
8.9586
15.5499
6.24371
18.6906
2.16865
5.3676
2.54054
7.45587
12.3406
11.2883
11.1276
15.7103
11.6915
9.94745
14.0548
5.65912
3.95784
15.6368
3.33887
0.74636
15.4086
1.19924
16.7737
8.76562
11.4425
19.1565
8.42852
19.6314
15.7975
1.16168
4.45122
4.45986
12.1964
5.35874
15.0663
7.05014
18.2865
8.34574
12.0009
0.260067
11.2017
2.82493
14.6221
6.45272
9.86316
10.2275
3.05694
13.0995
13.2784
10.132
3.47576
11.7915
7.45842
16.395
3.31147
10.8859
9.40923
5.21273
11.7487
3.43486
2.71455
18.0874
19.1917
4.71263
15.1394
17.3773
0.968698
15.6827
5.95026
1.85721
10.0136
9.87826
15.2234
4.70123
9.73495
18.7814
12.1856
