12.3341
6.80629
6.73064
8.68707
4.45077
9.80008
5.56488
13.5644
14.172
8.96049
7.87428
16.6509
8.93722
11.1259
5.07751
3.23854
7.85177
2.3292
13.3993
8.30846
7.47776
4.70119
1.51592
7.7268
1.39282
9.48534
3.41474
14.6066
1.15367
10.9938
13.8035
13.5591
18.4183
12.584
19.0285
12.932
9.14125
16.6111
16.3435
17.6957
12.251
4.91982
15.5309
13.4422
0.745246
9.33106
3.12998
2.77022
4.1348
11.8248
15.8299
12.5134
19.1433
10.0482
9.61763
16.4995
14.2183
4.70225
13.1643
17.3479
8.65164
0.287985
3.43831
6.95538
13.3184
10.3527
5.2156
19.8226
16.7453
18.2162
17.1108
4.61535
4.49385
0.789983
10.9198
3.58072
5.01016
17.6244
18.2543
9.58712
0.716369
15.9524
12.8009
9.68721
9.03692
4.57247
12.3031
17.5239
14.2519
8.9467
12.6301
7.22104
10.5015
13.1814
17.5868
1.58333
11.806
7.16128
19.3183
17.3139
7.38772
10.8113
2.68751
9.0991
5.02639
3.47447
16.3144
12.573
12.5454
14.7642
3.24362
9.63053
2.11103
4.0957
15.8441
8.51412
15.0582
13.7054
13.3864
16.6045
7.5824
11.9421
15.7912
13.9359
9.41613
14.8749
1.34734
12.6954
3.25747
3.69718
1.45946
19.4209
7.01094
3.01395
12.1806
2.15577
16.8097
7.00152
9.75563
19.0681
19.8331
0.610842
19.3219
19.9796
1.9902
12.8006
18.9278
8.4063
2.11664
16.9435
8.0779
8.903
11.5166
8.24435
17.106
9.37348
7.50713
15.1497
13.7604
18.3788
4.55432
9.51004
2.97502
19.2359
12.2938
15.8412
17.6216
16.9771
19.8135
13.9183
15.135
14.2986
7.5551
16.8099
15.1595
0.763204
19.4204
18.0878
3.43293
15.1408
1.03156
8.15516
15.5449
15.3635
8.66041
0.169488
14.755
19.3154
14.1073
1.86288
14.5662
3.4309
18.5885
8.8431
6.63878
17.7894
11.3686
18.2232
18.2079
15.6634
8.60175
3.77826
11.7289
2.71487
15.75
10.7737
13.4381
10.5606
15.0318
0.692883
10.3385
3.92812
7.54275
6.9628
2.50122
16.4606
19.9824
13.6151
4.84327
0.00867113
15.8023
11.8285
4.49259
18.764
13.804
18.0758
1.73037
12.1334
7.84901
6.84302
17.3639
17.0592
6.75242
6.6309
0.458505
14.6213
2.28094
11.0501
13.4396
11.5806
13.6652
16.592
11.9842
15.8984
15.7265
10.7905
15.3427
3.59489
14.3489
14.0303
5.24192
7.47246
16.3401
2.80891
9.02928
3.20663
7.12598
9.79861
3.75266
19.398
6.33131
2.26896
10.7243
2.38832
9.00047
0.260057
14.0198
6.17818
3.59974
8.85792
14.6506
6.1834
1.21262
7.47859
4.9168
5.30389
12.1219
5.59464
4.69561
10.1572
19.1027
14.2011
5.20066
4.2924
6.33399
12.8861
5.46136
3.03843
4.4403
18.4765
15.003
11.1477
7.47461
11.2491
3.84589
8.89287
9.85054
5.52179
16.77
10.9242
2.79032
19.5345
3.44841
12.5223
17.5167
14.2972
7.59805
8.24725
19.9856
15.0993
6.62374
2.61488
10.8194
14.7129
13.515
7.13913
3.73759
10.2134
19.0927
3.97368
1.06399
15.1875
16.868
1.25008
12.3524
12.0317
16.7047
7.79603
19.0931
16.6024
10.0659
11.5001
5.97078
4.2702
18.0264
14.3434
4.72644
9.71974
12.3576
13.7643
8.02424
15.0883
8.00203
15.903
12.9946
10.9271
13.2058
2.97253
2.71246
18.2476
1.99081
17.1892
15.8021
10.1582
19.1191
7.93399
19.2628
19.8582
4.43358
0.511594
19.4302
3.89623
3.31232
5.18207
15.435
16.7793
15.9481
5.95604
1.10701
6.67935
14.9681
0.191499
7.27814
6.01059
0.999559
6.02076
8.77452
0.704
10.8104
18.3848
12.4973
8.609
4.97845
11.3133
17.8635
7.08642
8.68574
6.89204
18.1991
16.9583
4.61857
3.64098
16.843
6.91311
1.1977
7.99613
1.39069
1.71392
1.658
14.6045
0.445916
8.57875
12.0544
5.52685
8.24778
1.33344
12.0006
11.1971
17.7609
1.94
16.6666
8.09327
1.61473
9.78819
2.72899
15.9232
11.5911
4.46316
10.9058
18.4477
19.3201
2.85702
4.22902
10.2071
1.01509
7.60911
13.6056
6.17701
3.19826
17.8685
10.0035
13.7694
17.4975
18.8973
16.0584
11.6941
7.74754
8.08866
4.60294
4.94936
1.6987
9.40609
9.44655
10.7027
4.88049
3.50357
1.61714
2.84212
4.33062
4.58875
15.4947
1.49787
18.1473
2.54259
9.9027
9.39113
17.1671
6.95838
2.33672
13.5597
2.14475
7.21671
19.0192
7.84844
9.52687
19.6096
2.98813
7.44143
14.5382
13.6225
6.8845
8.17063
17.5479
13.3907
0.634299
19.3427
19.1486
2.56988
8.44037
15.9251
1.70469
15.8976
4.65917
7.50054
19.7599
4.03868
8.19193
9.17055
17.7117
10.5773
9.91581
4.91558
10.4131
17.9823
16.3492
6.14147
0.924814
8.32012
9.5217
7.13166
3.53519
2.06434
9.92503
3.1083
16.5786
15.2746
13.5761
12.3556
15.6584
8.72166
9.66575
4.04308
12.8227
11.2389
16.532
10.7319
5.54563
2.58854
1.33385
18.3614
12.7065
12.1354
19.9099
8.76338
2.37298
4.93456
14.3703
6.65325
9.19597
11.7807
16.4208
4.70202
7.1666
12.5161
4.64909
0.94503
0.221888
19.937
2.45041
17.7776
14.9101
4.72816
18.3116
5.46804
3.6609
3.5303
9.27869
7.80901
3.96702
0.180053
17.1878
4.00198
12.5987
16.843
15.4026
13.8711
18.9251
0.440911
9.26296
10.0314
16.5432
19.5141
18.5733
14.1401
18.2934
2.38931
13.7757
0.717367
0.354047
11.9052
10.3676
0.571985
18.7107
6.92633
13.1964
17.438
9.74759
6.38347
17.408
19.2861
10.9552
11.0805
8.52834
11.4765
7.16215
18.8481
3.38072
11.1123
11.1159
15.4013
7.98925
11.3192
17.0515
15.6238
9.19237
0.68697
18.7312
16.3795
16.2748
4.41009
9.77407
17.1271
9.81092
2.05072
18.1569
17.0955
7.28834
16.6728
8.19711
19.1645
16.3608
0.82692
15.1991
11.1554
14.4465
6.16223
14.6623
12.7912
17.1302
8.80771
2.06188
17.99
9.23097
16.0413
2.88009
8.31118
16.2564
13.1274
16.191
2.98482
1.25643
8.00193
5.32499
12.0888
8.87219
17.8633
15.2496
4.45139
7.11532
18.8351
11.6675
16.0823
4.43651
17.3345
9.91246
8.02515
4.76062
19.2648
15.0241
2.10399
16.1494
2.69752
7.65538
2.33256
0.681885
9.34249
9.35855
7.44199
1.90768
17.4597
12.2227
4.64347
12.294
2.66277
3.34299
4.39831
1.88669
18.9021
17.9662
0.998589
17.4234
4.66636
9.41791
19.9478
2.36423
0.885417
6.88457
1.87337
15.8857
3.76918
6.05176
12.7538
15.1208
13.8337
16.3767
18.0223
16.2821
1.0434
11.6742
15.5699
6.53842
12.4347
0.160078
6.7816
5.12583
19.6772
19.1128
17.9985
17.3904
13.7271
18.9605
19.9398
12.4584
7.99766
9.70622
7.07181
7.07567
10.4177
6.50616
4.24191
12.5178
0.112596
16.0042
8.08604
1.55103
0.913294
14.6136
12.3894
13.6157
11.0957
16.2148
7.33406
11.9802
9.45019
4.4033
10.1852
3.75437
11.5221
1.21167
15.71
5.92596
12.976
13.0255
7.12474
12.1899
13.4013
8.45546
5.33105
3.74791
9.17395
2.36738
18.7323
7.31978
3.82319
6.1173
3.67728
3.171
12.6015
5.29978
0.262889
11.9202
9.51723
1.56663
3.92993
4.82007
7.35228
13.5575
10.8649
8.19144
14.2224
18.8139
17.3401
17.9288
7.849
9.18925
12.9582
6.05319
6.70715
3.74507
1.18026
11.8438
1.82439
12.7279
16.9504
16.1848
8.02248
19.8953
6.7686
8.81861
6.50532
0.611725
1.37853
1.31694
15.7336
14.7984
2.66148
8.83563
18.3056
9.22794
1.37384
8.22478
11.4019
5.18854
7.90833
18.442
15.5044
14.3261
9.91525
16.1843
15.537
9.85735
3.02672
17.2278
1.74672
3.56371
2.67242
17.131
14.3102
7.93667
17.6552
9.31103
6.4667
9.00871
9.89928
3.08548
14.0514
16.7756
14.8112
11.0029
2.34862
17.6997
10.9123
17.6674
16.4752
2.31848
11.4938
8.13714
4.47379
9.33409
10.3492
2.26338
2.5906
0.341087
17.3381
13.9037
11.2094
15.1499
17.8513
17.9642
12.5885
15.1832
3.24829
16.665
17.7934
12.5293
16.0928
8.55148
17.0281
3.91132
18.3769
8.81183
5.06929
5.59328
7.29287
11.5157
11.9734
2.24584
5.39311
13.2892
13.5305
5.98733
15.8591
13.3053
14.436
4.41186
0.542765
15.389
12.7003
1.8466
3.18598
13.0011
15.2446
0.103875
13.4836
0.34051
16.0832
18.5278
18.2711
13.317
4.29268
15.7744
18.3853
10.4233
8.64242
3.46798
16.2133
6.42844
10.5287
0.848951
2.32362
13.8622
2.78691
3.41553
12.7651
13.766
9.02923
1.60768
13.1054
8.31869
5.81127
6.46227
10.0851
0.56378
8.9075
7.60205
11.4873
14.342
18.7129
10.2083
7.7238
1.08296
7.51811
15.0479
9.3938
16.6275
15.3579
1.78742
11.8926
18.7491
14.1635
19.6481
2.14136
11.7836
1.74552
12.9034
18.4802
13.0874
17.7694
11.4957
6.56796
19.5551
11.4241
4.10885
7.47638
4.01165
14.8987
11.055
0.507451
2.54761
0.275282
9.29179
19.4932
0.0129409
5.53909
6.34032
11.1831
15.2018
13.6
19.1083
9.51366
11.1804
11.142
17.8247
18.6486
2.51693
10.8416
2.38065
10.2081
5.64127
18.4565
15.18
8.20098
6.29421
5.39398
7.82284
10.7956
2.99191
9.86465
1.31801
14.14
11.6149
9.42411
11.4227
4.285
11.8463
11.8318
15.5226
1.2681
1.56421
2.6668
4.93556
0.998947
6.06674
13.5217
12.185
17.4608
6.22158
17.4622
15.7365
11.6678
9.4814
3.38836
6.05558
8.88595
16.1002
13.1623
19.7025
3.04763
16.5725
19.5621
3.99162
0.222457
7.81656
1.8506
13.1985
13.4456
3.4533
14.0857
7.39784
6.11014
13.9716
8.3525
14.7409
17.2979
4.17088
10.1879
17.1989
1.19148
3.01462
12.8408
13.1962
13.7393
19.8103
6.9915
18.7805
12.3887
6.33316
19.6684
14.2341
5.50391
0.60524
10.8047
5.89917
2.57342
9.26662
15.0517
6.92132
2.61139
9.42448
6.45751
10.9521
12.1241
17.3322
16.1364
3.90465
8.57659
3.68846
11.617
6.56583
8.26113
10.5755
4.08136
15.4478
9.69628
16.2862
9.31283
3.50698
2.46197
4.17519
9.37064
10.8167
11.7717
11.6084
12.7011
19.9554
9.43267
3.31639
17.8899
7.18547
5.41344
10.8603
13.0346
18.0729
10.5129
15.2845
14.6242
4.9055
15.6597
15.5118
18.9743
7.67831
19.3238
10.5983
3.09128
11.4733
9.13204
9.20493
17.7023
11.9353
12.4261
5.50656
6.42802
18.5902
1.3058
9.42408
13.3102
0.494216
5.32409
17.7872
13.5304
13.9364
2.78374
0.21348
15.0049
12.8527
16.3418
12.584
1.15337
0.782739
5.80344
10.9625
8.49146
3.21281
4.00168
13.5645
19.0549
14.857
19.9216
7.18023
10.14
5.41093
6.94579
13.989
2.48523
2.64642
0.0380656
1.96975
3.18566
15.3594
12.8296
11.0366
7.82648
9.93622
14.3498
0.61692
6.22658
13.9742
14.5665
14.9679
6.60652
13.7713
3.51787
9.63108
10.7178
9.72942
4.22687
9.91719
15.5316
5.11908
9.48047
0.137141
9.38772
10.3944
18.333
11.7547
10.4094
3.68035
10.0582
7.61126
6.63199
15.5983
19.5037
5.75664
3.08569
3.76465
3.61437
8.57954
3.51455
0.0508381
2.02809
4.77272
16.6739
10.8272
2.41609
13.3725
8.02555
15.1367
0.943373
18.1054
1.1807
0.253173
1.59242
19.2263
15.3172
11.4404
16.7885
19.7222
16.8301
6.00256
12.5756
3.05761
0.326156
3.20515
2.59141
15.4613
11.4299
7.10351
15.1493
18.3099
16.6353
8.43896
3.2976
9.8878
2.31776
12.0431
16.2862
6.3618
17.4755
4.90673
1.1707
1.31025
7.09254
13.8957
18.4149
15.6045
4.20358
7.33388
14.2582
3.63474
12.6869
2.05574
15.347
5.03349
16.297
19.9329
16.6382
7.85139
10.4086
7.18637
1.30094
10.9776
8.04946
1.23528
16.8536
0.127814
8.76938
9.48317
11.5944
11.4015
17.962
17.2067
19.4064
14.6475
5.35613
14.0504
5.23618
11.2392
12.7138
13.3997
0.787876
19.7511
8.5333
6.7336
14.8726
14.252
19.2819
2.0181
12.5954
12.7996
12.3259
10.5909
9.14816
3.23745
18.8242
16.4428
11.4037
12.9014
10.2315
0.0968268
8.81872
17.3463
4.6427
4.99276
1.10957
6.08141
16.6472
5.22209
6.29572
2.03703
18.6093
12.8819
6.03318
10.8491
19.6973
9.24911
7.62232
19.3237
12.9624
1.58776
16.4433
6.96922
8.3659
13.4237
8.05644
18.9375
3.16306
19.9703
7.36633
5.19293
18.5996
14.7779
12.1258
12.4564
13.7314
10.9286
6.52609
11.3133
9.61873
9.96517
8.2365
2.42671
13.3281
1.43758
18.4964
10.457
11.46
19.2261
15.2448
14.3867
10.5825
3.68344
7.08547
4.64514
10.4202
17.0048
9.52636
16.9655
2.46076
18.5131
1.1824
18.3356
8.69598
18.6485
7.00074
14.8919
6.5022
17.2087
19.7431
19.0013
16.0608
15.9212
19.9107
11.0808
10.1781
12.1504
2.26193
15.1611
14.6282
4.96747
10.1509
7.56593
3.1343
2.59944
3.20937
18.1632
1.65424
17.2245
10.3195
14.889
19.362
16.957
5.93435
0.520395
4.19287
5.38956
16.7056
12.252
11.9028
12.5453
12.7076
2.73252
11.0467
14.1619
0.357651
11.9079
6.52493
14.121
7.08725
13.5518
5.59068
16.5082
14.6532
9.86293
2.07394
3.42513
8.31663
16.6246
10.3028
3.76225
14.9553
3.46043
19.7711
3.00863
7.49281
11.2262
15.3964
1.99672
13.5273
1.0642
11.8925
19.2455
12.8679
17.4592
5.9591
0.280645
16.1447
18.9243
6.41181
19.5308
12.754
1.38944
0.228736
6.01853
11.6644
14.0005
16.0759
11.5913
19.7498
14.62
16.3452
5.33632
16.7367
9.7238
1.40819
13.0855
2.9186
15.5155
3.50226
0.836215
18.1758
14.5562
16.3852
7.80084
7.57351
2.50447
1.38382
16.5346
10.1842
0.575725
14.1969
3.28413
4.4385
16.5872
4.19042
4.61992
2.90239
11.5071
4.80045
0.819584
18.8367
7.91019
0.127854
16.1435
15.3091
1.46445
16.7365
12.1077
8.91891
13.8143
15.5176
18.8766
6.3596
3.95492
8.99171
14.4698
1.62107
13.213
13.6338
2.00643
0.922453
9.08448
4.72655
3.57728
17.0427
8.92898
16.2914
8.06905
0.673336
16.8567
10.8943
7.71456
19.3934
0.61445
6.59943
0.547101
2.10422
12.3623
18.5363
12.0833
8.76978
1.50664
4.41252
16.7745
13.3925
18.9378
6.6392
12.3994
13.8167
7.43196
0.508366
11.0841
7.32917
11.2303
17.4419
7.14593
17.2121
17.1513
12.5714
0.396137
19.6506
8.58139
17.4526
3.55327
18.9505
4.43742
16.5812
17.5305
1.93767
11.0477
10.14
8.18486
19.6878
12.5923
11.8287
16.1584
0.388256
17.6992
9.28035
13.9692
0.271868
18.8054
3.12646
2.09849
15.8072
13.7403
10.9355
16.2171
9.68085
8.65562
1.42031
3.79246
6.03505
16.603
17.957
19.4376
10.0408
2.95445
13.2514
11.7098
3.37034
16.2631
6.094
11.793
0.624633
8.46125
9.81247
13.0421
13.6901
1.08096
0.636497
5.19835
16.0275
11.4651
12.819
19.9731
17.898
18.7178
17.1126
18.8866
7.74882
19.5705
12.4762
5.40957
11.2447
9.24319
11.8991
1.27011
3.12546
17.7015
3.54022
1.39508
17.2318
13.4371
19.9573
5.20335
6.70753
4.88234
10.9433
14.0873
8.38824
16.3797
16.8177
11.5616
3.57284
15.4783
14.8708
12.613
9.63325
13.101
2.1698
8.0947
12.9258
12.3364
16.3336
0.986869
16.174
3.67514
13.4731
4.36683
13.4873
12.9307
11.7155
13.9963
5.04029
19.9472
8.48894
6.66422
12.9977
6.85352
11.2792
8.37882
11.0621
2.13352
13.8698
1.45776
17.1039
8.39504
2.93073
4.68268
4.59252
14.3304
7.43005
4.91852
5.85671
10.5587
0.265908
3.05941
10.2521
14.4886
13.2713
2.54203
17.1875
16.1283
11.8604
17.807
14.1576
3.4669
8.25254
16.4499
14.6554
17.9626
4.44046
6.90358
18.6495
5.52218
8.69068
4.54906
3.76337
2.32896
8.62069
14.7498
19.405
1.78455
8.12927
17.0772
15.1307
7.96255
4.9941
12.9987
3.40459
2.56317
19.1459
12.3127
18.4441
7.21057
6.09997
4.50086
16.1227
6.80412
4.08644
18.6242
13.8453
17.4241
16.1455
16.3329
14.2838
5.39872
15.1289
1.71799
13.2073
9.69442
15.9092
6.85425
16.7948
3.37213
16.0316
3.57074
6.3709
3.97544
6.62838
2.70441
19.6175
19.6513
16.2636
17.9312
17.6826
0.774326
5.47353
2.09037
8.11345
9.10753
3.71795
15.866
14.4567
12.8812
11.8914
0.306081
12.2539
14.42
4.69305
2.95183
7.23414
13.511
8.99209
7.70745
5.16341
14.6906
5.01025
4.83485
7.75421
8.62826
8.93829
7.43429
0.54435
1.72603
15.8576
18.4705
11.3315
18.001
13.9657
8.7428
9.56049
9.47418
19.2796
3.83411
13.5208
11.1151
0.627466
11.5005
10.1348
2.99129
0.584694
18.1598
16.6926
13.6273
4.83723
10.6034
12.4511
15.3537
5.1198
7.42125
10.2772
2.0632
19.0364
7.59741
2.22845
14.5124
6.09805
9.73471
10.9338
18.9546
7.25068
18.6519
2.67385
2.56215
0.100295
19.6658
15.6744
1.31775
9.98673
1.71179
3.19027
10.7276
6.16842
3.11011
18.8119
17.3085
18.2543
18.2233
14.7375
7.55274
5.20489
9.95984
16.4999
17.3125
2.49701
2.53203
14.2948
2.66872
9.0541
14.7904
10.6393
9.15627
8.05877
18.1433
14.9967
9.12216
2.85
5.96979
10.0259
10.6394
18.9841
14.0586
8.80843
7.72389
4.77512
4.97063
12.5041
3.04174
0.948986
15.1068
3.97622
9.00545
1.37167
14.5544
3.06722
15.412
7.98638
8.47654
12.6573
13.3637
13.9906
1.19416
4.90013
7.19262
10.8029
19.2824
6.14586
3.83261
8.07975
8.74077
8.66912
12.9959
6.03923
7.7435
11.0084
17.8695
1.80455
9.31303
11.7381
14.0454
4.73855
19.8106
9.90062
8.69813
1.03306
7.54267
18.4897
9.00193
0.271149
8.61285
11.7172
10.9289
1.98268
7.68835
5.77418
14.0482
2.10094
5.45919
4.37895
15.8688
8.03723
2.53796
9.91748
0.207417
18.0773
13.7103
2.61664
17.9972
11.3466
8.22016
14.6607
5.40495
15.5966
1.33216
4.50697
3.48832
7.56751
0.658217
8.90393
11.9373
10.3949
5.71782
3.3067
3.77691
9.23173
15.3671
4.10004
13.83
13.5643
0.537689
1.36391
3.96974
5.59087
3.99798
19.8391
3.38138
19.3927
2.3841
4.9298
8.29341
7.37591
5.43689
11.3753
17.5327
16.1201
3.14824
14.3925
4.67167
9.13286
19.9047
11.4938
9.00312
11.5321
12.4181
3.67496
0.971014
5.27766
17.4194
8.35131
3.41749
6.40309
18.2215
13.7629
7.5768
2.46805
4.62271
19.4967
3.26805
17.752
9.8218
18.4741
14.9682
7.27572
13.6881
17.79
19.4398
8.75013
6.64122
4.72616
10.5718
12.1718
19.7874
2.42017
7.21788
9.41667
6.66608
4.85716
16.634
6.27694
4.64907
0.769306
12.1936
12.8671
4.70029
1.41475
14.1024
1.0457
18.3806
18.2796
0.664456
18.8652
15.1966
3.85009
1.20232
16.9168
3.50442
11.7274
13.8368
5.81495
8.57376
2.1306
9.13689
18.8449
7.99945
6.5841
4.15063
15.4941
7.55821
15.3696
2.20682
8.7742
2.78786
1.43469
3.39666
2.6196
12.7178
9.87229
12.5358
10.9878
8.8783
7.5616
3.70437
14.1176
10.2909
13.5144
0.661324
5.37891
9.00797
11.4535
0.160427
15.6764
6.53589
9.98347
13.9541
11.9548
18.6327
3.58732
3.56205
13.2732
15.1274
5.49065
8.32015
16.5758
3.83219
10.7808
12.073
12.3553
19.9338
15.1541
6.83545
10.5862
10.11
15.4394
2.45983
5.43009
17.0825
18.8326
7.62634
8.22853
19.9622
6.92276
17.8912
17.6729
11.2922
3.86863
0.608102
3.61683
1.25558
7.32301
17.903
16.5348
11.795
17.7966
8.82937
12.4465
11.6123
0.583666
12.6001
11.263
16.4274
12.8694
12.2423
9.72426
5.27488
0.349368
10.2403
17.4673
16.2445
15.2536
3.87773
4.39488
8.48205
15.4711
8.93466
6.15863
11.056
15.4196
7.7384
5.5552
12.9369
4.31819
19.7907
0.285223
3.53987
4.52368
16.2359
11.0256
2.36117
17.4435
11.934
7.48374
3.93474
3.75115
16.2348
10.1673
10.2895
6.32801
3.89046
18.2845
14.9239
0.20216
14.2606
16.0339
9.44756
3.27295
14.3927
1.33156
7.74099
15.4645
3.85327
12.0106
0.879438
9.68988
2.56652
0.836429
13.3664
15.0182
19.8302
5.61341
13.3947
6.26714
12.8873
7.82022
19.3544
5.20874
14.0549
13.3497
2.03138
9.1264
12.5343
5.77677
7.5258
2.7094
16.4145
9.80585
7.12516
3.75352
19.4172
10.4819
14.1632
15.0288
18.4712
0.118285
11.6164
1.9941
0.331661
4.7585
19.3975
19.1299
17.7032
6.60179
13.4299
14.6937
3.95261
14.9344
19.3353
10.9482
5.90354
4.94074
19.1458
11.506
13.7337
17.8666
17.6113
6.28455
18.7689
14.6233
5.55894
14.8817
17.4421
16.1467
1.4828
15.8112
14.3658
0.681888
10.4955
17.5166
15.1752
13.3888
1.84654
0.29115
17.4263
16.7233
14.4858
17.5398
13.0611
4.7144
8.34237
12.1369
0.0186467
6.86026
14.7619
14.8572
2.15494
8.3816
19.8385
12.6316
18.1058
9.67823
14.9007
18.4416
1.12532
1.54985
8.39623
10.4225
2.48665
12.4324
5.90024
15.4676
18.2413
9.63446
0.763054
0.358982
10.6096
8.57563
15.0248
11.6201
13.796
3.13262
12.3257
0.85141
16.2091
16.8088
12.1098
3.38469
7.13229
16.186
13.849
3.73309
3.7387
3.04602
18.3419
0.955056
12.8546
4.81213
9.02172
18.2469
7.23276
19.4563
17.0133
19.4231
12.5927
1.56655
18.408
1.08056
9.74031
0.289977
1.9936
11.8677
0.881675
10.8745
8.68652
16.6563
8.09577
0.144493
0.361801
6.37532
17.5755
10.2665
4.95283
3.49005
3.77602
9.27689
2.08807
15.3031
9.83921
15.9445
9.59509
9.87822
13.9838
19.4038
16.1413
13.8393
7.71532
1.62546
0.187082
3.51518
18.509
8.78464
1.2332
12.2284
17.3529
18.8163
13.9492
6.98388
4.05262
7.47718
16.3092
18.2947
5.97318
8.73545
2.77105
13.6813
1.68813
5.31875
17.8001
15.5892
8.10085
1.83843
4.97343
1.65312
14.3394
2.07381
18.2463
1.92358
12.7945
16.5242
16.4942
10.1333
0.347361
18.0987
17.9323
0.33384
3.29745
10.9411
11.5599
11.0135
18.255
19.5635
13.9249
16.2487
17.8677
5.95026
7.90261
19.4444
0.817163
11.104
7.72642
0.387687
8.03071
9.78228
14.1357
15.721
17.3897
8.57486
16.0013
6.34177
8.55528
1.23027
9.56801
4.9388
14.2571
16.7154
5.21866
8.17563
5.33718
1.07737
1.93689
10.8163
5.11125
10.4455
5.93997
16.4173
11.0625
19.3947
6.90582
1.24812
7.09068
7.73142
15.0985
6.49129
5.34448
17.2673
9.8157
6.22445
5.46598
18.6364
4.17815
16.2367
1.29962
10.3155
19.5623
12.8692
13.4698
1.99135
12.9154
12.5039
17.2764
6.83643
12.2662
11.001
6.47323
11.7787
14.0617
11.4219
2.5538
8.28489
15.0804
11.0441
9.6063
1.01317
2.42552
19.4469
2.29012
18.6952
15.5703
6.36213
19.4887
16.1601
13.5697
13.7452
5.20167
17.6958
3.49185
17.7021
6.26864
11.176
10.0187
18.8003
19.4493
5.34579
2.17786
11.15
10.1238
0.160056
3.03618
5.20067
0.85344
10.1073
3.52803
1.96277
17.8609
8.83984
4.00639
2.88026
6.60275
13.2081
8.36871
14.7506
11.836
7.93636
5.64212
4.0427
17.1262
1.36077
14.0041
16.7254
1.34581
8.43045
16.3986
11.0588
7.94869
3.47024
19.9258
13.6799
12.7501
16.9709
13.7681
14.6248
6.21914
16.7095
0.734858
6.06528
3.9407
3.43295
10.5841
8.01572
4.85211
3.34067
13.3456
0.846505
12.3605
3.515
3.80736
4.45026
14.0337
17.0428
3.89304
19.3326
18.1744
0.115085
7.93629
0.7148
14.1442
12.7544
5.53955
8.09374
7.12696
14.0085
4.48529
0.449364
1.10841
14.9258
17.3864
9.40832
10.5964
8.24954
7.75183
19.38
15.6796
2.63757
7.34699
14.6787
0.838022
12.3791
16.7833
18.5795
11.9235
3.85595
5.51455
8.75059
12.3552
0.988804
0.47788
12.0798
11.3632
16.9183
11.1054
8.19423
0.344276
19.7305
18.8557
3.33729
1.18944
3.56064
4.42182
4.57464
6.08848
11.2674
0.776313
10.9072
14.8544
17.3938
10.7984
10.5291
8.8076
1.43733
9.57109
7.57747
4.06501
4.58628
5.46702
2.53161
18.0945
17.843
14.6673
7.34446
11.2485
18.2807
14.5438
7.135
6.21511
16.3149
9.72872
3.95947
10.8386
16.228
10.486
7.14043
3.1211
2.52912
4.48128
5.13856
1.64315
1.1987
16.4079
10.0836
14.2165
18.1435
4.97786
18.0994
16.5633
8.1132
12.1163
17.5219
10.1891
12.7427
11.6731
11.0111
14.4514
18.5207
2.74523
0.705138
5.4862
12.483
12.5622
13.4747
10.6299
13.5596
19.3335
6.85471
18.8749
9.90118
13.0773
16.2301
12.5071
18.4674
6.36471
13.255
3.5931
11.5278
8.14683
11.7936
8.79506
15.7849
9.82998
16.6276
10.7114
14.8396
14.7151
4.36242
4.31605
3.78668
3.04797
12.1201
7.90792
19.384
6.45192
8.38816
7.69442
15.8835
12.5634
11.3604
2.90272
19.2664
4.30742
3.94269
5.14349
1.51338
1.66837
0.921754
12.1134
16.6447
1.56615
7.37572
18.1676
13.9953
18.3335
14.6731
1.44639
9.11386
15.7847
10.7661
18.1131
0.459904
13.3462
10.435
4.50734
8.22898
8.58016
10.6928
8.39126
0.068347
7.61393
10.6716
1.17599
17.5513
7.09474
5.26036
0.781505
15.8064
10.2121
0.58167
6.11602
13.7273
6.88494
3.86328
10.5592
11.5663
4.68208
13.4419
12.6251
15.7221
8.89319
15.7615
10.4088
8.38125
16.1431
2.0733
7.12688
4.19403
18.7786
0.473704
14.8651
11.2904
2.53779
1.48516
18.829
2.49216
19.8003
7.9372
14.9893
6.80389
4.78295
13.2696
10.2658
2.77935
19.3827
15.1921
15.2149
0.680138
2.68674
14.8199
9.6779
18.2173
1.22339
16.8175
19.3901
18.4271
19.445
6.80602
10.3612
13.2524
19.822
12.7167
11.3698
11.4443
15.6045
11.9138
7.4455
5.41649
17.3024
3.60608
12.7326
18.805
8.16194
15.3171
6.66694
5.92342
10.5152
0.557606
6.06899
15.4728
17.1816
15.5104
8.63709
8.97092
19.4034
17.7447
15.6691
15.6436
4.95229
1.704
3.1766
5.05916
15.8643
3.62049
7.31384
17.3037
10.6695
15.5017
1.8699
18.8719
13.049
1.50772
15.9907
7.64038
18.7028
4.9439
15.9286
18.5928
12.5458
0.668014
10.2437
9.28396
15.9293
8.53982
6.60543
2.98769
11.085
5.61898
19.0774
6.74358
19.2158
13.9757
14.6035
18.2464
10.723
7.73043
15.2403
18.8425
15.8576
18.4141
6.54779
0.76159
14.4115
1.29246
11.2273
18.9837
0.0736054
4.74002
4.49065
18.5515
8.10439
15.6097
4.33199
14.0156
9.88051
2.0491
1.88736
18.1504
4.57586
9.53415
16.5339
0.190605
13.9818
1.72386
3.04968
15.3319
1.18698
9.94102
11.299
2.38678
9.87177
10.0165
15.3878
6.71181
4.81207
13.8092
18.3684
15.4071
17.8166
18.0423
9.18675
4.24956
15.4251
19.8049
5.00894
7.87816
6.55302
18.0757
13.2937
17.0817
10.7066
4.75033
7.99492
8.96405
5.83589
14.0791
15.2729
17.2645
3.65937
12.9819
7.43979
16.501
2.42619
15.9525
15.1733
18.9759
0.507745
3.30852
18.9117
1.48154
13.6135
9.0531
19.5859
17.9799
0.701608
19.7094
1.43751
12.302
18.5294
3.97224
14.1694
6.50095
15.3739
11.2091
16.1728
5.05789
2.92127
2.39021
14.7501
7.77852
12.2133
8.23851
16.4085
8.08885
1.03985
16.3659
13.6081
15.2715
8.86221
15.8282
5.22621
7.87811
19.433
0.991693
2.29969
10.0194
1.62341
14.0646
11.4998
0.438846
16.7178
14.997
14.4141
5.60448
0.235098
16.2544
7.23059
18.3285
13.4727
6.05974
18.8976
2.65883
18.513
8.80953
13.2466
11.1556
11.4141
0.939847
5.71182
3.7879
0.46037
16.8784
8.85817
9.86325
19.1852
7.79086
