15.374
0.547186
19.1861
7.29716
18.4469
8.32735
18.2157
3.73529
15.9956
1.73607
14.4869
11.1239
6.10206
14.1111
8.0471
6.30657
9.73614
14.1522
17.2892
15.3883
9.56381
13.5285
0.679422
11.1307
9.82975
0.433966
1.70735
1.37832
6.50995
0.925823
8.85408
9.27053
0.0363453
18.614
3.26486
3.68321
17.7132
0.892833
15.995
8.836
12.2669
1.60354
13.2842
13.4229
8.05499
19.3105
2.86023
1.85639
6.19574
8.14841
3.79009
13.5191
11.3908
14.1294
14.3567
11.7594
12.5459
16.605
5.84404
10.5913
5.46873
4.65674
5.84566
10.0521
8.86298
4.69312
13.7871
12.3723
10.4598
18.9823
15.8365
18.5789
16.9435
2.06256
5.93541
16.8635
16.1164
19.0163
19.7549
12.9059
19.9127
13.5693
19.666
3.06832
19.6883
19.6942
9.39448
1.69679
14.7062
12.9525
1.85287
10.7934
9.27169
1.57686
17.3608
16.2284
8.13259
14.2474
10.974
8.87713
8.37263
9.04145
18.4256
13.7893
10.7614
14.636
14.7378
6.84359
0.738771
18.9748
16.5571
10.0583
16.2568
4.81358
0.717979
14.0113
13.5947
4.02563
0.413166
15.3879
0.706753
0.810755
13.3495
12.0505
6.13251
4.6459
12.1619
2.33589
12.3163
8.5309
1.4376
1.28669
16.9244
14.3453
6.69995
7.85944
7.85901
13.6111
18.9953
3.07353
14.1267
19.7557
14.8082
3.81909
7.96908
3.90495
7.7764
11.7591
19.9837
12.8825
17.9562
10.9327
6.02392
5.52297
7.14364
7.52262
16.6627
10.6921
11.4973
16.6811
16.4201
10.0459
0.327221
0.412979
13.9124
2.44116
19.6217
5.3819
4.80119
13.8248
4.5829
5.64349
4.6497
15.3903
15.3686
16.873
11.5499
5.38835
10.5708
12.4082
8.78819
16.0498
15.6948
2.83437
0.207096
0.0309
16.8448
17.1046
12.6514
19.2802
4.44706
12.8163
16.7205
6.47514
14.3142
11.2342
19.6069
7.19927
11.4976
3.11093
10.5439
12.6143
12.1393
5.0113
18.0713
2.24397
3.16865
18.2966
13.388
13.8737
13.9559
1.76961
2.7183
14.1702
18.3794
2.79673
15.1709
16.0152
3.35521
6.6065
4.2073
2.5078
18.8919
5.71912
16.8725
15.0535
17.0199
3.42958
12.4281
8.11973
13.6235
19.1167
7.19635
17.8356
19.6328
18.4636
6.30648
17.4509
13.259
14.1217
1.0107
10.7044
15.3076
8.8445
19.0892
12.825
16.3631
11.2822
0.559021
9.88298
5.20262
5.54243
15.1153
12.183
8.36201
2.5797
3.85995
0.817682
4.71821
10.5686
10.3592
12.0384
11.7624
11.3404
3.93407
19.8521
6.98942
13.5799
5.78636
16.4297
14.5173
19.5582
8.87684
9.42472
10.5948
7.22281
13.024
13.3014
0.258482
15.6788
9.5785
12.0812
14.9709
7.60332
17.4596
5.63245
9.52766
8.02906
9.13492
0.456788
13.9765
19.8481
9.92216
14.6872
11.6513
7.37738
3.07451
0.660623
8.65174
4.4893
16.3743
1.36929
8.98149
3.06209
4.00694
8.09293
11.5233
9.41668
14.9799
3.56535
1.36372
16.3569
10.3379
10.2792
3.64053
15.4717
2.39717
13.0597
5.7898
5.41491
0.312287
18.0822
19.0082
5.99181
8.50351
5.75934
11.6618
19.0706
7.24951
9.53592
0.572126
15.186
1.49184
17.4826
4.55761
15.5316
6.51294
10.298
10.4651
9.58991
4.9611
16.0257
17.1015
1.90128
8.98379
1.96858
7.55813
6.2065
1.17702
19.6998
14.7477
4.8842
9.00654
13.2573
9.08375
14.9474
6.57584
2.9643
7.79471
15.2726
17.412
15.4306
2.50076
11.2641
17.735
15.0957
15.248
5.88482
8.93089
18.0253
13.0713
8.95304
4.04849
8.175
4.85162
0.0956129
8.01789
1.22592
6.80481
3.9523
0.962789
16.3375
12.0238
10.6119
14.0546
19.2465
11.091
16.2911
11.1777
16.4522
13.0239
5.26611
14.4361
9.31655
9.80761
15.877
9.23329
1.16519
14.2555
2.33394
7.37232
2.32071
9.66258
9.27986
12.5041
4.78391
10.2947
18.9967
15.0047
15.2592
5.55577
1.68281
15.8108
4.59283
16.9124
1.78873
1.45789
5.40641
6.71129
4.10685
19.7848
4.22427
5.31868
10.418
7.91125
9.46301
14.0862
10.6791
5.47254
12.1772
17.0099
10.2003
6.48778
4.41283
1.45918
16.5982
16.1047
5.52659
18.5892
7.69661
8.01293
4.02174
3.15518
12.932
17.3277
18.7448
7.12269
18.944
1.87871
3.54506
7.0623
8.9415
1.18725
3.06576
3.42617
19.4965
2.08137
10.6196
11.5269
19.3345
19.5643
1.7532
1.5575
6.66953
4.02354
7.56729
12.1919
17.844
2.83903
8.89923
13.6203
7.77977
7.89496
8.7384
15.3709
0.949061
15.7262
11.3298
1.97592
12.7727
17.127
17.6533
9.58776
17.6262
4.75921
12.4465
19.2446
12.0656
12.0543
5.69989
5.57341
11.9899
2.90523
11.9226
9.43024
5.05011
18.0528
3.46497
17.8068
19.5344
19.3834
19.4459
9.55104
18.3774
8.02504
7.89013
3.17664
16.0666
9.14549
15.847
12.9692
11.976
10.1635
2.78652
19.1318
2.30797
11.2445
6.56639
11.8799
9.13337
10.6182
15.3005
4.30218
10.5325
2.91832
1.38373
0.0405096
17.3697
12.0307
11.2142
17.4032
8.6742
13.0398
2.19826
0.910384
11.5187
2.86384
6.26914
4.59568
18.7526
13.3673
1.93359
2.10334
13.469
17.4322
13.554
17.6811
0.700578
7.27325
16.4368
7.86503
1.51349
7.83513
2.5001
12.2579
8.63354
2.82736
19.0574
6.77661
13.7764
18.5862
0.923668
16.5063
15.1354
11.9593
18.0499
0.967658
5.30472
19.0943
9.95262
19.5615
9.96546
16.8692
1.8162
9.46572
10.9798
9.54513
0.740391
7.08359
18.728
17.8695
19.0305
4.54928
13.7102
6.70412
9.18252
7.45634
11.1261
11.2795
3.79278
8.501
4.28659
0.951652
3.06521
10.1259
17.2705
7.23577
11.1144
2.02885
13.2369
3.59141
17.7912
4.60704
10.1339
5.17814
11.8084
15.5704
6.21691
4.76622
11.0763
5.21786
4.80058
5.44643
0.62934
6.19418
14.4022
3.30505
18.2121
15.9469
10.1165
16.6631
17.277
4.97062
0.683762
11.9461
6.26236
15.7933
0.879527
11.301
5.7098
13.7538
0.394551
16.5428
18.2381
16.3755
8.31613
15.6661
4.53016
7.16336
2.32552
17.898
0.359604
17.1506
16.9383
4.78667
15.9679
10.2886
8.85646
15.1425
5.16639
16.1936
19.128
11.7497
4.68733
11.1177
9.94814
1.27635
19.8223
3.0939
13.0697
18.2779
13.2025
10.9306
2.29147
8.19928
6.31364
1.32525
15.1976
16.7747
2.42543
13.9807
15.0093
19.0265
16.4804
7.48219
19.1764
18.7369
3.79846
13.1704
7.73973
15.4806
10.3179
5.83445
12.1092
16.3079
17.9815
16.9839
8.90627
3.60661
7.8596
9.93564
0.690694
1.63268
3.77693
15.9058
16.5349
9.61845
3.39617
8.8459
13.1785
4.25821
17.8788
4.49499
13.8557
10.2915
8.07004
10.1936
10.811
9.1366
5.6086
16.8421
1.37028
10.3284
5.52213
7.11278
8.34427
8.09301
6.56426
8.01756
1.76303
12.1006
4.68056
14.7117
7.07507
18.4509
1.29591
5.10353
1.48697
6.18045
1.59542
9.42379
6.57143
11.0114
6.72624
19.1675
14.9289
13.8524
1.43708
15.5377
9.12386
14.9998
0.942861
8.55839
16.8324
18.2609
15.9951
15.3685
18.8775
19.7571
16.9701
7.69702
14.2972
11.4383
1.47748
14.8676
11.4139
1.07478
1.21855
4.89891
3.33085
3.03465
3.73687
1.14613
13.1598
0.692258
5.62211
6.36818
14.9949
15.5158
6.65882
16.2082
5.18066
13.9891
11.075
11.0736
15.0624
15.0666
11.3425
13.1673
8.89143
9.47608
17.0426
17.0371
9.81138
12.4719
7.42798
0.399855
9.81085
6.21797
1.96419
16.3757
15.2134
17.0322
5.85875
2.87776
7.78966
4.68846
1.51133
7.99624
2.79534
3.98836
19.4494
8.9593
12.7793
7.35716
2.67163
11.8961
6.37246
13.4795
17.0057
4.63506
10.4476
3.05544
10.8718
3.10723
7.80757
13.8839
16.3027
8.23799
8.68411
17.2611
11.2007
13.1649
2.94584
19.315
15.5283
19.0347
0.78959
10.3073
18.0363
3.57921
6.9444
14.4806
16.4778
1.66162
13.941
10.1171
14.417
13.343
12.0964
5.05038
16.4008
19.7703
8.30504
13.7982
15.5398
15.2947
4.76725
10.5058
6.01668
17.3851
1.23245
3.04088
8.14406
0.149856
14.8348
3.4848
11.3354
7.32634
19.5223
3.66003
0.640037
17.6374
18.6765
6.69876
15.914
14.8519
4.37395
15.1616
2.10054
17.2659
1.23988
6.13559
1.55571
9.31587
7.12687
7.35815
4.32367
19.5499
9.11652
0.344457
17.838
17.9973
10.2499
4.61826
13.6144
3.22185
18.7253
17.7851
18.8947
19.4732
13.2631
7.28882
8.07964
5.74761
10.9212
7.23984
6.36792
7.86973
9.50671
15.1244
14.6466
3.97508
6.25721
13.9209
13.7449
14.8276
2.75605
14.6932
0.75397
3.82211
4.63304
14.5797
17.3202
2.47837
18.4535
11.5994
8.48992
13.1285
8.85572
12.8129
5.67098
11.5409
8.8649
13.4001
0.533857
3.99889
11.1686
10.5424
9.03437
4.39493
12.9956
17.2122
5.24475
18.2629
15.8054
17.6384
7.71231
19.9936
11.2962
8.46602
4.61341
13.5904
13.6194
16.8585
3.97452
4.65203
13.4809
19.5178
8.15869
2.15827
7.96453
11.9741
18.0929
16.5253
4.94048
1.31706
13.0059
9.98546
10.46
11.7156
9.60705
16.5772
9.07821
10.3719
9.13566
16.5858
17.7488
4.70964
0.941815
18.8897
12.5457
9.89191
2.97174
10.8887
0.0570361
8.90481
13.0302
15.3468
18.3794
16.5306
6.52822
1.39491
6.98195
16.4284
19.4183
8.24772
1.57698
0.904227
17.9733
1.62968
17.0817
9.15518
4.40069
2.54078
1.45021
0.708501
4.79695
17.7909
10.4426
16.9071
12.7208
5.37578
16.9189
2.59838
16.0218
14.2211
16.342
16.8414
13.4184
10.3987
7.7188
5.74119
16.0228
15.2335
5.00413
8.77397
1.42956
1.97656
19.2564
2.00326
0.579576
19.6698
16.362
18.1582
15.6823
5.85662
14.1199
0.542749
5.52607
15.2622
0.149577
7.17466
6.41877
8.0979
6.152
17.2307
16.0637
2.64355
7.7556
16.3399
17.0611
5.75564
12.5448
10.8162
13.8407
14.3809
16.9789
11.0548
13.3914
4.73952
9.16745
3.07766
5.57011
8.70184
17.8155
9.91981
1.67636
17.3651
5.14628
19.1808
19.0692
1.20025
10.0775
0.674671
3.02932
17.2963
9.7647
15.5261
9.10657
17.3824
11.5296
11.9435
17.4398
3.8652
5.54655
15.6312
5.84198
15.4593
14.3372
19.8481
15.5147
0.115272
14.6301
8.98792
14.6055
17.4685
11.5521
13.4231
11.1314
5.66886
18.7035
4.09378
5.89573
16.7939
14.8374
7.58997
9.86357
4.74135
18.1173
10.4087
8.10972
7.3701
15.7364
7.24104
16.7108
5.41044
18.8274
17.5772
17.4365
13.5154
12.8003
1.71495
17.7798
6.37268
2.4449
4.08321
8.33368
9.38161
2.10697
13.8185
9.38977
3.60587
10.147
2.91135
1.19063
9.48791
4.29522
6.50901
15.787
2.41584
4.22659
7.09305
12.3822
9.77557
18.9376
13.1623
18.7186
2.90921
10.9875
17.8621
3.23546
12.6031
15.6006
17.3285
9.86525
12.8762
9.75334
13.1578
7.86413
0.867277
17.8458
10.6346
2.09684
12.6479
15.2724
7.82666
15.7418
5.00316
9.2804
12.542
3.23958
17.247
13.049
2.13234
11.4635
4.52887
1.21206
1.74317
17.7555
17.8178
7.25843
10.5722
2.26815
5.46323
15.8841
7.41685
8.39175
10.4564
10.0462
3.24151
12.3166
1.88142
17.369
4.54794
19.2871
10.5147
12.3632
3.42233
17.5586
0.201011
12.2496
17.5507
11.4322
13.9402
2.50215
1.13471
11.9752
6.69505
19.1876
6.70417
4.6174
5.09489
2.27268
11.0891
8.98272
6.92549
18.7761
8.36949
15.3544
11.7319
14.5491
15.6861
3.57344
1.58441
17.2103
3.86118
5.80815
18.701
11.56
14.5515
8.9174
7.62974
11.5541
13.7995
15.3809
8.3868
14.3913
2.97991
12.8892
15.0425
11.9062
13.9451
9.3824
18.6633
10.2273
10.8556
11.4883
2.94566
7.60564
18.0812
0.327684
17.6867
1.56582
6.3881
15.8998
10.2987
19.9478
14.4724
11.9046
5.6196
12.6485
0.898133
13.795
9.48986
13.1066
4.26572
17.1
1.51228
4.80338
3.42386
16.107
2.28297
18.9472
18.7175
17.5946
13.57
1.92205
15.7017
10.4603
17.418
15.0331
1.31138
6.15336
9.32877
3.11584
18.3478
0.219577
1.34641
19.0615
10.5039
2.91506
9.84669
7.6742
13.729
16.3206
19.6956
6.94845
7.50974
16.8909
13.0384
12.7737
15.947
10.4693
14.2989
11.6471
12.4298
11.8396
0.71494
15.8897
10.1808
19.2058
6.10945
0.300976
16.7078
1.14506
8.96764
13.8467
10.781
3.41277
4.17865
17.9795
6.1784
4.77631
13.1516
5.89258
17.5241
11.8847
18.733
0.498966
3.93785
17.1987
8.19797
12.1173
9.54989
19.3516
0.256708
9.27471
3.18214
4.49342
0.550092
1.98224
7.01245
14.3858
3.31304
8.97625
12.7503
9.98077
0.497914
5.49438
12.8457
15.2136
9.65822
9.17019
18.2757
16.2474
13.5312
6.59137
14.7273
5.11799
14.4935
16.5873
2.96172
17.9968
19.8569
6.31488
11.6629
15.3273
12.8183
2.31128
19.234
19.5552
9.37628
18.801
18.6505
11.4034
18.8586
1.38814
10.7152
16.123
1.15695
9.99947
8.4591
6.82523
17.915
18.3121
5.65808
14.3796
17.2606
9.92041
17.2654
9.10888
0.227312
13.7586
15.8177
19.7999
0.623465
3.51568
18.2006
7.23303
13.8745
18.4916
14.6754
8.71244
17.744
6.25082
18.6529
8.78126
0.471132
5.0378
13.4031
3.34782
18.0395
8.41098
3.29192
2.99774
5.12612
8.91365
11.7795
12.609
5.67066
2.01344
16.796
16.001
16.5148
3.3028
2.42033
3.74118
10.1525
19.468
13.5624
14.1252
1.27767
15.0158
5.43303
14.7196
10.6671
4.34978
2.58479
5.75802
16.1833
5.3071
15.4551
18.2458
10.9369
9.60058
13.7822
5.21337
1.30089
15.1751
19.2958
13.8491
0.823242
18.5043
2.59472
3.27001
5.79617
6.77278
14.0664
7.22925
17.8598
1.89848
19.9595
5.33148
2.81316
4.19076
11.8141
1.28483
0.0638145
0.821931
10.0348
19.5522
5.58369
6.17671
16.6324
18.8121
3.55748
3.62547
3.2186
5.97286
1.60233
13.9753
16.6577
11.8211
12.4335
17.9783
2.03853
16.2942
7.13867
18.2461
12.0224
3.7271
9.54207
15.3313
0.23786
9.08919
19.9792
9.12361
12.1643
9.32447
14.3831
1.03667
10.9879
0.876893
6.43735
2.64946
1.52836
9.62151
10.2685
15.8175
18.3836
9.52599
3.89955
2.55545
19.908
18.6641
4.76123
8.31893
4.97222
7.65677
2.60353
6.09141
12.8384
5.8869
12.5706
9.4252
5.64513
1.42815
12.2317
3.46101
4.99186
16.9234
6.12967
14.8098
6.15789
10.9783
0.751627
17.2418
13.8096
19.8896
8.49333
2.42263
6.02868
12.6848
1.56431
5.09655
4.43875
3.98642
6.40624
19.0013
8.54467
2.05362
11.1232
15.6825
17.618
5.04884
16.1978
2.05775
1.48531
3.60091
0.620467
10.4034
9.20192
19.855
1.63216
0.804326
6.16011
19.7366
8.04319
9.13279
2.90722
10.8043
17.4921
11.8476
17.7277
13.5369
0.658512
7.48719
14.4521
17.2484
19.1576
18.0814
4.66732
15.8597
9.42261
16.8129
1.133
5.97347
14.1139
5.0218
5.50582
8.99355
17.6828
1.19132
1.02541
11.3584
4.58818
1.32286
0.803858
17.7387
4.33211
10.5975
0.787955
13.598
4.68325
4.9394
14.3654
5.38348
11.0224
8.25859
14.1219
18.8354
2.97552
6.90696
7.89749
9.52805
12.4596
7.62922
3.74394
5.03693
2.53423
3.71943
12.3902
2.94236
7.536
0.755672
18.2707
10.8335
0.442653
19.2581
8.06336
18.3817
4.4236
12.5599
4.35085
18.2864
19.188
12.1096
5.82568
7.66086
12.6286
11.7516
16.1067
17.8114
5.73103
19.1575
15.153
17.0876
15.9006
1.52481
17.1279
15.7962
11.5528
1.93066
7.62809
19.727
17.1751
11.7655
12.6056
9.5649
10.1474
7.79761
9.39644
8.92973
18.3204
5.01422
2.5749
8.81331
18.613
14.7834
1.71741
7.21996
15.3904
9.55599
1.47481
11.3934
3.41449
0.251608
13.2199
14.5637
15.2689
12.9475
12.3379
14.7184
15.7716
3.60871
6.1312
19.469
2.96943
6.74526
6.80941
19.5752
7.86212
15.9901
4.4549
5.23846
15.1309
3.84715
14.3302
3.08117
4.13484
3.92333
18.7237
19.9007
3.77791
14.6462
2.12553
10.1249
15.0995
18.181
6.91192
11.4894
17.2707
12.5086
5.14995
11.7077
0.804394
7.39336
16.5042
9.65341
10.8865
15.7127
18.3696
10.0642
8.48755
7.50227
5.45759
11.6404
16.3569
6.30217
7.63114
2.81633
13.6604
0.0787382
5.30308
16.7459
2.73738
14.39
15.7957
5.23433
5.55206
11.7214
2.36261
11.7259
10.2618
5.57549
2.78885
16.5913
1.46264
16.9711
0.523539
9.38979
0.846792
19.0996
15.2712
16.6651
8.51909
15.3088
7.82155
4.00475
4.7599
19.9722
4.5957
7.25796
12.3714
8.95137
8.98393
19.0586
3.46974
13.8228
3.17703
6.05578
8.03798
9.81884
8.42172
6.55779
11.9809
9.65054
4.25774
5.84121
17.268
7.00129
1.82234
0.117522
9.67561
9.71165
7.10997
19.7408
3.42
10.9196
15.9722
11.0588
1.14679
10.0441
18.4803
4.6617
7.52342
1.41166
5.7534
4.11986
8.53642
0.809939
9.08372
0.124372
19.8693
7.00473
5.2556
18.318
4.15322
0.592234
3.14064
0.168465
14.9868
4.8949
2.90615
1.45742
16.5902
6.24091
0.565927
1.44392
14.1454
11.8666
4.81647
2.74688
9.86922
8.11622
7.99038
6.01033
1.49515
15.2804
5.80296
10.6304
17.0272
18.8596
4.05058
19.1891
16.0899
16.2004
16.9339
2.90375
3.87654
4.83319
15.8813
10.4231
1.90289
12.6966
13.4893
1.73285
8.93614
1.38511
8.87236
1.58796
11.7384
10.9932
8.9229
13.0563
8.34989
12.1772
1.58631
8.4457
1.87306
12.3701
1.20653
16.4523
6.23992
4.83027
18.7914
10.0996
16.5011
16.874
14.2435
14.3466
4.39637
14.943
11.2094
13.6752
6.64731
16.368
2.31569
8.91529
19.9313
1.98331
2.99609
1.70931
5.44199
13.5249
7.82475
0.582107
3.59938
3.49166
16.9868
4.05237
4.27359
5.69779
13.149
0.868079
1.19836
7.58461
15.4302
17.1918
0.833279
12.7895
6.2821
6.96846
15.2886
7.76686
1.51927
16.9048
11.9067
8.14544
4.67648
9.41211
1.41018
19.9371
11.438
10.9454
10.6127
18.1788
17.9135
17.2728
2.3399
2.85091
14.2576
14.7304
9.63886
7.83949
12.9812
7.08102
0.791536
10.9848
16.2881
6.4967
4.27424
11.0743
14.0017
9.64113
4.34457
0.662257
17.6742
7.09319
19.7804
13.4644
18.3134
8.97855
16.4014
11.7262
13.486
17.8219
19.8217
7.26528
1.59465
0.737854
8.4005
7.20475
11.9858
11.9785
8.48559
9.39819
18.1216
13.0713
4.99044
19.7633
16.1579
9.61875
12.0569
2.35783
8.34766
12.547
3.89761
4.41637
15.9756
9.51518
15.5293
10.2764
10.462
13.1694
0.781653
19.6517
8.98382
8.10269
17.8063
3.19936
6.49482
7.41273
0.409419
13.3878
16.8224
3.83192
5.3823
1.46165
9.40838
16.6664
4.87523
9.20169
2.36219
16.2286
17.3986
13.2328
12.4145
16.4801
10.6668
11.5745
2.9261
14.1028
3.31518
2.6634
3.74747
5.62069
9.77351
6.12154
2.53719
5.23857
12.1864
19.5471
0.826353
16.8756
4.13001
18.7199
10.6497
1.28176
18.6883
0.269637
13.5768
4.91661
1.68761
8.46829
0.716715
5.39084
8.36266
14.0404
16.1941
13.366
9.32706
10.2209
12.3432
13.5925
5.4544
6.0587
1.45799
5.49015
0.625039
1.38675
11.31
15.4933
5.15488
15.2724
13.1765
18.9859
11.3464
17.0702
14.985
8.1641
15.3422
6.7127
15.8855
10.6261
18.6041
0.83548
2.51722
6.21282
15.3552
7.43602
7.8846
2.75845
1.07827
6.58036
17.7683
5.01926
13.3864
7.39035
0.0768233
15.1542
8.62192
14.0018
6.91343
5.40598
10.6596
2.99019
7.75622
11.3282
1.52093
4.76591
11.0192
12.0783
7.29666
18.8295
16.4112
13.6883
4.44221
0.897828
2.54697
11.1316
14.7903
17.2973
3.89389
3.67147
17.2698
3.82732
15.801
11.477
13.8324
1.90238
11.9747
3.00691
17.8237
5.87621
17.7369
4.19139
18.8378
5.64289
16.9603
3.76965
2.93987
9.73973
17.9022
14.7702
3.24173
16.323
0.267166
9.56498
6.59768
4.20981
11.7637
12.5661
6.21382
5.06769
11.2048
3.43435
13.3183
9.92672
2.09963
11.4257
10.5393
6.41926
7.92142
5.06269
0.693632
9.21962
19.8527
1.3781
2.31855
0.243299
2.45468
15.0691
2.15053
10.7134
4.24705
6.49594
14.0416
10.1631
1.34037
3.66469
12.0282
7.0729
15.1942
15.2585
7.43458
3.98402
18.4433
0.641599
8.23676
19.9106
5.69399
2.2977
18.1973
9.37418
18.4089
5.39246
12.3844
6.17355
19.6876
1.11051
11.3974
7.55711
2.13026
3.12094
16.2809
18.1032
11.0776
6.73454
13.551
6.57729
19.7035
19.8023
3.05105
4.23368
3.09468
6.78434
5.66404
1.36514
1.5492
17.6999
12.9226
8.83244
0.244384
14.6093
3.12655
12.6314
0.365738
9.47856
11.871
14.2703
0.669615
5.6478
15.7127
8.52749
11.5834
3.71917
19.8829
13.1713
5.87189
13.8489
4.25541
12.3272
5.52056
9.12794
0.650289
7.18297
2.951
16.1318
1.61673
8.97706
1.47199
10.6365
4.18046
9.78692
19.8842
19.42
10.0631
6.57255
12.7186
16.7247
16.3486
1.86805
7.55554
1.49207
15.3314
14.2695
2.041
19.8093
5.62936
15.1123
12.797
10.6549
16.4975
12.4666
5.97086
0.156167
13.4924
0.237491
10.2723
3.34065
7.46211
12.9624
16.9702
15.4523
3.16911
5.31315
11.2159
9.11856
3.34965
15.9337
8.12567
16.0389
10.5597
16.212
12.3427
5.9233
0.0774404
8.54223
10.9799
13.1958
15.8493
13.7853
2.55872
5.06559
5.34122
4.83349
11.1334
1.09103
17.1296
17.838
4.22154
0.719297
0.512811
5.1077
0.41369
11.8167
9.05061
2.94886
12.9863
16.5366
14.5725
6.98789
14.5862
8.17605
10.2508
17.1655
14.0245
15.8443
19.6491
16.9728
15.2128
19.0217
15.3084
8.3581
19.3427
2.12265
15.3655
8.74143
10.16
19.5625
9.18475
5.36304
13.0439
8.14302
14.6501
0.189008
6.40946
13.4946
10.0979
17.3579
18.9813
17.9136
1.43185
2.86812
12.7136
16.2693
17.3331
0.986924
11.1125
7.24288
2.27671
12.4811
6.66332
0.42332
13.1706
16.8925
3.17175
9.84667
10.8696
14.4229
5.7863
12.8617
0.631254
6.16688
1.67757
1.0922
0.597114
3.8775
9.9776
10.1003
9.10086
11.2934
13.7484
14.077
15.1953
9.25617
12.5845
18.232
10.2202
14.0108
19.8757
15.5079
4.59387
5.53199
0.716313
2.16859
3.42648
9.41617
3.96998
8.81222
9.47528
6.48165
2.71157
14.0214
6.01217
7.33922
18.5042
16.9533
4.40586
3.60614
1.06285
5.77592
13.0621
19.0729
8.12608
2.00778
10.8305
12.7718
8.41772
11.5801
15.3163
8.8992
5.81409
8.20031
9.25029
19.9644
1.43445
3.45112
0.827476
12.6968
2.78104
16.3736
19.8928
3.20475
13.5287
11.0468
7.65286
9.08641
18.5593
10.0292
9.07683
6.70573
7.97499
11.0471
11.2124
12.5749
17.1345
0.739719
13.306
1.89555
8.23523
17.1422
11.8805
9.96752
8.38369
4.09639
4.32709
11.1573
10.7551
0.713966
1.1082
6.13021
7.62053
17.7184
0.912937
7.88748
13.6269
4.82302
15.2365
7.6262
4.70514
12.1991
5.66924
5.95503
16.5916
10.2077
7.09159
14.0263
7.2603
19.869
4.30264
19.1478
16.0301
19.0702
16.5407
10.1129
11.5779
19.2862
6.55579
11.3712
11.8913
5.73589
0.856977
17.4698
1.53572
8.12507
4.14265
0.859278
16.7859
15.5584
15.2823
15.5879
7.09188
5.79443
3.41344
8.84216
18.8903
15.5359
6.03417
19.9996
14.6189
4.45308
6.82851
7.76997
0.305403
5.41743
8.15509
19.1274
7.03827
2.614
2.47738
8.14979
3.38631
6.7547
10.5938
18.5493
12.039
12.1229
6.56162
17.6576
10.9515
13.7133
16.7796
12.3948
12.0081
5.29796
3.43511
17.8929
13.0676
0.0542515
15.1091
19.9229
8.04092
13.6096
11.7829
7.57855
17.0239
17.1544
7.90644
13.9086
5.83362
6.50527
13.7866
19.8275
11.2716
2.56562
8.9759
13.1368
1.72471
11.7935
4.20456
6.64496
11.7568
18.5717
19.1308
1.69514
7.1571
17.2216
8.76285
2.61879
16.0205
2.24258
13.6798
11.0148
4.43685
1.40819
13.1298
6.81657
13.0808
8.17681
10.3792
0.759666
3.25753
4.16134
12.2496
2.30031
1.72216
1.14208
5.45266
7.16317
10.5222
16.9083
4.58515
7.11033
16.294
19.606
10.8001
3.27929
10.0379
1.85009
12.6267
13.7141
7.34896
16.5656
1.59548
13.8043
15.1491
9.71803
5.45937
15.6264
15.8659
10.4692
17.7377
10.6699
17.4575
14.1733
18.2787
5.57263
15.2941
17.6823
13.1977
18.2933
3.56676
17.2119
19.0252
2.6998
13.9978
19.8885
12.0191
8.54072
10.0622
17.7101
0.0764126
16.3067
10.1532
4.26726
18.4472
0.910182
4.63772
10.96
9.52811
6.3593
18.5809
5.00091
18.9789
7.74707
10.2082
3.76252
0.412013
17.2225
12.4211
6.11367
1.60682
2.31335
11.4653
19.8996
3.35839
8.70561
15.2538
16.411
13.8274
15.4403
18.2013
14.0944
4.90167
11.0664
18.4066
8.25193
7.86788
4.88196
1.81858
10.2944
1.25252
4.64838
15.4078
17.6738
16.1648
8.49894
3.93562
14.3941
9.64945
6.61675
15.1044
1.98068
17.2085
17.4095
14.2344
5.57036
19.9513
2.14199
19.8259
8.30245
6.87679
5.46633
17.4042
1.97687
18.3292
17.1595
19.1021
9.2741
9.77454
13.9226
3.60423
8.45115
15.6414
5.97326
3.48493
17.8476
5.8813
6.15271
17.2153
3.65523
16.8444
19.2561
8.89933
1.76978
8.89604
14.1516
5.85971
11.5132
5.5052
13.827
18.4495
8.31664
11.8651
3.51506
13.9667
12.2956
3.56952
14.3369
16.142
17.8832
2.5692
0.869686
6.65069
7.24349
10.4168
15.255
16.3083
4.32427
19.6956
6.05697
19.6629
6.03363
14.8847
19.9283
6.09365
11.0559
8.8895
0.629682
14.4028
19.0797
18.2906
11.3179
14.3185
16.671
4.20352
15.4273
17.1113
15.3281
7.56743
12.5726
9.92359
13.3456
16.2893
1.83206
15.6056
18.6103
14.1316
12.596
10.5382
18.9364
2.91935
16.7284
12.2069
19.2986
16.1404
13.3043
1.11365
4.93484
0.688602
19.222
8.5464
1.09615
18.5526
7.13502
17.9736
17.4052
0.693065
17.1645
2.69495
4.35696
14.4835
9.76552
13.9182
2.75829
9.33942
12.2845
9.42146
11.6763
13.6675
13.5335
17.9984
15.5979
11.3688
6.18047
12.9973
18.5608
0.554561
1.99632
11.2729
5.63675
7.57545
16.3737
17.6003
15.2882
7.06931
8.35178
19.2592
6.61144
18.7157
10.7691
5.78252
19.0714
4.18878
18.5317
18.9288
9.19602
1.70035
2.49882
0.56096
18.9463
7.60164
7.90011
3.78692
2.02821
6.10405
1.7241
9.06392
2.23973
14.0599
1.16512
3.6198
1.2093
7.84556
4.50143
13.4378
2.32144
11.4593
12.6003
5.90653
2.46542
14.8123
15.122
16.4686
6.13195
12.7683
11.0191
4.502
0.491242
18.2871
13.3414
17.3411
19.0613
10.12
8.39396
7.00984
19.1801
14.9142
13.0607
16.7097
2.71453
7.73495
11.1031
2.53534
19.0964
17.3757
10.5853
15.3495
14.9758
11.7589
5.01735
3.97506
9.51451
11.9984
13.4549
13.679
12.4535
1.33083
12.7752
7.61269
13.8528
17.0676
14.7372
11.8066
15.5203
9.74082
14.4106
9.78261
2.3162
16.7627
16.3123
18.6211
15.6308
14.4898
18.2774
13.7233
13.3503
12.7055
17.4707
15.1845
5.54062
19.5514
5.7004
15.7766
12.9522
7.16483
14.1888
2.55695
2.26125
8.15461
19.8992
7.3708
5.46812
5.43098
18.2756
16.6516
17.0951
4.07514
6.40514
17.471
13.0084
6.57446
15.8798
10.6952
19.8978
1.97148
8.78043
14.3918
12.9464
19.1152
15.644
16.9476
1.61894
15.2933
12.4731
10.8661
0.80476
12.5421
2.20878
7.13271
15.4218
16.3885
16.7946
7.12079
15.841
4.46344
7.8632
1.12902
0.892919
16.1992
8.3751
19.9069
17.1345
16.7196
16.3081
9.65974
12.3081
1.851
11.8955
1.0266
8.50456
10.8251
5.05135
6.72598
2.28929
11.6081
11.4487
7.40806
2.7677
8.36478
3.14855
19.3703
6.16448
16.2451
4.25574
14.3822
12.2152
17.9508
14.8253
10.2154
19.5505
6.32931
19.8102
9.49149
4.571
13.2167
2.49713
4.15098
11.4226
11.5413
18.7925
3.48139
8.05899
10.4688
2.70096
2.95032
6.944
16.6027
14.6019
4.63947
12.6797
15.744
0.0558549
1.46029
10.4905
1.28824
9.06596
18.5092
2.87905
1.25609
14.2941
18.3584
2.35294
14.9134
11.5809
12.2824
3.0042
0.312224
16.5139
9.98684
3.34523
12.092
6.49802
1.18137
11.2255
5.7332
3.99544
1.69456
16.0457
2.12246
15.919
9.26544
11.9434
3.2032
10.0254
3.57899
1.98856
10.9054
15.955
5.98225
9.26361
9.41096
10.7212
9.43689
13.194
14.442
15.0503
16.0645
1.37008
17.7481
9.34652
1.02567
8.42002
14.7626
15.4994
4.29915
2.60959
19.4949
1.35297
1.85327
0.23004
8.38708
19.674
1.15061
16.7479
5.06056
6.80472
5.77229
19.1905
7.92431
3.37144
15.6785
11.902
6.14737
16.9632
18.8516
7.93441
11.0601
0.300609
6.03071
19.0605
7.55155
15.5225
4.53257
17.3707
0.554085
14.3042
1.34444
7.75341
15.6393
7.84436
11.3798
9.36809
6.93348
9.98085
2.27556
17.2992
3.91499
16.1048
15.012
8.12027
16.3533
3.85429
18.9283
17.2088
4.41032
13.5816
14.8623
13.5936
6.38358
15.0802
19.1541
3.30758
2.79891
16.8898
10.9143
3.65156
1.51446
8.79923
15.6594
7.72408
12.6602
9.48559
16.7658
18.4706
10.3958
11.6059
12.8121
0.155112
13.5244
4.63837
3.64648
6.42315
12.6212
16.8285
18.484
2.63146
16.1844
4.39038
17.7544
16.783
0.538832
2.30162
1.80277
14.7286
1.68135
10.7542
14.7631
11.9048
17.9486
19.6235
4.84964
16.7602
5.86588
12.5026
1.92318
10.8032
17.5735
0.346335
17.7891
5.10287
16.1462
7.73369
19.3445
4.43286
6.56071
17.0387
10.9694
15.9513
6.24616
17.5843
19.3846
7.31722
3.42909
3.29272
6.8168
2.80537
2.81459
1.4181
0.584185
2.82757
15.6712
11.8539
5.87542
11.9616
14.4003
5.55578
2.03038
18.5376
0.801796
11.8866
7.33176
8.20447
3.9494
9.54203
6.4415
7.11973
10.86
18.2041
0.29122
10.8107
9.54679
6.143
5.74793
1.4147
8.33657
6.3434
14.4009
0.612982
19.9261
16.5586
9.30602
4.61243
1.1103
5.4887
17.5423
13.8557
2.98218
16.2075
15.8503
4.89166
9.07381
18.0312
8.86239
4.37697
8.22352
6.9786
18.242
4.14355
0.00740369
18.6909
7.23096
18.895
3.8648
1.192
17.7602
7.14836
13.8597
8.11035
0.128245
6.06473
10.8418
2.03866
2.82753
19.4844
2.84399
9.47034
2.32242
2.16278
6.56883
19.7185
8.44842
2.97393
13.0257
2.84744
8.04892
11.4653
8.80949
2.3154
9.55017
4.46871
3.5828
4.43884
4.76798
6.42696
9.63467
19.5994
0.633017
5.12674
6.56995
8.49835
19.4059
5.77939
6.14403
0.0122405
4.30752
8.06738
3.63633
6.30197
8.93694
7.71936
12.0995
18.6837
5.64409
18.0855
17.172
7.66479
18.9366
6.00835
7.16807
12.3596
5.21239
6.87685
8.19183
2.31349
13.7968
8.32792
3.70662
2.5072
3.35877
2.34553
0.474104
6.43585
12.5144
15.203
3.35529
6.75401
15.6997
15.0422
10.4678
4.89605
10.5065
18.5228
3.37382
11.8835
1.32069
12.3036
2.69094
3.29031
3.24866
2.64446
11.0109
7.21554
7.0656
4.84499
2.52646
5.39408
2.85319
14.2904
0.771663
7.06396
1.55011
3.54063
0.920155
2.49185
0.0868129
3.6998
11.5214
13.5712
2.17246
7.24879
9.41742
3.60565
1.83521
17.2096
9.73393
9.17361
5.18672
17.491
11.9279
0.112074
15.4875
13.2354
6.41036
15.539
19.1709
11.8088
19.786
13.8534
17.2231
9.8529
6.67722
0.589858
8.58263
3.36879
16.2002
18.5917
7.59555
18.0656
4.30616
5.29868
7.0624
15.0182
0.746645
13.8624
13.7226
15.314
6.27244
2.70481
4.57043
19.3004
8.96967
14.391
1.64102
9.22466
12.3383
3.60309
0.643655
8.74443
0.294135
15.4148
16.7959
5.36134
19.7093
1.72206
18.0217
15.0057
7.11542
13.5589
7.78892
18.7327
15.9691
1.87351
8.23177
16.894
0.376677
8.39634
18.397
7.44299
17.166
16.4407
9.20115
7.0224
14.8746
0.860681
4.24493
8.03789
11.5093
12.9003
1.10556
3.06634
0.475235
12.2945
0.602996
15.0987
2.06421
0.564354
9.58579
10.7492
18.1975
0.926777
17.2265
0.909645
19.0581
7.63888
19.8039
2.90909
12.4673
3.78966
2.43642
2.76175
7.51243
19.1164
7.31384
15.7975
6.46846
17.8781
0.605034
5.17607
11.4211
10.6278
0.934961
14.0812
16.4348
19.7596
8.49166
18.7475
15.9032
13.4981
8.66832
3.69322
3.40329
16.9803
1.21217
5.73033
4.49132
12.5436
17.5773
1.10123
13.1802
8.01034
2.08871
3.42253
8.31815
17.2504
11.4101
14.548
6.63427
5.2097
15.6554
3.23787
17.6878
4.01336
6.57986
0.0235457
3.99236
6.93832
16.6027
19.4597
19.5559
17.9197
13.3095
16.2733
1.08526
10.3213
3.70906
12.6374
17.8042
11.3866
5.84903
13.7135
4.02976
13.6837
3.27126
17.5537
3.93811
11.7046
13.5028
19.7924
13.2393
11.9028
16.3509
2.80858
19.4851
7.67775
11.9307
2.64364
2.70782
3.99156
1.46242
19.2263
4.15039
5.5955
5.20415
16.9241
8.53236
11.8105
14.8848
2.14906
13.8415
9.70242
4.96973
16.6309
14.174
17.827
10.3918
19.2202
8.41716
17.3621
14.1086
8.81845
7.93696
4.3635
17.7881
9.79638
17.2767
7.41025
5.5215
16.1239
14.7969
18.2555
5.31682
4.5182
9.01885
15.6642
12.2622
6.69674
3.54599
1.43705
19.8901
16.44
14.9054
3.21101
9.34919
16.8013
5.09241
15.0763
6.71808
16.3767
0.684468
18.9369
15.363
5.41556
2.31062
10.3531
3.7944
10.7844
0.246546
9.29194
10.7197
3.45217
12.3349
8.69771
9.88918
5.90763
2.1444
0.937213
16.1378
4.24748
8.53546
7.35253
5.44685
16.0014
17.7445
0.55538
9.04385
18.2422
11.6074
9.9448
10.9485
4.58061
6.16314
12.8348
7.55568
5.79961
11.7578
18.8568
5.5491
17.9022
10.8787
9.75646
2.65413
16.5225
6.23813
15.2044
4.20078
19.3116
13.2512
7.05528
13.904
4.70865
4.75345
12.5528
0.95272
3.04888
2.66459
9.854
17.3784
12.0927
5.61777
12.2359
16.9931
8.51896
1.21863
1.83952
16.2955
18.8636
19.3777
12.2205
7.38982
7.74343
12.782
11.9745
9.1993
14.5488
11.8557
5.27317
18.1586
4.29098
14.028
5.38761
4.75829
7.46641
5.366
16.0083
8.36666
15.2071
7.34341
9.6458
10.4563
3.76971
6.40719
13.6476
19.8652
10.7497
3.03141
16.1434
0.89952
7.16812
10.223
6.63824
1.35382
5.39638
2.54218
5.01122
5.3105
13.1519
1.95026
1.78533
12.9882
0.115944
16.9327
15.5784
5.93427
8.94774
13.542
14.1867
5.88335
19.9303
9.55678
0.805222
8.61442
5.00641
14.5852
0.26117
2.93684
18.949
10.0977
7.00986
7.08505
3.4122
19.4252
10.6414
15.6554
7.59946
14.4428
14.554
9.80838
12.6818
1.90993
9.96888
9.31003
7.06632
17.5713
10.2925
9.87669
7.78241
6.24141
1.90763
17.638
4.62484
19.8782
13.4472
17.7322
4.215
4.43461
16.0424
4.55455
7.1874
8.29076
17.5745
7.96271
9.44334
1.76259
9.11536
7.12863
10.5626
4.51681
15.8921
15.8587
17.5621
4.18551
5.37769
1.14294
14.5061
14.9493
3.84009
12.0587
13.1053
14.7955
10.0132
2.85117
16.2065
11.4862
13.3766
11.7042
12.5755
9.73078
10.466
4.6459
7.32231
6.24879
12.8426
0.280737
12.2421
16.8754
17.3635
15.7249
19.318
3.84902
1.43759
5.82702
13.6047
8.78706
11.5089
12.5706
16.7369
8.84546
15.2575
13.4031
9.44802
10.0523
8.16027
6.57661
15.4107
19.5325
0.256032
19.8822
10.3839
15.6641
14.9037
6.86891
0.929731
19.2242
18.4605
4.36677
11.1157
14.747
0.835567
19.711
5.72942
1.36751
19.5256
15.6193
12.6144
18.5558
4.92308
1.16215
10.5118
16.2317
9.85304
17.4308
7.88668
11.8986
3.46802
8.41194
11.8268
7.0148
1.3935
6.36223
1.21034
11.511
17.211
18.4872
7.75954
4.05007
6.85294
15.6731
9.5442
14.6409
3.62447
14.5078
0.472931
5.21268
16.7311
5.06511
4.28322
1.42055
16.3527
1.39261
11.3956
1.9613
7.47703
15.5865
9.70553
1.98262
12.6317
14.2799
11.237
4.34726
15.3245
12.5663
7.00244
18.7649
13.6799
0.81604
5.44151
14.4466
12.7464
14.4694
1.56875
0.703403
13.5031
18.7109
12.7777
17.9324
15.5192
19.4677
16.6699
7.79208
8.17731
12.6001
0.116684
18.2674
7.23751
8.3067
15.643
16.7898
3.34712
11.1892
10.6303
15.6168
17.583
2.17777
17.7756
18.2379
6.27669
6.22078
17.0214
9.69314
10.9539
1.7656
13.6436
5.0935
3.07393
12.9365
10.5857
11.4606
10.6468
2.93821
5.15599
15.6616
17.949
2.46687
0.498193
19.7155
7.23896
4.06786
4.73457
0.640105
6.89819
3.56769
7.23622
11.4627
10.6904
12.9638
10.9851
2.41573
15.3163
5.45244
17.8226
4.05591
19.1633
13.3833
18.4036
16.4831
3.10551
11.3195
16.9045
9.14111
17.3619
1.36306
15.1074
0.789747
12.0722
5.78319
6.36229
5.47964
18.4419
15.8629
15.2395
18.8448
3.87551
4.78421
0.825084
10.6731
9.20628
0.59184
9.38085
18.714
3.52167
6.76672
16.8113
7.84387
2.99468
5.66648
17.4584
9.23478
8.97026
16.1816
1.5723
8.7868
9.58912
18.98
13.5845
9.11265
1.75173
14.6732
17.8427
17.842
3.55483
0.385605
6.42154
13.7877
2.50255
18.5219
2.08041
0.731489
1.95654
12.5371
11.8032
3.86413
18.6356
0.99994
3.86854
13.8835
16.8417
11.8158
10.1675
5.9606
14.8217
8.58546
10.8002
10.5256
6.66124
17.1556
2.39224
18.3757
13.7519
19.7669
2.05894
13.4742
13.0202
4.64429
0.761445
16.6729
14.7603
12.4606
13.2857
18.5252
9.48759
1.15675
13.1561
7.29343
8.46065
0.852814
19.4376
11.8977
15.5092
10.4465
0.429385
12.9613
14.012
15.084
12.0773
14.6193
19.0539
19.1689
6.50246
0.219261
18.0677
13.3797
2.56216
13.3731
7.36293
13.772
16.9642
0.921653
19.6273
1.08086
0.652251
6.97589
18.3652
14.8147
9.45128
6.97477
4.01411
9.05065
5.51349
14.7601
4.14218
15.3395
17.4105
11.7331
19.7016
15.2254
12.4489
18.1459
11.5498
0.979554
7.34314
9.45678
3.74109
2.42818
2.88979
11.8548
4.58898
0.544682
13.3657
5.40662
12.9683
8.43406
5.95971
14.7044
19.2763
18.7319
9.1526
13.731
2.292
0.56994
13.8818
7.18146
10.3489
10.2855
18.0449
15.1514
4.97325
2.24779
19.7826
7.02561
19.534
5.38232
1.52025
1.73454
19.9258
3.06726
10.6068
1.0936
19.0585
1.1095
5.00301
6.57721
14.526
18.6261
7.75669
14.3122
1.32752
7.46506
6.72424
7.48498
13.1684
15.7092
7.59976
16.9771
0.803819
12.6704
6.82756
14.4803
9.20703
12.6978
13.3481
17.213
14.0208
1.73793
6.83773
10.7901
1.74092
15.548
1.5383
3.78686
9.853
3.30436
0.216158
19.8588
10.2402
1.72067
17.551
9.07757
10.4398
2.43239
3.52152
11.0623
15.9878
16.4727
16.5218
19.7076
16.6501
2.53729
14.158
13.0829
12.6754
1.86991
14.6526
1.47047
15.7646
2.23434
8.02675
3.80527
18.4334
18.417
0.952945
15.7177
9.38901
10.3963
17.8067
15.8658
8.50967
13.7614
15.5931
8.27209
7.75693
11.3068
12.4285
0.55183
9.25576
10.7954
10.4517
12.9883
1.12664
2.80764
8.13968
5.49739
9.00488
6.55015
16.946
16.9919
7.43993
7.32111
15.3152
14.5896
1.31679
5.78151
0.887295
13.9961
16.4779
17.9059
12.3027
19.6873
17.9478
16.2293
5.68229
11.0972
5.32163
5.26328
1.54354
8.14751
18.2536
3.21988
7.23309
13.7559
11.3643
8.58881
15.435
15.2354
14.3717
17.8897
4.62941
18.1603
12.056
14.5437
8.29951
1.60398
9.89223
9.67268
8.4209
2.60181
19.655
0.117127
19.9971
8.78689
15.7214
13.9404
17.56
17.2533
19.5911
0.141239
7.51773
19.8567
13.0161
5.73406
6.70883
11.9657
13.1916
1.34749
0.855944
19.9512
8.91697
5.27954
4.63142
16.3797
13.4992
2.69459
3.94485
6.11166
14.5806
12.1143
4.40965
11.589
12.4552
6.04392
17.5939
10.6038
5.32006
3.32392
16.428
4.85621
16.4388
4.90607
19.8743
3.36268
13.0794
16.6664
1.80868
16.5835
7.6295
13.8925
19.5037
19.6774
18.8566
18.1199
19.0317
7.88788
13.0229
9.16848
8.41816
16.2479
2.26824
8.5331
10.689
10.4689
14.0949
3.51634
7.96707
7.13181
2.20945
6.42455
2.47536
9.44233
7.20008
5.66098
10.1019
13.9412
19.5047
8.38036
17.6706
0.398747
12.3093
8.89679
7.61617
4.43873
12.6415
18.2723
9.45885
17.7653
19.4792
12.3339
6.83392
14.6067
14.4912
3.24082
13.4736
15.2389
18.3274
16.3859
1.53311
15.5317
19.531
7.45175
10.7243
12.1987
4.16264
2.54149
10.3185
14.1711
15.3798
13.6715
1.29101
9.33427
7.21738
4.9291
0.981961
19.4755
15.1216
3.33255
16.4162
11.2133
1.51422
4.69216
5.15972
14.7259
5.77309
1.12912
6.75247
7.75836
0.146744
6.66171
6.93618
16.6784
2.25025
9.33235
4.44464
16.1345
18.6827
15.956
16.3797
12.2882
8.78897
12.9987
19.7406
4.38262
19.2826
11.3756
6.85887
2.45122
9.7238
1.93736
9.09903
11.2797
5.58623
13.6093
4.48153
10.8436
8.04134
7.26114
16.9347
11.5053
12.2355
6.74909
12.8309
16.7461
11.383
3.23737
15.9196
12.4403
8.69567
12.1752
15.964
2.7409
10.96
11.8497
5.63313
6.395
6.45547
0.178492
6.81754
1.52663
11.1881
4.72631
3.1074
0.166379
16.5713
0.300387
13.3594
4.91204
9.07494
1.33562
0.694545
12.2129
16.0679
8.71209
12.3249
5.90613
10.3674
3.64561
14.9067
14.1938
7.41066
12.5147
18.1178
14.6968
14.7979
19.8846
1.71628
3.88359
17.3212
15.2902
4.53299
14.8171
14.3704
11.2897
9.42162
16.1053
19.1703
5.42783
18.468
15.1162
7.63157
2.6882
10.7795
8.08879
14.221
0.772118
0.45984
9.49924
2.91202
2.96644
2.78331
15.8527
15.5039
15.7678
19.3783
2.66304
19.4217
17.387
0.100203
8.8039
2.82692
19.0523
10.4126
13.4243
6.83836
9.67704
12.9709
11.0544
16.2728
13.6589
7.96287
14.6405
7.79192
2.14356
12.6299
12.0373
10.6026
7.76996
12.9963
19.9851
17.9535
0.0654391
10.9462
18.2158
9.98849
16.7202
3.33137
16.3997
18.4337
9.68129
11.2419
15.4119
11.7368
10.2169
6.52221
9.07457
14.2829
16.3592
12.6784
7.97903
4.35416
7.98806
2.62703
2.46327
7.18338
15.7591
5.50093
4.68067
8.30737
16.4629
6.15733
13.7057
13.9642
9.99447
17.4399
0.73791
11.9243
8.34956
2.14236
6.63705
2.28466
11.2989
2.62702
7.74123
19.6415
11.2313
9.94547
2.87907
18.6286
17.8025
1.28856
15.7098
5.76638
16.6218
19.5748
8.91694
19.3719
6.00348
11.3519
4.73063
2.20914
3.2358
9.81856
13.0355
4.63678
17.6908
7.91923
12.2418
5.19037
7.02297
2.27284
18.3542
14.834
12.7371
11.2245
1.11568
18.3213
2.15789
16.9984
4.51432
15.9972
0.583003
17.4644
2.52089
1.25557
1.52937
12.5457
9.47488
4.78808
0.903367
9.41737
7.53536
12.8864
5.06878
7.4678
1.99752
8.07917
14.5945
18.4882
4.64886
15.7014
12.8013
7.4957
4.2707
1.88162
15.8167
4.11739
1.35569
16.1283
15.225
15.6476
9.85471
18.9282
12.2772
6.97536
15.8099
9.56277
16.2717
1.22913
0.361679
3.59168
8.2268
7.48413
16.1734
5.1663
16.4539
17.6166
6.43437
14.5124
1.26026
6.16504
9.23545
6.78204
12.4088
7.71759
6.65717
18.1778
6.45157
16.3277
8.88742
9.97299
1.04191
3.16066
0.706006
2.35369
16.9648
2.30199
3.547
11.1746
0.497587
1.73948
8.77898
9.35176
8.55941
11.7597
11.2146
16.321
10.411
4.61843
14.1822
0.870662
3.8316
7.52234
8.11804
1.94829
10.333
17.0371
18.323
1.78947
9.06196
19.3738
18.7188
10.1676
5.15077
12.4845
14.4832
9.11928
0.154094
10.0521
2.1204
14.3388
19.7162
7.59329
2.34752
10.6554
9.58681
15.3144
11.4957
8.62079
12.5664
1.81105
7.63368
6.68487
0.646608
13.7437
6.90138
6.73504
8.12913
9.16513
6.3584
19.3957
3.20561
4.85047
5.3537
1.52194
8.96375
0.245578
17.8513
11.9264
16.2248
12.4592
16.2874
6.61934
8.82394
0.0840574
19.6744
5.52004
18.4049
6.7396
7.04603
19.1646
1.4998
3.17523
4.34766
17.3014
19.1245
8.79094
5.15578
12.6438
6.46653
19.2972
8.5876
19.5908
13.5909
1.51796
5.4583
10.0879
11.1955
0.942576
19.69
14.4662
5.05377
13.3721
10.0358
3.20674
13.5168
16.6653
15.3062
1.47494
14.46
8.14039
19.5403
9.84682
18.3773
2.4143
9.83526
2.22081
19.8957
6.5057
10.8405
10.888
2.10685
11.3286
6.68301
9.02631
7.60487
0.675385
6.72503
8.94069
1.98086
16.0078
19.4351
12.8001
4.48033
15.5898
12.7852
7.09543
13.8742
8.96226
13.6469
5.91063
17.4414
0.0626805
4.77434
19.5062
2.11375
9.88267
18.3401
14.4704
1.39164
1.6491
11.5082
17.8405
1.98489
14.9038
1.92476
16.9806
14.4598
6.81104
6.7071
15.923
0.772378
13.7707
11.8237
11.2968
8.46987
0.181074
0.0627219
16.1699
2.39055
0.12516
6.46211
19.8061
14.4975
1.13203
6.73575
4.22226
1.56996
19.9265
14.6008
2.95063
12.1037
1.50276
2.08428
6.56017
8.64505
18.2735
1.4055
0.585531
17.0161
3.88063
15.6166
5.01223
4.44519
3.7974
6.51029
12.5178
0.332284
6.71925
7.16235
9.45385
15.6207
1.02955
5.65046
5.24273
12.854
9.75264
8.06076
3.71323
8.49213
16.14
7.36932
11.8229
2.94579
1.09056
9.67179
2.37177
13.8463
13.3169
2.07763
14.4708
12.5804
13.0609
17.9374
9.86316
9.81566
12.9298
11.8833
1.51867
14.4735
14.0198
7.47265
17.2344
12.8656
4.57904
5.02713
13.9511
0.0778037
14.4953
5.98608
11.762
10.153
17.9868
18.5573
7.86484
4.5827
13.483
8.94172
0.486722
11.1616
15.5469
15.399
12.8433
9.3835
1.89237
13.8645
5.19118
1.60134
10.8507
11.5416
12.4894
18.3256
9.68488
11.8466
10.6912
7.33446
16.1241
5.44792
6.23075
10.2584
9.1449
12.8649
19.9362
19.6318
16.123
11.9774
1.44657
7.6709
13.5949
18.8182
5.08308
12.6962
18.2562
18.2907
4.82158
10.9652
4.16535
9.58677
9.80884
18.4964
17.0095
16.3352
15.2587
9.04357
5.82688
15.9203
4.96114
1.23921
19.9021
16.6376
4.19003
12.4659
3.75426
12.1663
18.324
4.10497
1.84714
9.70687
13.3725
5.94772
17.3362
12.0573
16.4834
0.857263
12.6677
9.62782
15.3685
10.9409
1.41089
10.7283
3.57022
7.61585
8.63123
0.840844
17.3208
15.1347
16.3303
2.09033
7.40914
2.25496
13.709
17.023
7.77518
4.76962
19.9827
16.7711
19.0715
2.63185
10.3334
16.8651
0.704278
3.51516
0.417223
13.109
1.91452
7.92052
1.67585
0.0519393
9.20338
4.42792
1.02154
4.86543
8.98893
15.377
19.757
14.0851
5.81639
14.4321
3.54515
17.9364
1.76082
14.6277
0.551295
2.47451
8.43284
3.28421
0.984503
5.25652
7.65797
7.79809
4.1863
11.2339
14.3092
6.12731
13.5121
19.4736
13.7839
4.93093
15.8972
18.3784
0.683683
14.9865
16.5912
1.19215
4.6075
16.9162
2.17816
13.0893
15.3031
9.42018
2.23963
15.1304
16.7661
10.4028
14.6533
18.5319
18.5547
0.564598
4.99351
5.58844
17.1261
2.14135
12.6209
2.83614
1.25776
8.29904
15.3608
2.86883
12.4278
3.51086
6.4046
4.64283
7.99758
12.3206
0.526346
9.27967
13.6283
18.9238
2.71929
2.09044
19.0996
14.5126
7.52582
16.2375
2.84538
9.15439
16.7078
16.8749
17.568
7.51348
15.1774
19.5886
8.91123
17.9734
10.5731
16.9606
3.15678
0.21251
1.6348
14.5534
5.28217
18.3918
6.4123
8.61581
0.0220714
2.62893
7.68626
0.263875
14.6514
8.95721
12.1278
18.4557
4.05162
13.8119
8.38096
14.1241
13.4781
19.9936
14.435
15.0453
3.22944
19.2646
2.50596
18.3611
2.35427
1.84565
3.4328
18.2615
0.877006
16.3319
14.0847
1.13662
3.80259
3.95028
10.3621
15.8875
6.89035
1.6182
7.71481
14.9331
7.98994
3.39116
8.39282
9.47847
11.7002
5.22355
13.8599
11.4415
12.1717
10.2379
18.3647
11.2109
18.1426
3.64186
18.739
8.51748
3.79413
7.12919
11.846
6.44017
12.8172
12.3308
17.0052
15.2911
6.78328
4.54632
15.3306
0.583296
10.4683
18.9017
0.584987
13.4002
13.1933
3.04761
17.8934
8.87801
17.7443
11.6153
11.7836
10.0297
4.25
14.3319
4.33949
9.58238
14.7822
10.3439
5.56372
18.329
10.0391
3.60221
12.2158
14.8344
10.9568
9.74374
13.8889
1.29269
15.8203
8.8991
3.65961
5.32571
17.1708
11.6153
5.9369
17.5371
2.08156
12.5585
8.15985
19.7524
10.3437
17.8822
0.49085
11.7676
12.4011
14.799
12.6807
5.41577
11.9376
18.4793
14.8025
11.9939
7.47183
5.52599
19.9836
12.6918
6.32061
1.65332
10.0989
15.8073
15.3262
19.9759
18.8005
18.5573
12.7583
4.22995
17.8117
19.8616
7.00134
0.516528
19.8342
4.89299
17.2113
10.0624
19.4107
14.865
3.16077
3.15184
3.24684
12.2869
11.0873
9.5631
14.2857
2.29508
8.68356
4.52997
17.5529
12.1562
1.32817
0.2162
13.0431
17.5604
3.20982
14.7435
1.35735
1.6575
16.9882
17.3089
10.6009
16.4061
17.6332
13.5956
1.4733
0.524785
4.00479
16.6777
18.2787
1.00986
8.91961
17.7062
10.8573
16.69
9.98356
7.5541
16.4633
12.2594
1.35471
4.34475
15.877
3.26974
2.39504
14.5111
0.20289
8.89236
6.79949
3.4894
1.83221
2.27838
5.25403
14.5131
8.57622
2.61546
13.264
2.43025
1.42847
8.5096
3.2769
14.965
6.59735
4.0929
1.77659
10.3984
8.25944
1.87321
9.37849
0.384503
8.52877
12.2133
5.1268
18.2504
14.3211
10.6399
8.75365
13.4731
8.01973
3.8429
2.84825
3.87104
19.2819
11.5852
15.1894
9.20165
4.78898
0.555871
1.60186
7.96013
2.91616
13.2517
16.1671
5.20976
2.68929
18.185
3.44389
4.52362
16.6017
1.30511
6.55546
2.45599
8.78663
18.2101
19.0194
10.6269
13.8222
16.4851
7.43258
7.70466
1.86275
11.238
13.494
8.54037
15.04
12.4717
7.62519
3.26591
0.795344
15.4403
14.7043
8.33426
12.0455
12.3403
12.789
6.58877
16.6845
13.9902
9.12852
11.2951
8.3894
9.85717
5.00305
1.59183
19.0026
14.0797
11.402
5.26137
1.58509
1.94568
2.70243
16.2842
16.2023
14.8464
18.8292
13.8662
3.55634
2.48742
5.61859
5.18118
3.57737
8.19452
11.6182
14.5626
5.74507
7.1043
15.3837
1.08213
13.7939
8.35312
16.6647
10.2117
8.56278
8.71813
10.6332
10.469
19.151
3.93076
5.48199
18.4238
1.41921
15.1114
3.10462
15.4381
0.376895
1.93067
3.17562
19.2877
12.9945
13.6548
7.79124
7.88828
8.19496
6.76704
19.8547
19.5553
4.73631
16.9144
12.0838
16.3329
17.92
12.3351
4.76695
8.23894
9.13897
18.2607
10.6631
7.17856
6.38397
14.8039
17.1619
11.9174
18.0225
13.7826
10.5529
2.08489
16.3115
16.0358
6.84713
10.4461
9.87162
18.7925
15.0565
0.574095
13.8354
4.21598
14.8419
13.2586
2.3285
13.885
15.8089
11.9371
15.6636
15.3777
12.6062
3.59481
13.6415
6.3575
10.4576
18.5058
10.768
5.62099
3.47614
19.433
3.0325
1.57949
3.7061
11.0799
1.26339
17.425
6.23203
3.29086
2.8476
15.092
17.94
12.5604
12.323
5.77412
16.6709
17.648
13.3858
15.9103
7.20353
6.84014
2.44952
17.7373
12.0994
14.8524
16.0489
11.2965
2.07655
6.32697
11.5156
18.4539
6.38018
19.8856
19.4868
6.21831
6.47575
10.2972
1.58075
6.39395
7.56789
10.192
17.5048
4.7931
11.5416
15.1837
6.64749
19.6641
13.8734
5.73945
11.9106
5.13123
19.8986
15.7897
3.31315
9.53107
13.0246
13.1137
14.1162
4.09974
12.5216
3.93599
8.13978
9.45135
17.3014
5.56461
1.67825
12.614
12.8065
0.584872
16.3344
8.60432
1.4598
0.862016
17.0369
11.147
3.34682
14.0128
4.09402
9.50023
1.21672
15.5679
5.81376
13.4887
10.7735
6.37489
18.591
7.33448
17.9486
17.5127
7.92837
6.61061
10.7729
13.8607
13.212
2.96283
1.06149
0.222599
16.2095
3.70156
9.93449
10.5207
8.74152
10.9683
17.6182
1.15373
0.251382
19.3121
2.63642
9.59337
11.9106
10.2955
19.4262
0.0377667
3.68423
2.71941
8.22078
3.9851
13.9536
12.4025
12.5639
3.40884
15.6475
19.6248
0.513754
1.88936
8.56117
19.9955
10.9171
14.4216
19.3423
2.00083
14.4917
19.5258
5.05044
14.3995
13.4162
16.7732
7.28507
0.54433
6.75677
0.701544
4.05106
14.1859
3.10512
0.653261
13.8534
6.76962
14.1946
5.637
14.3
12.4415
10.7188
9.47384
7.19477
9.93883
8.37975
12.4812
19.6152
17.6927
4.33606
0.706316
19.6663
3.22676
14.2884
0.207541
6.51032
15.6312
8.83206
1.84144
14.739
5.96942
1.63649
2.67151
0.661233
1.70125
1.38812
7.00907
17.7552
17.3599
10.5342
10.7273
11.3824
6.42909
2.0419
19.7652
1.80461
8.23071
14.4692
4.96162
16.1314
13.4103
14.1237
5.76564
8.00473
8.63921
6.5829
18.7578
16.398
4.37591
17.9266
14.2715
18.8991
7.11785
18.7837
3.18865
7.58979
19.2005
13.9575
4.11127
9.03755
19.1274
19.3176
2.76401
8.61162
14.7598
15.4696
18.434
16.0236
6.40634
9.2811
8.84599
18.473
9.43774
6.38307
15.3201
16.2688
18.5505
12.2024
10.8759
15.2106
1.37348
10.9191
18.8536
7.5449
7.72089
19.7888
19.3063
13.3154
9.90904
6.86581
17.9026
19.3625
19.0609
5.89483
1.50139
15.7099
19.719
15.5119
10.6745
19.593
14.3816
18.172
6.82649
12.4558
0.410333
10.7509
7.86936
6.02233
3.04957
17.5233
16.6112
13.3312
6.28754
9.51208
6.67802
0.215107
9.18254
6.82184
4.50839
12.0627
12.1082
12.4546
6.57544
14.2212
4.5078
0.748069
19.1883
12.2695
10.1226
0.553483
13.6912
16.0289
13.1487
0.110425
13.3967
17.7998
3.0394
0.552248
1.83738
3.79389
2.63831
0.388672
5.6233
4.55903
2.48772
17.4038
13.8676
4.35418
11.656
3.46314
19.592
3.23486
0.673459
12.707
15.0948
2.74922
11.9195
2.40855
3.7011
4.61002
13.1492
12.6315
6.24666
16.5148
11.7113
13.0772
15.5986
6.29755
3.5284
7.60059
15.1496
5.62441
11.6808
18.7028
1.6545
16.2871
15.0301
3.77073
3.41793
11.7361
12.8571
0.0800284
18.6841
17.5565
10.2079
19.9437
8.48577
8.79979
12.8925
1.7272
16.3426
1.96849
3.23324
12.9913
17.9156
12.4685
5.68401
9.4414
16.4965
12.0624
12.6895
13.5309
16.614
10.6557
8.83402
7.88449
14.6305
16.308
4.4574
11.1791
19.35
5.22873
18.5219
10.8804
10.8438
3.87286
3.36954
19.0995
4.09133
16.6025
16.2852
8.94425
5.83605
4.46643
13.4993
0.479137
14.5081
11.4452
0.344083
18.4676
10.2388
15.5662
3.60623
1.06296
6.44783
13.7117
15.4743
0.614588
6.19975
7.50297
10.399
16.9221
16.5127
14.1067
17.0735
16.1686
17.1962
3.24638
18.405
4.61998
17.8269
12.2344
8.09245
16.5221
4.9241
9.83926
8.98209
11.2538
12.6736
9.44022
13.8451
7.51433
13.6721
8.15695
1.53406
16.227
7.8744
4.77631
15.5069
6.33455
1.07744
14.8459
16.7921
10.7313
13.9855
1.57614
12.762
6.90214
19.0944
6.30559
6.06477
15.6113
4.98038
10.6271
9.19834
15.2121
1.98143
5.72969
0.587943
14.3224
4.2877
14.6192
13.6021
6.13035
7.37557
7.44368
1.65714
3.13941
8.00453
19.5901
9.15943
2.54797
18.583
12.2517
8.63072
10.2531
4.06594
10.6333
12.4654
10.7544
11.1204
1.70862
4.31019
9.51424
18.6624
14.341
7.08708
19.7442
10.6475
5.44443
16.2979
13.682
1.88749
16.9983
4.07939
5.92514
8.65925
16.3832
10.0175
4.83437
15.6828
12.52
6.39367
8.12197
17.0198
18.4941
2.69889
15.3534
17.5889
8.18441
9.29306
7.17309
12.1406
14.4644
19.8814
9.47236
2.46455
10.6271
0.600995
2.72432
19.1151
16.6653
18.7577
9.90888
6.76735
2.91045
8.00559
8.48681
18.8877
0.177282
17.7727
18.9148
4.78029
7.34351
16.5871
18.0326
10.8286
9.80885
2.35514
17.5226
1.05382
15.0565
2.65675
18.9251
2.17835
0.522125
12.0514
5.30684
13.4152
4.60388
7.82765
5.59119
2.86271
7.27663
19.1858
17.3545
10.0771
12.713
10.1311
5.30018
19.8142
18.6287
7.83133
6.74345
6.59642
10.7336
13.2427
9.6858
8.81166
5.79993
12.1883
8.58317
13.3837
18.327
8.1292
7.74269
3.01553
2.08039
5.62666
19.344
10.1573
0.480502
17.5102
19.1706
5.39789
18.9422
12.9616
11.1574
16.8447
1.76887
10.0703
3.30251
14.6261
10.6623
14.3651
9.88163
14.8539
13.6391
3.64276
18.602
11.6818
12.7323
8.26734
1.04012
8.0395
0.0991392
4.67292
1.75104
19.6272
14.9495
2.55787
4.17911
15.0364
7.42609
6.11741
4.26682
3.38996
16.6293
19.3383
17.5759
17.1646
8.69955
8.80893
2.50264
9.9219
3.20384
15.8032
3.9351
7.54692
6.97958
6.97332
10.8366
15.6647
12.3702
16.436
10.9694
14.4355
10.6083
18.3483
5.32305
17.5805
6.26187
4.0663
10.3444
16.5787
19.9294
1.24379
16.7626
3.95769
2.11999
3.61138
11.1504
19.0348
14.5043
11.5944
16.7298
19.4966
6.82842
10.6483
3.05461
5.64075
5.34404
1.15866
8.49574
17.4797
6.89421
12.1663
15.7978
15.1783
12.328
2.93392
17.695
14.7821
18.0209
2.11944
0.351302
18.4247
8.23797
4.79583
17.6951
1.13271
18.5407
6.31989
8.4188
12.5586
18.3833
0.679837
11.975
1.21364
1.91283
18.9948
2.65454
6.6767
19.5738
7.82597
18.2467
12.2999
2.04169
11.4809
0.525377
19.5475
8.93269
14.6334
8.70147
12.598
2.63252
6.75659
1.16637
2.05228
1.18438
18.0218
8.35385
19.862
18.4438
5.32472
13.2549
17.9454
5.80628
3.62362
11.6567
3.7181
4.82806
9.69701
10.2302
0.799671
10.1014
19.8078
0.499181
0.192221
14.6247
2.54919
9.93235
2.45121
4.79603
13.135
3.08079
19.4489
17.8161
18.6105
18.2379
6.26232
19.0892
16.3045
11.9873
14.4703
0.729541
13.9857
4.56407
10.8853
5.64526
11.874
17.6993
0.564555
5.0439
5.87079
16.3365
19.1338
15.8127
7.0307
1.01727
9.9772
8.64697
8.0799
18.0749
3.1684
7.17067
6.08857
2.38788
9.57821
14.2971
11.4904
6.66411
11.1439
9.40308
12.5054
2.03505
14.7327
10.6984
6.64634
14.0254
7.77809
4.49514
19.9256
5.59054
2.60288
9.22575
6.44389
1.08108
10.5702
10.5892
19.5706
8.66625
0.0398007
11.3283
15.5273
10.9009
9.81015
17.3411
7.32857
2.59454
8.61377
5.51372
6.45852
7.78457
7.5431
6.45963
3.90119
18.279
5.26239
2.59556
18.7694
8.33501
18.153
0.559805
14.2959
8.6007
8.98271
6.71788
13.7608
10.5034
17.5176
16.2232
19.3367
4.48842
14.8555
11.0591
7.78279
5.01639
9.56622
1.50511
7.05644
18.2844
7.94442
13.806
6.17796
16.4594
11.7066
3.18805
0.196956
4.05827
15.4672
15.5239
8.2074
5.83395
2.11874
17.0697
19.2224
3.71923
8.41898
7.78775
7.35259
1.22032
9.28243
4.43489
0.288677
18.9332
12.2329
5.41115
0.427935
2.06297
16.5744
14.3016
0.422985
0.759058
17.9297
9.53476
5.20628
4.07378
19.9457
15.3094
17.1709
6.75831
19.3401
0.992878
18.0228
5.49916
18.2046
18.7367
8.19916
14.0735
8.49272
19.0388
9.46107
5.32608
14.5057
8.38291
6.87591
12.7129
7.04315
4.89126
6.3858
9.1574
7.69802
5.79523
12.8849
17.3413
14.484
16.6497
3.40169
7.56308
7.92087
12.1495
18.3244
6.29892
16.7037
16.6316
10.8146
1.28072
6.90831
11.2279
17.9176
4.33425
17.8276
7.46208
3.29965
19.7153
6.38437
14.0835
5.97765
11.9894
10.0866
18.2203
10.6062
19.3877
2.92623
13.9807
15.3527
19.5447
3.60558
10.7026
19.3732
18.0448
10.3154
11.3137
6.21922
15.4931
11.564
11.9359
3.36312
9.07671
18.1723
0.232135
0.578133
4.56594
10.1191
10.2859
18.2837
8.32772
17.002
11.5403
17.6202
16.9953
14.3751
10.6752
1.98267
3.04088
2.98419
9.9731
11.0277
0.490799
18.4217
13.6276
9.54199
0.597955
12.552
0.233182
1.89692
9.03123
18.6684
11.2752
0.052251
0.985505
1.29255
18.8902
3.67757
12.8121
7.9341
15.1018
5.24816
5.89356
16.6626
2.09163
15.4588
10.7244
16.5511
10.3792
18.1375
5.50433
4.55357
11.376
15.6522
17.9564
10.3541
9.45882
3.71515
4.99993
17.2214
13.3233
13.8035
8.97712
11.7868
1.8699
2.94506
5.04369
19.1173
11.02
9.9752
12.165
13.9225
14.8542
12.8664
1.05371
2.40518
19.4189
4.31812
10.9663
10.4584
15.0635
14.3968
4.24044
8.75264
11.8134
9.34302
10.1229
3.94652
4.42906
7.15989
7.75328
6.27131
18.1027
6.94374
5.02047
15.3262
1.46505
11.5819
4.46598
4.13116
7.36146
2.33904
13.4244
15.2548
17.2488
18.9275
10.4282
5.38203
6.32751
0.355058
14.9746
0.689225
13.101
3.39469
14.1449
3.44761
8.08883
7.92094
8.27269
15.9524
2.08326
14.9043
14.2332
11.1811
6.37586
10.5992
6.74468
1.92662
6.01477
0.130278
15.311
3.63737
12.5783
18.041
15.1456
8.66147
6.98602
0.252412
18.9298
15.7426
6.05459
11.7333
13.7597
16.5964
7.95499
14.7416
6.47591
0.21097
8.64915
14.6972
11.6466
14.4068
7.54326
14.7976
12.8166
11.3744
18.637
6.30482
13.4354
11.9944
17.0377
5.31894
4.73934
18.4973
1.74366
7.77791
11.2743
2.7149
8.44706
15.5818
19.93
10.7598
8.19552
14.5008
17.9653
9.7024
8.31857
1.01043
18.1236
8.1436
3.09674
1.05704
17.4541
12.588
18.3756
0.555861
12.511
8.96103
0.734355
14.8129
7.06363
12.9621
0.363313
13.5272
11.7498
5.1333
4.31397
18.4851
12.4518
9.82817
12.9305
12.9882
16.5535
3.66032
1.56802
5.89377
19.1139
17.3043
14.8291
8.20158
8.66217
5.74752
5.87616
14.6201
12.9002
5.92166
13.3364
16.3934
14.8677
18.4379
18.2685
11.9593
10.1934
2.69982
9.95955
13.1395
14.4112
9.01967
6.45028
19.3921
3.88272
12.5939
14.7488
18.647
11.6056
4.22789
0.859209
1.17171
6.49229
6.86062
5.41454
16.1157
12.3153
5.73672
5.02061
18.3128
19.2923
11.8332
19.4563
7.12494
17.3047
5.09628
2.33384
8.60256
16.4228
7.38368
10.9718
9.22009
19.3486
4.39157
8.26384
19.4685
18.9706
0.156115
8.60362
3.84736
4.21551
19.3311
5.45541
16.6284
18.7999
2.76236
0.462219
11.4159
19.8806
18.8531
17.4791
0.0159526
2.78471
7.32044
7.59965
7.91148
9.8606
0.610976
13.0567
19.2094
3.19471
17.4049
14.3963
0.275805
12.8692
12.1445
19.4075
11.5338
10.6069
13.1993
13.7518
0.99131
3.897
10.5607
12.9511
16.1373
9.1271
6.03653
16.7393
6.01252
10.055
5.2465
11.3447
5.89606
0.0459452
2.20221
8.32978
7.29907
10.521
14.9698
9.39459
19.8852
4.47329
2.23312
4.36267
9.05791
0.144007
10.9078
13.4266
10.0709
16.7649
7.69281
17.7212
11.7838
8.48668
13.1672
6.06769
1.0279
7.87072
14.9786
18.8472
13.7616
16.6813
15.2749
17.8957
18.3674
5.43503
5.69392
12.3253
9.13846
14.3732
10.452
7.9097
6.31535
8.22613
19.0913
15.8171
12.5224
13.2465
9.39283
7.79021
0.448153
18.4801
14.5385
6.71639
9.12886
18.5653
1.45753
12.9123
12.2267
19.6353
1.80871
17.0919
5.91832
1.24966
8.84922
8.37302
15.8385
8.17258
7.59072
4.95635
6.15815
9.83355
19.8294
2.20753
13.3098
7.6284
8.64262
19.9549
12.3697
15.3548
3.44447
8.62555
19.0611
16.1083
9.26221
7.76442
6.87344
14.8195
14.4449
6.09613
0.303595
14.6131
19.2648
9.67483
4.86704
1.84372
8.74241
15.9848
7.05857
8.26596
16.2994
12.2595
11.4668
1.68815
12.8675
2.95072
13.3994
13.4235
4.51249
18.5467
2.52442
16.846
12.1991
7.47577
12.1104
19.8167
14.4222
8.16108
2.81783
14.8722
10.7593
3.50483
16.9556
18.2802
3.20241
16.5974
16.1929
13.707
2.12681
17.5258
3.01269
4.35954
8.38422
18.7264
11.1257
15.4521
12.4235
0.632393
9.61647
6.07908
5.92946
4.97754
17.0937
16.3375
9.42423
6.47653
12.8457
18.5811
0.209815
0.966648
14.0789
19.1524
14.251
19.8839
19.2927
5.10058
13.001
14.8185
5.94814
13.0526
15.3563
17.0937
18.2357
16.5085
17.8854
14.7678
3.38209
16.3094
2.80169
16.2127
13.1219
9.921
16.0183
13.1828
14.4953
16.9381
9.12367
9.1419
13.4039
9.02506
19.6131
1.03861
2.54193
16.6945
14.2358
19.0256
7.67776
0.334438
16.9592
16.6661
8.69802
13.747
12.6422
13.2633
16.5165
18.1203
12.15
11.0169
2.13279
13.0903
0.798693
14.7956
3.11868
19.6762
4.65171
2.4207
13.1401
13.9629
0.25249
18.4515
5.81773
3.77304
11.5671
16.62
3.81379
12.0857
0.700321
12.5306
19.7533
14.9709
2.53166
12.8877
17.8716
12.2158
17.2422
6.81499
12.2151
17.6886
15.2175
10.3771
14.4657
7.88418
16.2826
8.05986
2.39273
16.7263
15.2565
7.95863
17.3079
15.9189
7.9655
17.2074
6.6574
13.8365
10.2388
3.37177
15.1976
7.31122
10.2343
13.2878
12.3502
18.4025
14.0333
9.26333
6.62644
10.5782
6.71395
5.93578
15.9129
1.24567
9.13615
13.7392
1.54323
12.7008
10.6452
6.52214
13.9767
10.3393
13.6507
16.3191
15.768
18.9988
1.89823
19.0282
11.3079
10.2257
8.50124
15.5561
2.67661
9.73317
17.576
17.5239
1.0808
2.99162
1.60831
8.16662
13.5663
4.70559
14.5555
14.1654
9.3332
17.8304
14.9672
13.2022
18.4503
1.48018
1.86381
7.3163
11.7331
18.8193
9.3882
0.0594406
9.33656
7.3354
11.0304
16.6021
11.2899
18.457
10.2475
19.5145
16.0267
14.1905
16.7861
6.08131
16.5868
16.9263
11.7674
19.2427
10.0556
4.62438
11.5866
1.83917
5.05779
13.9903
13.8437
13.2004
8.98715
15.497
8.52952
11.7926
19.283
18.6178
12.8935
17.4632
18.529
18.6846
18.6964
12.6867
3.8285
16.942
13.6606
10.6391
14.9612
17.2775
14.9767
6.9584
12.485
7.6786
18.916
15.1828
15.5041
15.1045
18.8745
5.52187
14.156
2.76129
2.44015
9.02731
14.9442
3.1839
13.6673
12.8685
12.3169
6.07166
6.60373
0.712646
3.41392
6.78777
5.255
1.08932
17.038
6.08892
5.84729
7.36539
6.75676
16.3864
19.2457
13.2768
16.6321
14.5849
15.691
15.3711
15.014
13.5709
18.1298
4.16672
2.03572
17.0837
8.09613
19.0834
9.10463
12.3531
1.2338
19.9798
15.8795
16.7126
5.09347
1.25652
13.4538
16.9401
13.8614
2.1663
13.2559
11.8385
14.4857
4.48107
14.8627
5.24504
7.18564
3.12277
14.5723
11.2302
11.1044
6.37235
10.0351
19.2318
17.714
8.72705
3.944
15.0356
18.0669
1.44493
11.0719
16.7715
16.5933
17.421
4.49513
10.0167
3.75679
2.94026
15.2184
3.82542
14.7467
14.7632
8.54032
4.51097
5.7411
8.19793
7.04189
7.60784
14.7135
1.5846
3.25074
13.3543
9.34612
6.09901
5.74373
2.92248
3.02984
0.260123
13.2597
4.41132
10.7612
10.4278
4.2544
6.8977
18.5391
6.93534
2.3588
2.67054
5.6935
3.99294
3.44104
17.0795
6.97771
6.48254
18.2777
12.7603
2.32857
15.4311
0.920105
15.9677
17.4254
15.9762
13.8619
1.08467
18.6982
13.653
7.78616
17.5754
1.40307
2.30886
5.34236
12.0914
15.614
8.60834
2.63233
11.8847
1.27229
14.3396
8.22698
10.7644
14.6785
3.11677
12.9635
10.4845
9.87156
6.03755
6.07085
14.5201
9.05612
0.375341
1.75933
12.2031
4.39459
11.4287
10.4015
15.875
1.97262
10.1345
12.7132
10.6862
17.5589
5.85736
6.26346
19.9215
5.13721
12.3342
14.9563
8.89162
14.0869
2.47212
6.49338
18.3255
3.37198
5.41919
3.21285
8.85964
7.9077
9.37685
12.35
10.4198
15.0781
16.2025
1.97564
13.5474
12.9564
11.9525
14.9659
10.3709
17.695
16.2982
18.3343
0.675646
16.444
6.06241
15.6577
0.589177
2.16099
2.31676
1.23895
3.00379
14.8565
3.57443
18.5755
2.99686
13.5982
18.5768
9.7789
13.4577
14.8852
15.9355
3.41746
6.2617
16.191
17.0561
14.7683
18.7608
0.382206
10.9859
8.80394
4.56808
9.59187
9.79654
9.92416
14.2084
14.057
18.8558
13.0127
17.1336
12.4812
5.42714
19.7919
19.0785
5.96062
2.81053
19.7265
17.6625
11.5085
6.12982
19.0591
6.9799
9.94654
19.6853
0.189307
4.50833
1.82798
10.7777
9.56592
11.8745
12.0356
3.15757
8.70635
0.253299
1.31988
6.96055
2.08414
7.2877
1.29087
10.8563
3.1936
16.8844
0.778707
3.96621
18.0471
10.4685
14.8745
1.55085
11.0964
3.0849
12.4293
6.68847
6.22372
4.3932
17.0105
3.95412
6.54774
12.8108
18.5573
7.65848
15.9218
14.5657
14.8887
2.46707
14.5917
2.714
17.9429
5.10713
19.5976
13.4642
17.4246
3.54387
8.29181
13.4421
12.1034
10.5693
9.10104
9.77392
3.66193
0.125068
16.661
10.2338
12.1927
14.9499
6.99567
12.6778
4.18947
19.6837
13.1636
12.0019
9.81196
8.90683
18.6743
11.6764
15.4129
8.9627
9.46034
5.56483
10.9889
12.4954
5.79889
15.3036
19.8154
11.9795
7.09033
13.878
5.43978
0.100525
18.2549
9.18154
3.48927
17.7008
16.329
8.58982
6.66521
6.95375
0.716241
14.4954
11.8323
0.755765
14.9705
4.48661
4.74256
5.32618
15.3957
4.07699
4.6456
18.5053
8.64789
18.3532
16.0805
17.8631
13.3775
2.99333
3.7691
18.5121
9.50599
19.3384
1.24139
5.79615
2.77287
19.7819
2.67758
9.87747
12.7365
14.2946
14.0164
19.3587
15.61
19.2649
1.7281
0.564232
8.37213
15.9503
12.2115
1.46733
13.6826
0.671195
1.56728
6.50628
7.55248
18
2.77936
11.1916
5.24064
12.298
2.57489
12.3179
15.9753
15.787
5.78053
17.5054
3.41099
13.3773
11.1823
15.6121
6.23258
15.2938
15.8562
16.9104
13.7872
18.1229
1.38673
17.3844
12.0229
7.83683
10.8644
5.1028
8.1485
3.3194
1.14182
17.4935
11.7185
3.68833
2.34042
12.828
12.2924
4.69322
16.939
8.71124
3.78357
9.59111
17.0057
2.23306
7.98015
3.63667
5.41445
18.2716
8.05841
14.4917
5.21725
18.515
10.8198
8.74998
11.9096
7.3477
18.2524
6.38919
0.94828
19.4337
9.38464
4.96701
18.6357
5.59511
13.4254
18.8851
2.77311
12.5251
1.66789
9.59651
1.84097
0.694743
0.293513
4.21697
7.94823
1.81746
1.86749
12.3799
11.1691
1.12293
9.77449
12.2754
13.5792
13.5835
11.7754
7.19003
14.6676
3.04558
17.4819
14.7031
19.6101
5.57852
18.527
9.28001
16.5902
8.43997
2.6557
5.79414
7.87297
7.5358
11.2938
8.49585
1.12973
17.0896
19.6192
0.713631
19.4303
19.4821
17.0331
10.828
6.38584
9.0087
0.984761
5.58812
10.2991
6.1768
4.22815
0.323621
5.3754
1.14577
18.652
10.9663
9.28208
0.569166
16.783
13.5075
10.1642
15.2302
10.8727
5.992
10.1683
8.22251
8.21001
19.616
10.9892
17.2831
6.92187
0.679339
2.25968
14.5042
4.57019
18.219
11.2223
14.6019
6.44288
1.03796
12.0817
11.9415
6.87391
3.16829
13.6199
13.5644
4.40087
7.75251
15.3678
11.2963
3.88983
5.77242
6.99723
17.945
16.1279
4.36931
16.5905
16.8722
6.17556
8.04917
0.0439572
15.4282
16.5027
14.0451
16.0146
9.58167
15.1241
12.7538
9.94439
3.86958
0.730355
0.359612
9.9946
19.4352
9.66282
3.27489
7.53702
5.62502
18.6486
12.5385
1.32081
17.986
4.88251
1.18106
12.6207
16.0466
10.852
2.40667
2.76315
5.66128
1.82639
10.2727
7.79696
9.71579
4.01238
19.9824
16.2437
15.0025
14.884
14.5733
9.79381
0.405377
10.9128
16.8883
14.0045
1.56947
4.39825
11.8822
10.7169
16.5952
14.265
3.49331
3.0849
18.3001
5.41318
2.86904
17.2792
9.88176
7.92727
0.286903
18.5894
5.53352
9.45994
17.2181
6.44876
17.0166
1.36262
12.5979
8.43586
16.1556
5.02864
16.7582
16.5746
18.5847
6.08663
13.0646
12.9436
7.86884
18.0975
9.09283
14.5577
15.7529
6.1815
18.7441
5.51202
4.06443
4.63051
15.6852
5.74742
7.71197
11.5008
6.91857
15.0598
18.6822
13.8392
13.466
1.0804
19.832
9.7019
18.2405
12.4103
14.8703
7.99691
2.65296
16.6328
15.016
1.13457
19.4562
19.264
16.5885
12.9735
16.0173
3.472
3.09205
3.93741
0.876208
11.4871
12.1412
2.55604
0.561564
13.2465
13.7817
2.552
15.866
13.5206
10.28
4.57253
4.61705
14.3682
0.955054
0.381485
0.699799
6.22536
6.60344
18.1916
1.56281
5.23076
18.9445
14.8254
17.5569
8.18996
5.99462
18.3661
2.41387
14.4792
5.39285
12.5321
14.1734
5.20877
6.18155
18.6702
4.71486
12.5123
11.2988
11.7621
11.3833
5.80268
6.19933
9.44944
7.74818
13.5073
18.0502
1.78774
16.1602
6.20831
2.27066
8.59252
4.94664
7.25039
5.03944
5.8293
0.761564
11.2365
10.9316
15.7102
17.9709
8.86077
3.5844
7.85941
2.58694
7.54801
14.1206
15.888
16.2226
11.7412
4.90214
18.1756
9.9929
7.65062
5.31388
13.5642
2.42619
18.4549
17.5346
5.65645
19.1515
7.38537
4.96143
2.0327
11.0195
6.78579
5.759
16.0496
18.0498
8.12813
4.2277
1.09664
1.9772
13.6723
16.1355
13.5872
6.27903
17.5671
14.4166
9.99012
11.2672
15.8325
2.64568
9.4268
6.19154
6.24179
17.609
19.07
12.274
14.696
8.55819
6.6803
19.0818
13.7707
16.0948
2.02658
3.29996
0.807875
18.8405
2.31868
17.0387
4.15305
9.11383
3.58745
11.9385
6.59002
2.63897
2.44826
9.39987
3.67159
6.51116
14.558
9.75623
18.9067
9.7031
6.63187
13.4901
0.511842
19.275
10.3153
15.1122
3.85328
8.00785
14.8326
10.7034
3.15321
5.68096
13.8286
6.65542
0.273339
7.10454
19.2203
3.65404
16.4481
16.4726
17.2275
18.7135
15.5843
19.5472
16.0953
2.46201
5.76343
6.88834
9.87963
18.5267
15.1537
4.4764
5.92259
15.1368
12.0831
13.2967
9.3074
18.4338
2.03521
18.2945
12.4526
6.38715
19.3747
17.0538
17.5957
5.42488
19.3713
13.0887
9.39233
7.41543
3.62843
5.18369
15.5582
5.75734
12.95
10.8127
2.52401
4.90303
13.8187
1.53514
7.91697
6.92778
4.90438
6.40256
5.4055
12.9348
19.3526
11.2669
14.3984
0.503873
8.2729
19.0903
17.3037
12.4885
19.3892
5.46702
17.7062
16.7806
1.73602
7.58054
15.9381
17.4428
6.86651
9.39296
9.19045
1.02117
16.2274
4.63808
14.6978
6.1643
12.6119
1.41567
7.74869
1.20627
7.2861
17.0217
18.3536
12.8674
7.41758
16.0307
2.67271
10.4937
2.72815
4.15017
0.734986
10.8886
9.51515
2.60134
9.67566
13.1913
5.51536
15.9857
12.5842
11.1137
15.4192
9.33725
9.60485
18.2567
6.32945
12.0331
13.9904
17.6543
14.8095
3.52106
4.07033
7.36681
14.6291
3.56494
19.9901
3.85632
1.06141
3.8198
13.9537
10.9336
18.7604
2.58683
2.43149
9.7563
6.43153
16.6468
8.82262
7.94732
14.8072
6.35916
14.992
14.7933
1.10121
8.34342
10.2293
0.624878
10.1697
11.9735
8.41429
3.32741
12.8155
16.4424
16.5079
17.03
5.50849
5.98725
6.74107
3.17077
11.9438
16.3444
17.265
9.41007
17.9678
3.2343
9.41574
0.282261
0.984058
16.1235
8.83139
18.65
12.8979
12.2107
3.38612
7.17318
8.36681
1.23881
11.2266
1.81666
16.0056
9.82479
3.73835
16.9674
12.3346
8.56151
0.525499
11.6035
9.6829
13.5022
5.30548
18.6975
1.58741
8.48899
8.37106
0.773313
10.9624
6.61785
12.879
6.85411
7.82867
18.7381
14.7335
15.0431
17.7863
11.6495
0.553848
17.0197
12.754
10.715
14.662
2.78801
14.6739
5.55716
8.81958
4.6853
4.32693
12.0393
9.86365
17.983
0.798616
2.85189
6.1357
13.3818
4.82998
7.51741
9.54996
13.5988
0.334609
8.93979
4.3406
5.51428
13.5134
11.4053
16.1401
19.9303
0.293359
16.5899
9.03316
5.60212
10.7425
9.79674
6.10796
14.8765
11.7509
14.5008
3.09576
16.6764
0.661791
10.0054
9.5679
17.6265
5.42462
19.8626
1.40876
14.146
15.2085
6.19817
17.7613
2.31366
18.7096
17.0879
15.6644
15.5603
15.4577
12.1892
8.47867
17.6962
12.7772
15.0956
16.1106
5.1499
19.47
1.2488
18.1961
4.84092
15.5788
19.878
7.93481
5.4542
7.40637
3.68687
12.5772
10.0785
11.9738
3.79442
6.44546
0.118812
15.5285
17.6795
10.0075
0.966727
8.06533
2.93354
1.78941
12.8893
7.0477
17.1009
2.89235
3.71573
4.27167
10.2034
15.795
11.8291
18.4167
12.8654
5.26611
17.923
9.41834
7.3898
9.99507
5.6379
17.4637
9.03959
3.10575
6.08888
15.2008
5.86162
2.13297
18.5229
15.0808
4.31376
0.0946617
3.49316
3.31893
2.33448
0.567023
4.71011
1.16718
18.2131
18.2503
13.216
2.40969
8.01877
5.33032
8.32291
7.37028
0.15951
4.06377
5.97019
11.6077
15.6997
19.3007
7.32684
15.342
9.36038
11.9106
15.637
4.14242
12.692
6.36645
8.24665
19.181
12.157
5.46963
0.0658749
5.80589
0.656969
14.9378
6.60861
18.2014
15.2338
14.4757
0.481969
10.0655
9.90072
3.31248
6.40076
2.33308
14.9647
15.9507
6.24298
17.6179
10.3229
6.97275
1.68933
8.6452
19.5533
6.54956
4.56842
11.2765
0.0705944
4.94586
14.7412
11.6661
4.25999
8.05297
10.5646
13.4338
8.71812
15.4248
0.0554307
4.39522
12.7925
15.6909
19.5532
10.8991
4.46348
8.53191
18.2524
5.51881
15.9902
12.4827
5.94314
8.01576
15.9688
6.0758
13.1311
11.2985
10.5295
4.77765
17.6837
4.09163
4.78006
7.65142
8.70734
18.5246
9.16352
5.10599
7.40301
5.97913
14.4706
18.2612
5.53343
11.0028
4.15108
3.21377
9.61124
7.80213
0.148391
16.5974
13.9321
1.74324
0.387006
14.8668
19.9816
18.3095
7.303
0.0739172
5.72767
3.02945
4.45171
7.23213
16.4556
6.20972
6.71612
17.0127
14.4855
8.47372
15.5853
19.4457
15.3562
5.12414
7.53976
3.10677
14.4921
0.996306
10.4673
7.3132
15.1436
16.6032
16.6271
3.99724
2.56235
11.6294
13.6631
9.34167
13.9475
4.46044
2.21001
18.4328
13.5761
3.78562
1.44246
19.7818
17.8315
18.7017
2.68829
3.27572
4.54512
9.67618
18.9195
15.9764
1.18963
18.1968
7.23584
13.4665
12.8206
15.4557
14.8891
13.7659
19.9475
7.27813
0.93478
0.831693
8.07291
17.6121
17.6612
14.6466
15.6437
9.78858
15.5818
18.3123
1.83055
1.43358
10.2974
0.925863
7.91312
18.8163
5.2722
13.7704
19.0281
17.6951
17.4585
4.38003
13.783
7.42999
14.7887
19.7803
11.5895
13.5102
7.0458
8.79435
1.33539
11.9185
17.106
14.9377
3.72732
1.74808
7.67326
4.67614
6.56117
16.4304
14.647
12.4659
17.473
14.7836
18.7211
19.9225
7.49513
2.54245
14.5681
15.6667
8.92115
10.9621
7.75054
12.4865
5.74506
12.8459
16.3999
6.2286
17.3976
16.3382
16.6563
14.4059
12.9058
6.65647
16.6261
19.7988
9.21396
0.791635
18.3372
1.9262
0.208004
2.07911
11.1516
11.4904
3.17334
7.8245
5.56374
1.34791
6.21281
4.41112
12.2585
4.52073
14.9537
19.3815
6.1322
11.9748
1.82274
18.6977
18.2839
14.6455
16.8322
6.70395
2.17385
9.59609
17.0471
4.19655
19.0397
0.322477
11.8089
15.4273
1.82288
19.6571
8.10946
9.51377
7.43475
15.0095
14.5608
5.19952
11.2032
16.4697
5.99943
17.9613
1.31927
1.06337
15.8048
3.16542
11.1116
7.47232
15.5445
5.15044
0.893406
9.22474
12.2761
8.75601
12.3734
18.8779
17.5645
11.4745
0.187755
5.33035
14.4278
16.1749
14.0015
13.6106
15.4137
2.53273
13.1324
10.9256
2.24283
16.0535
9.43736
17.0144
11.1831
15.3762
1.10748
8.91939
1.73883
11.4267
5.21972
5.36287
9.66551
18.0006
12.7861
10.8236
2.08201
3.61761
7.5512
15.0779
17.804
17.1076
7.34997
14.5069
8.00548
10.8447
0.368911
19.0814
15.0367
6.84947
8.55112
19.6254
10.6658
1.67382
4.37454
11.6214
6.93247
8.57491
10.5171
1.26758
0.898573
19.006
2.11017
6.11712
19.6803
1.181
12.6028
4.97578
18.3626
13.3627
10.5624
19.4208
14.1585
7.8665
18.4348
15.5783
2.83813
1.93381
7.30136
2.14254
13.7715
2.16898
16.38
12.18
7.83825
14.6739
15.496
7.60899
19.8384
3.01447
15.3979
10.2189
14.9539
19.5366
8.4095
1.46806
7.99167
3.62499
9.92276
9.204
0.930313
2.35051
4.66665
18.7844
6.53583
8.12494
2.85683
11.897
14.4855
15.6286
2.9385
4.54087
2.63022
6.85557
2.22144
7.72131
15.1073
4.69197
18.6559
13.2648
17.5036
10.0622
8.78047
15.1078
13.6224
5.0034
12.0627
5.46871
11.064
12.5664
16.1469
0.818015
11.721
15.6401
4.26494
8.47419
3.88149
13.4259
1.78393
13.7601
16.3103
13.6584
10.9753
0.478184
19.889
4.24847
16.8844
8.83749
2.09294
12.0703
5.8763
3.23313
9.81775
9.10324
6.39641
18.953
9.57065
1.20905
2.16728
13.9283
12.6041
18.6447
9.22632
12.7486
17.8386
12.5925
17.442
1.66515
13.3471
5.4811
14.413
7.86404
12.5357
3.19865
9.78096
8.81955
11.0506
12.5124
16.0642
1.13598
4.24111
17.1073
10.5112
3.00006
8.86375
15.7926
4.8506
4.78477
10.4304
15.9384
11.84
4.42513
17.8915
4.90197
7.08892
10.5608
14.2093
7.52803
19.8902
8.87417
14.5965
18.2462
11.9328
9.88586
15.551
1.6668
18.2955
18.6569
16.8587
7.09608
16.2354
12.6488
10.7356
11.5181
14.353
15.6311
8.79025
11.2278
13.6205
5.40256
5.5919
1.56119
8.36558
12.1549
15.031
5.73285
18.1594
12.0727
13.0723
1.07993
10.7027
9.7648
19.5106
15.0976
8.81676
10.6965
17.1308
14.3322
18.0303
6.13359
7.23708
13.6286
17.4312
14.3367
11.2769
5.90709
14.0997
15.92
3.88487
3.88608
7.85955
12.9152
6.55073
4.24732
18.8418
8.30492
19.2481
18.5816
15.6233
19.141
5.93407
5.72945
8.60055
19.3758
8.15636
6.44524
8.49349
11.979
9.72129
13.469
7.4507
11.1271
12.9319
12.0703
11.1825
13.1369
6.4302
5.70887
18.4355
14.5065
6.27394
10.2472
18.6925
14.9167
12.4553
14.2007
6.94397
5.29634
1.80629
16.1626
4.96072
1.25804
7.81876
17.888
12.0766
5.82135
13.8976
18.3411
7.32089
13.8892
16.33
1.61256
2.014
13.0911
13.1413
2.68665
13.194
18.12
3.28432
0.529892
9.02094
6.36162
15.5506
8.94529
7.33795
10.2446
4.68337
3.83092
0.0591646
1.8706
9.87234
5.81612
3.83635
18.5105
12.7302
11.6425
17.7584
1.61637
12.192
0.630046
15.2119
10.6258
10.7412
0.480406
17.9045
18.1851
19.5283
9.92711
16.0548
4.3424
5.43674
1.2743
10.6871
13.477
17.8784
2.78274
15.508
19.1279
9.43791
8.89334
18.6648
11.2348
15.2794
0.632387
6.71088
12.8002
6.42159
11.5216
14.0205
16.3198
16.0023
19.3175
19.1991
11.4049
10.0747
0.17442
8.0605
8.55375
19.3426
19.4762
2.8971
3.4533
2.90971
12.8888
10.2615
17.6779
3.64702
5.14845
0.20848
19.0656
14.4444
12.4753
16.4339
9.11514
4.45113
1.14353
13.7165
15.1965
14.1527
1.08382
13.3475
0.793789
8.0636
19.6953
3.89794
6.86449
19.0244
8.01796
6.20719
14.1316
18.5781
8.35758
15.0219
3.43004
1.84534
8.50411
19.3917
5.17549
15.2483
7.64503
17.6469
3.15578
16.0555
8.78186
2.18197
12.1615
1.89179
2.65441
13.8589
14.1797
7.04705
2.94172
19.5883
17.149
0.744364
18.7288
10.4174
19.5428
7.81399
1.96533
2.92469
18.1648
11.967
5.97039
8.15522
1.5373
11.1219
18.8321
15.2512
9.46332
1.2726
15.2152
0.220142
15.8517
10.562
1.89023
18.6762
13.3293
10.9829
17.3725
4.68623
19.0349
15.2951
14.543
1.36705
13.1711
12.2806
2.49435
12.8162
9.11349
2.62775
11.9742
15.0629
2.32224
9.67289
5.13374
7.14803
12.3679
8.06736
13.5453
15.7005
5.28584
1.78636
4.5486
16.3621
18.4826
8.36531
8.44256
5.03353
3.8135
13.4633
2.14143
6.71593
14.9311
15.5852
11.3446
10.1424
18.4646
9.78334
7.11374
9.77136
7.49809
4.91739
15.3228
6.80103
11.9969
19.4179
10.3607
7.67129
13.6927
2.88948
11.0834
5.1836
1.53934
4.53345
11.5982
3.12318
4.71873
15.5169
13.0658
2.92573
5.76087
14.0124
8.43135
11.669
17.0483
2.25666
18.4718
7.07175
11.9295
13.462
2.30714
13.3587
11.2994
2.50522
19.9235
0.417142
13.7298
0.39299
2.0456
8.85024
18.6661
4.34714
15.1466
10.6946
15.3368
15.4814
4.31638
14.5056
19.0532
18.1268
12.6357
18.4667
6.17927
4.9574
3.4658
2.92565
18.0975
16.193
14.3129
1.95612
12.103
11.9466
13.0411
0.990824
19.6255
7.11788
11.7859
6.54112
9.39994
1.66217
13.3763
6.70027
13.2281
2.80585
12.9342
17.9427
3.366
0.355751
5.80676
16.447
11.2009
11.0178
13.8207
19.9762
6.64676
3.74108
2.61734
11.8423
1.89444
4.31854
7.30888
8.54486
9.79933
11.9737
0.599646
19.5646
2.0515
18.3195
10.79
8.32868
19.1086
4.4458
19.9131
8.87857
11.1831
6.2941
9.14294
11.5532
15.0829
1.96523
8.74795
6.87055
12.9055
9.32387
2.00872
17.2994
14.8461
10.8751
6.69874
13.0687
11.5121
6.67242
0.285473
16.5349
4.73715
3.80155
3.33553
11.4141
0.448884
19.6653
11.7722
14.182
18.9692
3.03605
17.2546
6.2893
7.54776
3.47246
13.6364
7.76915
12.4169
8.15849
0.717126
10.9003
6.85952
0.368126
12.7169
13.1034
0.286914
7.22022
5.51446
2.46997
15.4992
15.7199
8.6509
18.9066
18.0671
18.8807
9.8661
4.87499
15.0674
18.6613
18.2329
8.66534
1.40214
1.93823
11.2238
3.46381
19.3864
8.47051
9.93046
7.94659
3.96485
3.64402
1.22618
15.7946
19.9953
17.6503
8.38928
5.54413
7.66831
8.38235
12.0071
12.8701
10.8852
1.37001
13.5496
5.60748
10.317
11.7556
14.073
19.0521
17.4546
12.9112
17.3415
2.20302
6.23662
16.2883
18.6084
3.20914
4.1233
9.43151
6.78172
15.8908
3.74505
7.15349
12.6403
7.12527
13.4283
12.7027
8.53281
6.61697
14.382
14.7447
6.3347
5.12237
6.65205
13.0691
8.9494
1.76867
2.29027
0.136878
18.4549
16.7891
8.13357
15.5821
5.08864
2.87751
19.0601
7.86947
13.2077
3.92308
6.04397
12.4117
12.6959
17.8324
6.16718
17.2797
13.3076
13.8276
1.60217
12.6281
16.8262
18.3973
7.76856
14.9274
10.1646
3.80392
2.90016
16.8823
1.81224
9.50989
8.34469
16.4486
13.3082
14.614
17.4729
14.9419
16.2367
1.46291
1.7445
14.3813
6.6106
1.50917
1.81508
17.3495
16.7511
2.85411
14.5451
11.74
8.96323
10.6635
1.51447
10.8397
13.7772
12.6301
10.5798
7.4395
0.345261
1.06681
3.3169
19.6735
8.68046
18.2267
1.13513
16.1155
2.52228
1.62296
13.8681
2.86111
4.71773
7.05376
12.2438
13.4872
16.7593
16.725
7.54511
6.41613
7.31578
14.2613
19.3304
18.7888
4.05117
3.84999
3.28046
5.23027
15.4063
9.54689
6.6633
17.2678
7.57104
1.20563
7.23084
14.1405
8.80303
3.08705
12.4328
13.2394
10.1958
10.0753
10.2875
4.65823
11.6803
16.2501
18.7912
10.5377
10.5801
19.0516
14.5803
12.3963
2.88087
10.107
0.596749
11.4888
15.7108
3.31607
8.2749
1.86962
2.30646
6.87727
5.02054
0.413172
13.0628
5.0481
12.6271
2.12552
16.0062
18.6318
10.4908
15.7583
5.51846
17.748
18.4879
15.8476
1.98929
10.9742
6.26497
1.9487
4.73441
11.1853
7.66288
7.74672
9.26343
1.41042
8.76111
14.7103
0.899213
10.7891
3.12238
19.3751
13.1061
14.341
4.80832
13.4101
6.00283
15.3375
8.48962
9.97111
13.2954
17.517
14.8669
1.96927
19.7094
5.03292
17.934
7.93867
9.13583
2.19451
3.99711
2.79508
6.40756
3.34493
10.1268
14.2677
17.3504
19.0048
9.58375
12.7175
5.50917
15.5956
18.8292
7.5162
1.67172
2.4995
9.73842
19.5458
3.23659
6.58971
9.1211
3.24227
16.0009
6.93524
4.93263
11.0435
8.01066
7.97287
17.4686
7.90849
5.28873
14.416
5.3088
18.744
10.3987
1.272
7.15014
12.8873
0.561734
9.20114
10.5926
18.8728
3.92331
12.5784
14.7971
11.696
18.0007
4.09763
14.0396
16.5806
14.1124
12.6449
8.3199
7.57211
14.1815
18.9803
15.1977
1.83552
2.52286
10.659
13.0905
9.2906
1.21592
3.74233
8.71728
9.97906
3.10283
3.61841
14.2106
9.09789
11.9308
16.9741
16.1442
9.26432
17.3081
18.9989
17.0957
12.8715
9.26456
5.81931
4.86267
14.0201
17.2094
3.42516
10.9217
16.3701
1.97366
7.78452
19.1267
0.442768
8.01764
6.57528
6.26304
9.07204
13.731
17.8615
12.3573
13.3775
5.66436
16.6196
1.58908
17.4697
10.1967
1.66465
14.7345
8.97014
10.8152
15.1234
10.8605
6.25766
10.9955
1.12035
16.6102
5.35809
17.8417
18.9823
8.27707
8.02071
6.71705
6.32103
10.927
10.09
5.30177
14.692
0.0366888
10.1485
10.9412
18.7409
2.85674
19.4277
14.4818
15.8388
4.91124
12.7641
0.462214
1.9756
2.18498
9.99592
0.988823
8.66499
15.8277
17.0225
12.7123
1.48785
1.97287
15.27
6.64462
14.7593
4.78858
19.3546
17.5068
3.77157
15.5009
4.98571
11.5802
5.25162
6.3953
6.58461
3.65689
14.9149
9.8748
4.0992
14.3161
7.09389
8.77201
9.79411
2.81324
16.5456
17.92
10.7269
2.47066
10.8961
11.9935
3.72286
4.94812
5.14546
1.20867
14.6858
9.9771
15.4452
2.0492
5.90583
13.9768
16.1846
12.0312
18.4273
0.908702
2.03599
14.152
8.09763
1.90971
5.54401
15.842
2.68153
17.8675
10.8961
17.8607
5.59544
10.8859
2.14109
8.6521
19.7836
3.33293
11.1933
13.6613
0.960413
12.95
1.17277
10.4101
7.53265
19.8159
11.723
19.9789
3.95091
6.42014
1.58037
10.7757
17.5709
13.586
14.6912
13.417
1.4934
4.52166
13.2274
14.131
1.22229
5.18612
2.9863
15.9844
1.22397
5.65189
9.19983
8.69859
1.51911
5.9354
2.24377
17.9272
15.274
15.512
6.91555
4.39488
19.5845
6.48185
13.8841
13.5074
7.71577
6.39192
14.1146
4.74437
11.233
2.71485
15.9695
17.0115
7.41586
6.30496
19.5228
13.4118
12.5481
10.1863
9.00453
7.23411
15.9425
18.0492
7.31428
0.997816
3.54076
19.3718
10.9088
3.11112
7.3471
5.17665
7.06148
10.1478
8.69505
0.527673
8.28452
3.18612
16.2156
15.9993
6.53605
18.8253
8.55889
17.9686
4.95458
2.61839
17.3475
5.39997
7.23616
8.78122
9.91407
1.4863
10.7847
9.69773
2.66998
5.87553
8.38241
9.81066
7.14685
10.2932
8.61427
9.98774
16.7183
9.99914
11.9645
1.59815
0.0842405
14.5211
16.866
8.10685
17.3103
0.04235
5.49621
19.3236
3.52972
13.504
3.48816
5.41802
9.29422
18.1136
14.9791
10.8374
15.0833
2.48228
3.43471
0.60432
7.79106
9.10825
2.10597
17.37
10.2606
12.9691
13.6951
19.0232
9.75236
19.5648
12.1438
1.47701
11.2977
16.7157
18.0501
12.838
16.3584
2.4453
18.6991
7.3478
3.72755
2.54324
8.83928
16.1218
15.4295
15.1901
15.4437
3.99184
1.68972
17.8366
7.106
19.9644
0.233647
13.0984
12.336
5.62885
1.927
19.2576
16.2187
12.392
3.97778
7.0491
15.6036
4.47413
3.14058
8.93159
12.5934
6.80831
3.02139
1.9272
9.68749
1.9296
11.6946
8.3135
9.16177
14.4988
4.73788
9.04641
12.2433
3.89525
4.99764
3.88103
15.9096
2.39031
14.8653
9.61826
13.4259
3.18061
11.6476
0.846004
7.80228
7.62877
14.943
12.7541
7.36689
15.5657
2.99371
15.6147
9.9953
8.20215
15.4217
16.0424
1.77596
12.3969
10.8325
7.3347
17.2759
3.79678
10.7027
11.8884
7.58863
12.8345
3.21768
1.92382
1.27055
2.53044
19.4946
2.76246
12.7869
13.5071
9.44592
4.46366
10.4341
11.5161
4.95706
8.71058
14.0769
14.2182
5.465
4.86215
6.29928
7.96554
5.84236
15.2944
15.07
4.46304
9.61493
2.05182
17.1669
17.1886
12.3448
16.8728
2.89006
16.7869
4.82378
8.078
3.93028
8.3075
1.94877
4.37619
9.12908
6.78267
19.5102
0.601222
5.14258
0.146439
17.9085
5.36771
4.84479
16.9836
2.8156
19.5128
12.808
7.10517
10.1949
1.38884
19.2437
3.24961
12.8224
12.3001
19.529
10.2316
18.2872
17.854
19.6315
1.28916
0.672974
0.841743
9.9539
1.75925
12.9594
10.6185
9.33713
11.1046
11.6748
10.4866
13.0574
4.2475
5.11971
6.53898
8.2828
1.20715
10.7708
18.7344
4.30495
6.49783
7.32968
15.9643
2.61837
1.57115
10.4639
1.0945
14.1046
12.516
5.22263
18.9662
9.31724
15.6269
12.7299
19.3527
13.8483
18.1821
15.4839
17.3279
6.52301
10.2273
5.86622
9.7857
18.4523
8.03137
4.67976
7.87173
18.9066
19.0822
1.74402
2.41482
10.6739
15.8276
11.0151
2.8029
0.640669
17.3583
18.9703
3.6964
15.2395
9.46247
4.36038
11.9795
7.7478
9.61304
10.3322
10.0028
9.61449
13.5287
7.7167
6.44789
11.2861
2.25821
9.22017
12.8642
19.3473
9.73502
10.1676
2.67227
4.64497
7.3142
10.1544
9.81504
19.7342
4.55308
1.84385
12.874
9.23953
15.4528
3.12318
19.2367
13.2321
9.21822
12.4056
10.3668
0.0816991
16.6112
14.0189
17.5437
0.176273
12.7618
13.1794
18.0536
17.5046
10.691
3.34452
15.8292
6.54718
4.25902
8.16351
18.3398
17.4111
19.9546
12.1754
5.61862
2.71665
2.79158
7.07886
12.5797
8.83981
2.85446
6.99722
13.1211
5.45847
11.251
12.1102
8.94901
0.0902237
15.4423
15.4847
1.05398
18.9959
0.987686
0.0524505
17.1526
9.90805
7.47032
10.9265
14.177
8.453
5.60397
19.8184
15.5432
7.34217
1.09469
8.90807
9.76452
19.0193
18.3682
19.2626
2.50676
4.01339
4.66777
13.8215
16.9976
6.63997
10.9699
11.3178
19.133
8.95318
0.594653
14.6818
15.821
5.21866
9.40953
5.78056
0.615898
12.6073
6.32693
9.0483
17.2518
6.02835
5.01667
0.988479
8.18219
8.88718
3.92443
9.15403
10.6538
14.6873
10.1139
7.1696
4.78936
7.74406
2.55009
10.5886
1.6869
12.6241
14.5886
8.22513
11.7705
10.2988
12.748
7.25511
9.86691
15.2936
4.97095
4.07502
2.99076
10.0159
6.84412
3.32113
9.30782
7.68859
10.1559
19.1214
14.2603
4.06395
10.0907
0.623583
9.04558
13.5096
11.6022
18.985
11.0855
2.22086
11.3858
6.01946
12.2679
6.00448
8.40313
2.57561
12.481
6.94255
1.16657
9.01015
18.683
3.96381
8.99319
3.95076
15.9749
7.92044
1.84431
17.8752
7.35737
7.42251
11.6177
0.784001
11.2345
19.5955
17.9369
8.13515
2.71726
12.6837
14.9474
0.462278
2.55087
7.37754
15.4663
17.6218
13.7056
10.058
11.1735
4.47441
7.79784
10.9921
14.3366
7.75487
2.54787
10.9917
5.26834
19.259
1.67889
5.28657
7.90142
6.20264
0.0297157
15.4647
10.8267
11.6364
13.8963
7.27585
13.7197
5.19751
1.90993
18.2308
2.67943
0.287374
9.02034
13.059
17.2176
4.64267
6.45912
6.76372
0.146272
15.2786
19.1614
7.03018
7.81835
16.997
4.17479
3.56694
6.29312
8.06448
10.2348
15.7751
3.21859
11.4059
9.17132
4.59261
11.8279
9.81159
12.0956
5.52501
19.5046
18.4917
15.8553
12.6674
7.63884
12.4556
18.6491
15.2692
17.2125
3.95643
3.01
18.6174
14.2261
8.94486
19.0172
13.7359
9.01368
4.51196
8.22906
9.04178
11.3077
19.9471
4.34616
16.28
0.712168
9.33807
4.59351
13.5884
13.6101
17.6874
9.95868
11.5712
0.11523
18.8654
5.67819
17.164
11.8417
1.70705
10.7376
11.2612
15.6675
19.8881
16.9246
13.9927
14.5314
12.0776
6.06205
2.35072
0.0182793
7.47741
15.8072
18.3172
12.741
9.18023
8.17827
7.37264
8.40971
7.3537
16.2212
3.18211
5.04626
16.4567
19.7107
16.1996
18.4667
14.9835
11.5589
5.03806
1.14939
16.2588
19.3898
6.51826
19.0386
7.25606
19.6286
14.6594
3.3654
14.6033
0.664941
12.3596
14.6606
8.2418
1.68244
4.43736
0.918053
6.26237
13.7645
7.42889
7.84598
9.63342
8.67534
13.6455
4.40267
17.0454
5.81188
0.410542
0.558002
7.52234
16.4862
8.08005
0.184896
1.39105
9.04991
6.29187
10.0725
0.620424
18.9548
12.8815
0.153326
10.9071
4.75498
15.1687
17.9085
18.8249
0.44292
19.7728
8.59574
14.7586
17.5963
14.7821
18.382
9.12762
19.0326
1.95482
17.4086
3.01005
9.24581
0.872973
10.8268
10.3259
14.202
14.4462
10.7414
9.24333
4.66821
19.4692
16.5852
1.7452
9.31497
14.9361
1.88104
2.0034
2.54704
5.82771
8.5278
0.361495
4.50934
11.1864
0.911534
15.8587
12.1604
9.66791
4.97522
17.071
2.62723
19.5576
3.92439
14.699
2.3176
5.05235
18.8011
14.9379
9.63358
19.0323
6.34591
3.11995
10.263
17.0285
18.0842
1.86628
0.839099
8.57808
7.3222
2.52846
13.241
1.63256
0.760614
15.389
13.3033
8.54766
2.04456
14.6088
13.5552
1.67623
10.8554
8.88777
5.2819
13.3861
13.7439
8.41223
3.32457
7.411
18.4376
10.4769
0.0494655
17.7229
2.20255
5.41247
12.9355
0.826778
15.0693
8.76633
1.55706
13.2148
14.3191
18.9926
0.421684
12.7774
17.6893
10.0946
19.76
9.26147
9.46687
3.4193
5.51605
15.1755
0.489507
12.551
6.12554
12.8819
8.07178
10.9662
6.17588
2.41849
19.3825
18.3167
8.86149
11.4387
4.38138
13.5394
4.5805
11.6333
5.46995
17.6623
3.93538
17.7758
11.9281
10.2324
2.5325
4.90404
17.6418
1.62957
12.1764
19.2125
0.166079
7.74914
7.26298
6.97974
3.45387
18.0486
0.274328
17.5577
5.31306
13.613
13.5183
7.23275
15.1106
0.252278
1.23561
17.4983
1.72845
6.15227
12.163
4.51072
4.02911
2.36468
1.95791
7.76134
16.5472
5.3153
7.29131
18.281
18.1407
18.1724
13.1251
13.9987
3.37563
6.19709
10.9418
15.1924
8.855
18.8698
2.08695
11.5195
16.1026
8.37799
9.65229
6.23317
17.829
19.8612
3.39205
5.86793
18.7372
10.975
8.21631
11.9332
12.5763
3.12663
10.5542
14.0857
0.0444435
8.54037
14.4826
7.06373
16.6961
0.405209
2.97502
12.3268
8.4799
3.11984
14.3411
2.32816
4.5675
6.0747
6.35814
2.042
11.9416
8.88878
19.8402
16.8373
10.5964
11.4975
14.5755
16.1179
14.1434
12.5538
18.7462
5.06867
4.42444
18.2254
14.6401
15.5993
2.29537
3.44193
3.16047
5.14361
5.85184
14.8861
19.3666
3.0534
4.42241
16.253
14.2834
11.6932
17.4881
16.139
15.7951
5.77691
6.15621
4.89111
2.59579
14.7477
1.63139
5.88616
5.53748
0.76388
4.77788
10.4176
4.2027
8.67289
8.94312
3.22673
11.2968
10.8538
6.71151
14.0001
4.22652
8.24964
6.98273
1.92902
6.4163
6.29764
2.08011
14.7178
12.7973
5.86805
7.66627
10.9957
18.84
2.03193
1.6724
6.21421
9.20676
17.6003
15.4337
19.3703
4.98397
12.5495
12.3903
18.0239
1.60077
13.2283
10.0008
3.51993
15.1974
16.1452
7.05637
13.9721
6.22867
13.0024
13.0148
15.9063
19.1244
15.9012
1.87498
7.78443
9.49712
15.1585
0.544217
12.694
8.1569
4.72574
10.4198
18.2867
13.3761
2.46449
1.31632
11.7968
8.9137
18.6152
7.4722
12.9024
17.8719
3.52143
0.641351
2.41533
13.2566
9.09232
16.0866
7.85506
9.60416
19.6588
11.1449
10.9668
5.5496
13.3175
15.0929
11.8208
7.68009
18.1523
11.505
8.36259
11.9351
18.7387
16.3065
14.1225
0.29961
17.3617
17.7749
10.8619
3.00476
7.76357
18.1958
1.43874
16.3774
12.521
11.7844
5.95612
4.22437
10.9638
6.86385
6.43197
1.7435
4.79973
12.3389
7.27312
9.23565
9.06366
4.89063
0.210849
8.76574
13.0302
8.88046
18.38
2.08747
14.632
16.5062
12.5896
10.3599
17.9744
9.42367
3.07446
0.667564
3.51993
19.0434
4.60162
15.5896
19.3745
7.4509
0.823744
0.665234
9.4205
15.0204
3.12385
3.75923
8.65288
9.66137
8.62791
5.3291
5.95188
13.8016
6.59771
14.4841
10.4944
5.73649
6.927
6.39855
13.4832
11.0114
2.86748
5.70993
1.35681
13.2773
14.2629
0.0497427
16.304
0.344765
7.24698
13.1891
9.32453
4.39128
1.84304
12.7296
19.0263
12.924
17.8514
10.1975
8.35844
12.5939
9.60461
19.8156
10.5863
12.8298
5.08918
4.78608
10.183
13.2769
0.170178
2.89623
13.3519
4.55236
15.3743
11.3041
