2.78441
16.141
5.56308
15.4251
10.0977
2.24296
15.1901
15.7656
10.6455
10.1896
15.2994
5.8941
18.3778
15.7167
19.1696
16.7058
1.80007
1.12365
1.61627
14.8181
19.0087
1.10169
18.5032
1.02621
14.2064
9.05997
16.364
16.8103
14.7307
17.5145
13.5703
11.2524
0.772609
12.9374
7.10327
6.41917
11.9396
9.95917
15.7607
5.52199
6.20127
12.1339
16.6289
13.3631
0.59356
15.986
19.9007
18.6352
19.5051
7.10454
5.73446
3.59842
12.6892
2.81849
6.85593
17.1491
13.7759
15.0107
12.8039
15.6738
8.62451
19.2134
17.632
18.3667
6.10421
8.83977
19.9063
16.6276
4.47053
14.3134
18.233
11.6466
6.44528
11.3415
12.8177
13.0284
5.04307
3.38988
19.1817
15.95
7.28558
1.13742
9.45282
3.0336
19.5061
7.81238
4.33936
19.788
11.5576
11.4553
16.5271
19.1617
1.98675
18.5752
15.9189
19.1103
16.9647
1.17545
7.58439
15.3181
0.874734
18.4327
10.7316
19.127
16.6645
10.1059
15.777
11.199
15.3635
12.8368
6.71041
10.6659
0.94982
18.8985
14.2487
5.07499
2.91979
10.7177
14.7876
6.11457
0.666456
6.72716
6.5067
14.893
4.66341
8.49787
18.6364
2.68232
16.2353
3.2447
4.06609
12.1439
8.81657
18.4548
6.94773
18.2085
11.3467
4.02709
12.2723
1.85764
14.6798
14.068
19.0257
2.79566
8.56845
9.34456
14.0654
3.33772
9.21441
9.35661
10.3849
14.3175
7.63842
5.62152
16.2624
6.08476
19.3183
6.3906
12.5446
7.99885
17.5124
16.5018
14.8592
14.5862
0.395081
9.8119
5.51287
19.2256
6.27307
14.6685
10.5982
10.7589
10.6035
1.90368
12.2831
8.49172
15.1113
17.8421
7.59402
13.8434
10.8399
7.36114
10.6094
6.81996
2.66547
3.48294
16.1107
10.2449
17.4172
11.3958
11.5625
13.9086
7.24651
19.2114
2.15256
16.5002
15.0763
4.45263
9.79535
16.7182
0.633018
3.78988
8.94548
3.34127
18.3287
12.1583
15.3839
4.73905
7.23108
0.100953
15.1033
7.41779
4.97424
8.98801
14.0374
10.5229
13.5756
12.7489
7.33298
5.45069
0.988425
16.6334
7.2054
6.14718
5.87796
2.1208
18.1294
3.5319
12.4147
19.6785
4.052
9.82548
0.957114
0.913091
5.85702
3.61059
19.2398
2.37732
0.173344
2.45172
4.66743
3.1766
16.8248
17.575
6.39665
9.61432
13.5756
6.12131
16.7523
16.3872
1.00751
15.2751
0.995433
14.2463
18.9544
15.161
19.0474
2.8814
2.12563
9.79846
10.1112
9.22056
5.14962
13.5855
3.35795
12.6977
12.2715
17.0239
17.5457
15.4848
15.2787
13.4432
11.9384
16.9338
18.0801
12.8812
18.9689
11.392
8.62073
3.73336
13.2858
10.2168
11.2975
11.7699
17.3533
9.9401
9.67097
11.0765
6.69008
11.4919
11.497
14.7693
4.29711
11.0144
8.99947
6.60223
16.7724
6.59692
14.7512
18.3858
19.9368
5.49747
9.7288
7.16644
2.83322
8.0832
17.9008
4.68631
15.4932
0.669241
17.8051
12.7992
8.90034
16.9625
8.35992
3.39095
1.12931
4.99932
15.1132
8.50271
1.34713
11.8206
3.89024
18.1583
7.27204
13.3945
11.8238
4.03105
15.2027
17.8582
9.00841
7.91408
19.3553
1.02756
15.4399
14.1548
14.1199
12.7512
14.6553
18.7272
19.9746
16.5423
15.3676
12.9036
1.373
15.0953
4.52749
7.62655
1.35095
0.426112
16.8161
14.3707
1.12371
17.2149
2.29459
14.4401
17.1555
2.6772
11.4194
17.5236
4.51961
16.6561
0.914061
5.79943
17.1726
11.7815
8.26566
19.487
7.41926
1.49884
19.7965
12.9853
14.9624
16.7266
7.25805
18.1164
17.0723
14.4758
17.0635
0.785488
10.4151
2.42583
1.26806
17.272
10.4178
9.39187
10.7845
5.78456
18.6309
3.81882
14.4894
18.1075
0.361946
2.9975
6.20747
0.129672
12.389
5.6635
11.5211
15.6754
11.497
0.998198
2.82432
7.04292
4.19817
4.95251
14.4937
0.981763
17.5378
2.81838
18.3238
1.27447
1.10864
8.56649
16.6608
12.5355
2.38655
6.92636
17.2207
10.1042
11.8292
17.3992
4.98736
7.03142
14.2898
3.62706
11.5406
5.51879
18.5322
15.0135
3.95023
11.6173
17.8785
11.7933
7.93153
11.7264
2.24045
10.0902
19.8805
9.9795
11.2561
15.252
0.122082
18.7322
6.29442
12.584
0.909777
1.08362
14.4495
17.974
12.8507
2.5661
9.31807
19.5378
15.2143
15.8121
10.6041
11.2995
11.4876
12.3635
18.7393
5.64904
6.37965
12.9276
18.5904
0.474375
0.565472
12.6775
11.4591
12.497
5.85714
0.854269
6.95863
13.2519
17.4401
19.2515
19.7077
6.84082
7.01068
9.53441
10.677
13.333
17.2553
15.223
4.8547
9.65268
19.288
8.41966
18.5266
6.08946
13.7084
12.7154
2.16193
0.513535
11.5545
9.47874
3.30175
11.207
11.451
17.0356
10.3251
18.73
5.14672
11.8411
2.5854
13.0584
1.83043
17.1332
3.96949
12.5386
11.3303
6.21037
13.7682
15.9195
8.72118
16.8634
15.0719
2.14996
18.4684
11.605
3.4158
3.51191
15.821
18.6474
5.67557
5.69364
10.9598
5.33281
17.3646
15.8145
17.6292
4.19788
9.81224
11.5391
10.5408
16.7827
13.4288
6.52802
14.2085
16.3017
15.4598
11.3244
11.6834
0.25469
12.5581
13.7856
13.1842
18.6276
17.4775
16.0443
18.1561
3.8323
14.6105
17.9811
8.8988
4.84915
3.94366
5.5329
0.458817
4.66054
9.47349
0.912254
17.3483
2.72615
14.6498
5.40899
11.4203
2.72895
8.39079
15.6747
18.6682
16.3988
1.45967
16.3219
15.906
10.915
17.3773
17.8129
13.8242
3.768
13.6194
18.1251
15.8604
2.92997
0.0529318
16.4525
0.229175
17.6599
17.9139
7.58064
13.7255
13.2442
17.8424
14.9388
4.46259
18.1156
5.47388
6.55606
12.0343
8.69251
19.9467
13.2106
9.90567
18.6689
11.3096
11.4452
5.30208
5.31894
11.8792
12.8714
17.0766
12.611
2.74558
16.9259
1.82196
14.5296
9.81199
13.8082
14.2923
0.37396
5.31719
9.01062
17.7629
4.03794
13.5136
15.9062
8.71366
9.66466
6.9048
10.0684
11.3543
6.92198
8.84943
4.55652
5.62549
13.7218
3.59329
10.4155
10.1692
12.3758
4.73341
5.20284
19.7256
14.4418
7.50399
5.51395
9.14071
13.1201
5.79331
4.65477
3.00989
2.64626
14.7304
5.87842
1.45019
6.11346
6.95379
10.5128
5.9668
19.873
17.3847
19.5857
2.11726
6.158
10.7147
5.35462
9.53852
4.17952
5.08448
1.71195
18.2653
13.0105
5.44396
8.3293
12.201
17.8593
13.7186
1.7979
5.8315
4.78395
7.0719
17.489
11.5867
10.3425
3.97896
19.5718
6.13195
15.59
18.3296
10.576
0.292081
11.6026
13.2364
5.45723
18.4994
16.1642
8.65263
11.3031
2.84964
18.0806
16.5482
6.5167
5.88111
0.352681
18.3787
14.3465
1.89553
11.4873
16.5219
12.3357
15.4574
7.81559
14.8192
17.2601
5.5156
11.7469
13.0004
18.4709
2.64455
12.7928
14.4142
0.0789023
3.12124
3.70575
3.25719
19.9589
2.43965
4.96007
16.3431
11.371
12.4134
13.7728
18.952
18.9243
18.2335
12.1073
9.05452
1.57096
9.27868
2.36292
5.17173
2.83197
3.05493
7.53693
16.7632
15.2439
9.27856
11.1802
14.3041
13.8481
16.7513
16.1791
5.07304
10.608
11.1542
12.3455
7.05169
1.16939
8.07588
14.6099
18.2543
2.1366
19.2554
17.2034
9.5649
1.443
0.535143
10.573
9.34095
2.25244
18.504
2.43822
3.98531
4.06169
13.9333
14.2549
11.3582
4.72939
10.8571
15.9396
6.03441
4.21178
16.9946
19.1031
11.1212
18.8652
11.1927
2.30302
9.73287
0.940838
9.99115
1.88555
17.4957
16.9183
17.2097
12.3957
19.4888
11.0419
9.24618
12.4199
5.321
14.3747
2.36503
0.235255
2.20123
3.35478
15.9804
17.9729
17.4157
3.80918
2.44051
2.47447
2.36283
13.3664
9.09493
2.78112
6.67649
5.77233
18.3289
2.52568
19.0087
7.88416
7.37321
6.68151
9.41414
18.4715
6.6266
17.9166
18.2282
2.58054
19.3494
16.3265
8.6162
14.5202
11.073
16.8979
14.074
7.58486
18.7867
4.89099
17.4249
11.125
10.6233
13.5497
4.91106
4.48091
1.73451
17.8806
1.69074
18.3887
2.79103
3.76971
7.10939
8.78603
16.715
13.8011
8.09445
4.25748
3.69452
14.4429
8.05645
16.2461
3.80242
4.0658
19.1192
3.97253
19.11
10.8044
18.8773
12.5364
8.33225
2.98826
9.95112
4.75506
17.8116
5.50991
19.794
16.7652
11.4823
2.72789
8.27832
8.89151
14.8768
14.2143
6.62228
19.4158
11.2179
0.501878
9.28582
7.26317
1.84067
5.1863
19.3285
18.9533
14.9836
17.8164
13.2295
9.08402
11.894
13.3957
