3.59521
4.49757
9.95408
6.38867
5.79381
14.1846
3.01697
16.0255
8.54161
7.31242
0.170875
8.51724
1.29327
6.24351
5.45215
1.51182
10.3418
19.4413
14.4485
10.4421
3.67327
1.765
5.16937
16.8375
16.9524
18.0211
5.02497
0.276922
15.4846
11.9091
15.6161
19.8938
2.84106
1.98407
14.2299
9.25681
7.81228
10.8801
11.6347
11.7641
6.59085
6.18529
13.3195
10.5354
10.2585
14.2416
13.4406
0.63573
16.327
14.5553
17.1303
12.6347
10.6933
18.439
19.0768
6.67748
13.8875
4.23036
9.82803
0.565706
17.4186
8.41427
14.2188
7.60029
0.0843797
9.19227
0.292072
16.0727
15.3389
13.4377
18.6943
8.96461
14.4135
10.8504
10.6786
0.176768
17.9744
7.36372
13.4231
18.4986
5.9564
9.1137
6.76625
3.01867
2.75918
1.4654
2.89107
14.0489
4.72326
14.0853
1.1501
5.27946
13.4592
15.7886
16.9673
0.408336
4.43204
12.746
15.618
5.97707
16.6064
17.5156
10.4849
14.2391
4.14264
6.64858
18.8488
6.85415
19.9717
0.664082
16.7101
3.40676
18.6609
10.322
16.7513
2.52309
12.7677
8.52941
13.8709
17.4727
3.38723
1.1975
14.1097
1.6909
9.3201
4.86482
7.30232
10.6862
19.7784
10.7134
7.87235
18.4466
8.94677
13.0383
9.81777
17.5349
14.2118
16.7996
10.1933
16.2618
18.0505
10.5528
18.6517
6.72646
2.21343
0.405254
18.0529
9.54227
10.5295
3.12418
6.41757
18.8312
16.7212
7.06856
4.19738
4.05185
2.57494
3.21324
8.48554
1.80946
7.71326
17.8567
1.53484
13.411
6.79049
18.9498
10.0822
6.69376
12.3874
7.625
14.7245
10.4312
7.21499
7.35187
3.76268
8.00505
12.7103
3.86149
19.6183
13.7978
10.973
4.14447
7.52703
1.28146
6.90874
10.4178
7.91667
7.3149
18.5726
1.18771
12.8899
7.25765
10.7207
6.53239
4.01078
1.05676
0.574414
13.8179
15.501
15.0262
6.52683
17.228
15.9409
0.716677
2.0091
19.3267
9.08107
3.29775
13.3919
14.7913
1.43122
19.4007
1.2307
2.47733
15.5083
10.2871
2.84271
4.05923
4.09274
18.2442
9.97642
1.12342
7.27698
2.79899
10.6923
1.11118
9.23816
15.3619
16.2759
19.4267
5.62515
14.3804
1.97066
16.9799
11.9101
5.99939
1.30529
17.0376
14.3751
2.78585
13.2959
10.9627
12.4943
17.5139
3.63412
13.0019
0.121074
10.9717
6.52731
3.40021
19.901
3.51509
0.387976
19.0797
17.7066
4.41999
8.76194
19.1054
7.62112
3.01501
10.5503
19.8132
2.53281
14.5439
17.2593
11.5089
2.87611
16.9865
19.1901
14.4185
14.6348
14.7604
2.92757
10.3144
14.408
14.9041
7.71213
17.857
8.4281
9.78984
9.47334
16.0237
7.01125
10.8876
4.62507
0.654738
4.22346
11.426
1.30041
2.32895
18.3579
9.76914
17.98
0.641925
0.079604
1.58955
18.7443
17.0302
2.45736
10.6202
3.50423
0.700272
9.59526
8.56516
5.83001
1.36926
15.8613
2.65008
8.38886
3.24448
14.6117
4.71835
11.1747
12.1137
9.20938
10.338
15.8988
4.72392
18.4328
0.542944
12.6957
18.1704
7.90023
6.74551
18.1587
19.7211
16.1848
16.8529
18.1067
16.5162
17.0439
6.0483
8.67968
18.0231
7.01933
6.40837
6.20582
17.0427
4.24251
2.8541
0.406611
4.25962
10.5687
7.91194
1.87947
0.801889
13.2935
11.3859
4.31513
14.6371
11.033
19.5723
13.4026
2.78049
9.94048
0.0224478
16.5959
17.63
5.02148
11.2996
12.37
19.0127
19.1158
17.4033
1.83576
4.71887
9.47706
7.11378
14.7022
7.25017
15.3201
15.0371
0.232963
2.52069
16.9155
17.9752
7.9205
9.7354
9.23179
16.0448
19.446
15.4011
9.86142
4.04978
7.86153
14.0207
9.69302
2.88218
15.4844
13.1067
10.5458
12.5308
19.2404
14.5386
7.91704
18.575
12.3078
6.65619
6.36429
6.63337
8.29287
19.7185
8.005
16.5723
2.985
3.01022
10.0936
12.4033
7.49279
6.42152
17.967
7.6181
7.66665
11.1462
11.3516
1.5164
17.9473
13.584
7.73643
17.9903
16.943
19.0404
12.2016
9.5583
2.70365
13.496
14.5404
9.37618
3.55732
3.67608
1.4641
5.07637
7.78094
3.34555
17.6348
8.24276
4.93951
16.8027
8.3953
9.42172
12.1828
12.8858
12.756
4.50024
18.9988
15.6488
1.76414
1.52067
2.72144
4.83309
12.0459
6.64128
3.77668
8.73817
13.8173
10.5041
5.92959
11.6057
10.473
18.7521
8.87904
0.37376
18.4551
12.9743
8.11272
11.5945
8.43219
2.01956
10.2068
17.2811
18.1482
1.69025
3.51157
7.88926
11.0692
18.4151
15.6897
8.78081
17.8895
12.0095
18.5493
1.2302
18.3553
9.91037
0.296429
11.7801
14.3188
17.357
15.9744
6.43583
16.5668
13.0926
5.34025
3.93068
9.84388
18.4166
14.0507
15.1158
4.7141
16.6377
8.79201
5.04032
9.31368
6.60593
8.01567
0.475284
0.57904
5.84442
6.2202
5.45637
5.54195
2.97306
5.64568
15.6869
0.452695
0.59744
16.0959
7.51593
12.6422
1.45982
19.555
15.9488
8.30961
12.0101
8.36723
16.941
16.134
10.5738
18.5861
14.8131
17.1085
11.7841
9.98737
4.20492
11.3822
17.8921
16.0036
3.66558
11.4718
2.2539
8.35828
7.62681
10.8519
9.89147
17.2256
0.242241
4.39458
5.76978
11.4866
11.89
6.15524
16.7597
3.53549
3.34038
4.70212
4.00153
18.5036
4.35179
3.67541
3.96434
8.14456
12.605
9.66384
3.95664
19.5495
15.0377
19.0838
19.2524
16.1387
14.086
13.4864
17.7134
4.24358
8.72014
0.58661
17.8096
6.0849
11.1695
2.74774
6.40913
11.6784
2.09002
3.42656
15.1856
18.1201
17.9909
5.47086
12.6521
10.9487
12.3932
0.130625
5.93796
6.84649
15.5509
0.764207
1.07668
4.69937
2.36517
16.08
8.81927
5.10115
8.40374
3.06866
19.418
8.4411
1.49007
4.78235
2.75631
3.23378
4.87119
8.31839
0.093284
10.1458
1.00282
14.2266
9.93207
7.68745
17.2441
1.41685
11.8814
3.27655
15.8177
15.2853
12.5951
18.2919
6.0494
13.8715
2.34669
17.4016
14.447
1.0923
1.46141
5.74429
14.9355
14.2173
9.36793
11.6422
17.3884
7.89704
8.49625
11.7149
10.3006
16.7493
15.8733
5.88245
11.1912
17.5122
7.30751
1.92258
14.2786
16.5493
10.6967
9.68653
8.57739
7.31907
2.54073
11.7869
4.60746
2.31081
4.42485
4.69206
19.8695
6.28182
4.61943
1.13372
13.5965
15.7317
9.29749
2.9765
10.3462
7.54467
17.3296
7.38223
15.5394
5.43349
13.1562
16.257
9.32915
10.9661
14.3955
19.915
6.50988
16.7992
2.66083
0.77021
6.80752
10.5192
0.371437
10.8456
9.41368
8.76347
19.4622
4.64559
4.3204
6.22492
7.6608
4.18941
5.87466
0.989889
0.252888
16.2746
2.83306
2.90301
9.22565
12.3096
14.6199
18.9516
9.62288
15.9437
1.66756
11.7009
6.1155
17.5774
17.5072
9.08194
2.71795
7.40761
5.85869
13.2182
9.98199
9.55576
8.04556
8.77154
19.0783
9.60503
6.29898
0.144566
17.4059
5.3596
12.0498
14.9262
17.7262
1.425
7.02037
8.55493
9.92209
10.0764
3.58953
7.32384
6.39231
3.85389
17.0773
16.6478
7.31195
1.32116
1.42156
12.2967
1.22063
18.0725
6.3514
9.75059
18.0538
10.8506
15.4129
11.1309
14.0421
0.389328
5.36996
11.1242
6.4566
0.167574
13.7724
17.1761
4.02036
8.57779
18.4244
10.5475
6.65551
13.0907
1.45144
2.42248
16.2366
19.0627
9.76113
5.80951
15.0993
9.98322
16.805
13.8179
14.0746
3.65258
8.96867
7.35273
12.8805
0.962856
14.2673
8.50814
15.7643
7.84928
1.34264
9.6037
11.3215
4.78032
7.43747
19.6854
16.1933
7.72312
9.67342
8.07321
16.7643
8.87242
16.8452
9.49558
17.2369
8.93128
16.3031
11.2657
5.63449
8.23556
5.38819
5.42091
19.019
8.69856
16.3379
12.3925
8.71626
3.23925
16.181
0.185221
17.3931
18.6558
8.28624
4.61772
11.0231
4.08553
3.06686
18.9331
6.64792
3.91445
16.4016
2.83598
10.6248
15.2773
4.15712
9.83954
13.2848
16.8467
3.27813
13.044
0.900704
13.205
16.301
5.83176
10.7683
4.6617
13.7162
10.6074
13.2474
7.02984
3.85288
4.77147
18.4726
8.62491
13.4003
16.4691
0.92355
0.262035
4.48233
11.604
17.2674
4.41362
1.66961
11.1966
5.2525
11.8639
18.3547
5.1937
6.76915
14.9432
6.93981
5.05289
3.40879
7.60814
16.7297
13.8677
9.80944
12.57
17.1823
15.8484
6.11127
12.0558
1.33546
4.96018
1.15985
8.96127
16.32
3.09558
4.43334
1.95329
1.08518
10.5186
19.55
10.0896
17.6607
8.09065
9.42163
16.6969
3.86041
14.9239
0.830322
13.6608
18.3408
15.5584
16.4364
13.0648
9.29735
4.66407
12.0553
11.31
9.54922
15.1976
14.2198
13.7553
17.6107
2.64644
11.1645
11.9423
10.5578
11.7299
15.0486
0.562718
3.15143
0.200068
14.0093
9.7948
14.4094
14.0552
5.30703
16.6746
2.11476
0.0685539
11.9514
9.07938
18.1497
7.98337
9.89704
19.529
7.84919
18.9664
2.46996
12.5599
9.68813
18.1248
7.12378
11.6603
7.31608
13.2794
3.30101
15.9931
4.3464
0.71869
2.19295
14.9422
12.9912
8.85763
4.10461
4.41552
15.7569
11.2198
3.35063
7.77286
9.09322
0.300138
6.2487
1.20552
14.4431
16.3641
13.8369
19.7008
14.7166
17.0135
14.0171
16.8256
11.4022
7.94623
5.88891
1.83852
4.44216
7.32254
10.9994
3.43381
7.98347
14.7874
7.89085
3.44947
16.8631
17.4691
0.0990809
13.1634
7.147
7.77379
16.7555
15.1467
8.31779
3.98623
3.02928
2.71461
6.64334
17.3889
0.189489
6.82634
5.87102
4.96223
15.7251
0.46365
9.21291
7.81171
18.3189
17.5112
2.97881
10.5342
1.7169
9.09582
14.9765
15.2406
1.64529
15.4377
19.5599
0.195754
10.2354
10.306
5.16169
12.5995
15.8786
14.8057
8.25573
15.7588
1.94455
10.0057
15.7697
15.8858
17.2738
0.854721
11.7557
9.52205
10.1991
3.56416
18.9652
18.7743
11.109
14.0939
15.6228
6.90859
2.57057
17.6572
6.8147
17.7693
12.8164
12.422
6.26278
16.4973
3.36781
5.06893
10.8817
6.39089
9.64904
15.2137
9.90034
15.9947
5.68718
10.9085
8.56815
16.306
6.21906
12.1946
1.26744
17.9797
19.375
8.0653
12.1646
7.10476
12.8591
9.16676
8.1788
15.9073
14.3375
3.2347
7.10588
2.91612
7.97894
19.6492
10.1337
2.56452
13.029
0.868146
18.6161
5.79175
12.3664
9.26218
12.6003
17.1019
14.5584
2.52352
6.7613
17.9636
16.1432
4.44494
13.1887
10.2372
4.17671
0.533215
19.6072
10.9444
12.6629
12.7002
2.60293
15.2428
12.789
1.92689
1.95472
3.89793
9.69238
12.9535
2.9606
9.21547
15.3618
15.6738
0.33746
9.02448
1.91209
11.7766
16.8255
6.60413
16.8971
15.726
11.9377
8.81302
3.74546
2.37583
14.6048
10.896
9.72495
6.44704
9.23785
19.7561
19.1606
4.01131
16.9187
12.1863
5.45997
19.1236
16.6262
6.88666
13.2929
9.63324
9.65981
9.81115
17.9648
16.8543
13.3067
11.1508
19.2776
18.8428
6.01397
10.0744
6.44178
8.02924
1.1553
14.7946
11.2098
3.85284
3.92369
10.6833
12.1629
7.8292
13.044
13.2543
8.7627
13.8183
6.71518
14.2171
4.59748
8.47233
16.5628
6.21573
15.2903
11.7378
8.00357
14.2967
19.7665
14.7567
11.3918
14.1982
12.2592
14.0021
7.42738
0.516533
7.19741
14.5918
3.8704
3.09092
17.4124
5.01842
18.9916
4.41033
4.20208
19.2803
8.11909
6.45127
3.09493
1.10658
19.3515
8.30181
13.5484
0.948029
18.7768
4.85546
15.3231
3.38992
19.2485
12.0474
11.6188
11.6704
18.4478
4.92202
6.35918
6.80397
12.1281
16.6614
11.8559
14.8073
16.5635
16.0829
3.75743
5.69434
7.66008
1.58167
18.1543
6.5524
4.89693
9.76131
14.2901
2.48177
0.704352
2.78125
12.4931
3.81588
19.7814
6.68352
17.0255
11.9721
14.1282
6.03271
6.54631
8.37757
17.6869
9.82705
4.67209
14.5065
12.6755
15.2104
19.9722
3.02003
8.6844
8.91738
0.243727
19.9642
2.1369
16.718
14.3465
18.6232
10.6413
13.6245
5.29444
1.2588
3.32256
0.717187
6.9013
18.4239
15.2092
9.65335
11.8771
6.63752
11.1159
8.08501
15.4208
7.31238
6.53266
8.10318
14.1431
8.93824
8.61139
7.58922
12.8178
11.3795
19.8949
19.8396
12.1805
11.9746
13.5576
17.9893
8.68529
17.4076
19.4639
13.527
10.1545
16.2589
9.53246
12.8901
9.74839
11.599
10.2057
7.66131
9.55871
18.4904
14.1437
16.8511
1.59227
13.9537
9.41648
11.4836
3.37317
1.41011
12.2478
14.6773
4.01722
8.89379
17.5785
19.4326
12.0109
5.33831
7.99225
7.60193
18.5697
7.80845
0.322481
9.38232
16.2656
5.32299
9.15129
9.84725
1.65751
15.3963
9.65214
2.73398
18.4538
10.7306
14.1844
4.66545
6.48626
17.7148
4.49154
4.02357
1.06431
15.3538
16.4301
7.58087
12.7107
1.35912
9.12824
1.5834
5.63356
19.625
0.0383708
19.739
16.3242
13.9882
17.3671
14.2705
0.699158
6.94986
6.54358
19.7974
15.4155
19.1183
2.75518
8.99697
16.9874
19.9484
9.76963
2.85958
8.72073
4.29098
18.4783
2.36201
16.5938
5.90082
0.907632
13.076
6.19387
13.904
7.20894
12.1506
2.9813
13.3966
1.2485
6.48483
2.16568
8.50793
5.95086
9.67385
12.1901
6.86186
11.1535
19.4801
9.39219
0.095225
7.33123
17.2547
2.82818
5.92845
18.4135
12.7891
8.24579
0.766227
18.6773
18.2674
4.0193
19.8606
19.6487
0.51311
3.33207
5.39118
17.5191
0.0878286
8.27385
3.4625
0.609252
15.8244
2.92306
0.984613
18.7458
1.99853
2.88965
12.9339
8.09145
11.7645
2.27199
1.82765
8.53524
10.9167
14.6932
12.6444
19.1789
2.55586
9.5321
8.50524
1.54574
13.9243
18.6957
16.1754
3.7488
1.32104
0.930745
10.443
5.66649
16.8113
8.63787
17.6473
8.19239
1.55981
10.3193
17.4835
13.8276
15.7469
10.3065
10.1322
17.7062
11.545
17.3526
7.76128
6.43846
4.62233
3.43754
1.42906
8.48581
9.47651
3.91624
18.0262
5.2432
7.04152
11.6721
0.733892
19.5114
7.75859
3.98722
2.14367
8.28431
12.6343
0.592398
1.61322
10.9298
10.5332
18.7072
3.44941
7.09243
2.52896
4.97188
5.50455
9.81465
9.03909
0.428674
16.2263
11.6063
9.61554
10.3755
17.807
9.44344
15.7967
13.4268
18.2105
5.45879
0.22511
16.5704
19.9728
19.8475
0.412044
7.67903
10.2133
10.4028
4.43448
9.79322
1.97457
8.12451
17.4302
7.31985
4.23175
11.0059
16.7382
15.8331
6.24416
10.0327
17.9721
2.63262
7.1426
15.0119
6.73092
18.3255
11.7103
2.37042
18.2018
8.24768
9.85216
7.85607
16.3828
18.5182
13.9106
10.1338
1.08539
3.45792
8.55685
15.4835
8.32194
12.9412
7.7988
6.9798
2.96791
11.5444
4.97198
18.6198
2.68335
2.271
13.0899
4.81359
15.6807
19.7959
8.90362
16.8657
8.03134
8.80458
15.276
8.46807
13.0057
1.3207
8.1959
18.9722
15.377
15.2136
14.892
15.2275
6.02946
3.67687
8.97519
4.78407
18.2322
8.59606
11.0696
19.2568
7.78425
19.6865
7.51343
2.62792
2.74195
4.27875
14.7116
17.6322
17.5797
3.90827
10.3118
19.0101
18.0355
10.4173
3.23396
9.74301
19.3795
10.6326
10.4482
12.4095
13.6283
18.3193
1.98344
18.7047
12.6169
15.7076
11.5958
11.1299
9.59971
6.20345
18.4938
10.2212
1.78746
2.55937
9.13717
1.21814
8.3373
15.6208
9.15393
14.7662
9.48507
15.3653
10.6242
12.3765
10.9921
6.332
3.07079
9.72271
3.65396
1.76849
1.52759
6.07911
1.24816
11.5626
1.7677
8.63934
4.37394
9.89935
12.0327
17.7644
16.7097
3.89567
18.2787
9.34832
13.3403
12.8243
10.9204
14.5901
9.03322
7.23629
0.301124
2.97957
2.44273
4.83737
1.92848
4.45715
17.9934
10.3176
13.7913
2.50339
0.597942
1.81409
17.1329
17.8447
9.56585
0.948475
17.3095
16.9507
10.4809
10.1497
19.5355
12.3961
4.32111
4.65071
12.21
14.4746
11.3987
15.3408
16.5529
3.09214
16.67
10.7154
14.5386
9.97368
6.47806
12.1014
15.2899
8.04406
11.2404
10.3521
14.2295
5.87556
11.9016
16.9394
2.88137
0.812987
11.0874
13.2493
17.1267
19.4584
8.17654
9.76842
9.33837
17.7128
6.3078
1.81559
5.64526
18.2672
19.4578
16.8719
19.4367
8.73558
9.9476
13.1172
7.19515
4.95848
9.41852
10.9439
14.7746
14.5769
3.48265
2.37167
10.4763
8.13788
1.79026
3.63673
6.03686
4.61215
15.198
2.20125
4.25966
15.1128
0.0696184
17.5839
13.6687
17.823
3.13438
18.3182
9.49861
19.0083
12.7563
9.46994
6.11525
8.08968
19.3393
10.4859
7.91832
3.01368
12.7726
16.3964
12.2362
6.89678
12.3594
16.6851
19.159
12.3554
7.55851
1.59186
1.36289
8.43163
9.51518
0.160634
10.6244
17.5229
13.8748
1.26234
2.02651
5.50378
13.2553
6.88619
18.5971
4.11413
16.6115
19.3919
9.39089
4.77304
13.318
0.201278
14.9073
19.8395
6.90972
15.4841
0.983789
4.45079
15.2161
0.408447
17.4331
16.5516
9.32942
10.62
11.5987
3.47914
8.45393
0.915027
7.60418
9.50881
15.4835
5.52206
13.2311
6.51574
14.9328
4.21609
9.36283
9.08246
0.734205
11.1999
5.78554
19.1195
10.9898
14.9706
6.67009
1.21625
7.00216
3.89591
8.9726
5.63769
16.7422
8.5565
12.1082
17.3229
0.590179
8.32402
10.3635
13.8362
8.19007
18.0651
8.82116
1.78362
17.5309
18.8765
7.51604
10.6187
1.36771
7.04235
12.773
6.40895
13.8723
6.17396
1.76433
3.44521
8.13112
4.2704
4.48041
6.36972
7.78546
7.69265
7.33929
15.2069
11.3943
2.42043
5.88169
17.9071
2.8746
5.39462
19.6121
11.9892
9.84979
19.4665
7.41017
17.9289
16.5226
14.3669
18.4768
2.92135
0.210946
15.9603
19.098
12.701
16.678
15.6032
10.0193
7.62914
8.20389
13.2909
19.9372
13.6222
1.67357
17.2974
0.953756
13.3723
4.1227
6.71209
18.5802
8.79858
8.49152
0.212734
13.4189
11.8132
10.1935
14.3244
11.3768
16.1151
1.22575
8.38581
12.2235
19.9154
17.3167
3.09137
9.25834
17.5391
12.7326
3.30992
15.5322
6.11728
1.68451
6.22303
17.6336
19.0066
14.1154
18.5335
9.80648
0.610964
4.59462
19.897
12.5907
19.3416
11.3087
2.57023
1.69205
15.4862
5.29782
16.2467
14.217
10.4485
15.4744
16.8912
18.3603
2.81781
0.491014
14.34
17.8757
19.0719
10.3726
11.2577
15.8738
0.83233
0.817042
4.97664
3.91752
8.83577
7.9427
16.5148
11.4902
12.7748
1.71902
8.12698
8.90217
0.279091
0.82537
2.94777
19.3423
18.8837
15.0007
4.10575
8.67469
4.15565
2.54037
14.5237
5.06128
15.516
0.30297
10.567
9.14622
18.5472
6.02815
4.25968
3.80339
4.29561
11.2102
5.02106
2.09319
10.4979
6.98506
3.19766
17.9779
18.3607
0.695346
8.77332
15.3662
15.2954
1.7435
0.481187
1.0258
9.7781
5.13931
3.11126
19.715
15.7084
4.07962
5.0691
15.3418
17.0528
1.34206
10.6261
17.4164
0.594808
10.2567
6.84344
14.6958
0.697973
1.70563
1.41843
4.08794
4.01361
4.49618
9.28759
8.7657
3.5232
12.0684
10.5148
18.4854
8.92686
15.4046
5.80507
9.90056
4.40871
19.4449
14.7582
5.79587
5.30761
7.81368
4.608
9.86752
0.283196
8.29202
2.85167
2.4756
12.936
9.70102
6.68673
11.5833
0.643913
10.9441
18.7194
15.4377
11.7886
6.95606
15.5097
8.60018
15.3247
10.7714
11.1051
4.47308
14.7061
2.02901
15.2181
7.80538
16.9956
14.1228
5.20887
14.3406
17.9008
10.63
19.5664
13.0103
4.94717
10.8006
1.48141
2.53746
8.49269
1.26794
7.31298
5.13349
12.7267
13.0718
11.4606
5.38331
0.0533083
0.258751
15.6746
1.43524
19.121
16.0583
6.41017
18.4258
8.94537
2.32083
17.6425
5.47429
17.3035
10.9441
17.994
4.30092
18.5081
15.6818
13.176
1.16457
7.70524
10.0857
14.2418
8.27422
6.56406
8.66976
19.4058
18.4655
10.5796
14.3097
7.29936
6.32212
1.68839
3.24058
13.3862
4.24947
1.76993
7.92794
13.1757
4.20704
10.5812
12.1436
2.83176
9.39665
9.9035
11.1404
14.8876
14.4621
10.1123
8.80323
13.9855
6.02484
13.8096
7.50244
15.4123
17.415
10.8419
7.3995
2.29666
4.07536
6.66671
18.8138
13.4902
5.62662
17.3291
12.1809
9.32419
17.8014
11.1302
2.26321
1.87531
5.66185
15.8952
6.72442
2.15339
9.6436
10.8347
15.5407
5.90942
4.54146
12.8742
5.55565
7.28101
15.3589
13.5634
12.0529
18.1152
2.15778
1.57039
18.1598
10.2548
6.40345
17.6584
8.17977
18.5078
9.84881
3.48031
7.21077
4.38388
16.2094
10.5703
5.9345
13.742
13.2758
4.551
2.75961
10.6648
14.6799
6.04473
6.26916
11.5
0.846676
17.2216
0.209673
7.88192
3.33457
19.7334
3.7058
17.3815
1.59853
1.89906
16.6891
6.74697
2.43422
11.9491
19.393
15.6639
16.1668
1.54158
3.80507
8.55624
17.8444
5.22368
3.29795
16.2359
17.94
6.29102
8.39322
14.2924
19.7361
3.55001
18.6577
4.68342
13.1976
5.91579
14.6695
8.85818
5.32094
10.0933
16.3289
1.5817
0.073717
7.41325
10.8362
17.1023
0.27649
2.70264
0.0780181
9.858
13.4629
14.2889
14.2728
8.60627
14.5238
6.3889
15.0087
1.60244
11.1476
8.30275
2.1431
3.19177
7.4332
18.9419
8.97422
2.76768
3.72091
11.0068
6.8657
14.3328
6.05361
13.4831
19.9722
5.42228
2.36208
7.92414
9.81344
17.3467
0.991541
9.08237
15.9764
6.06522
1.49297
5.04333
3.92757
19.2818
5.94851
16.6251
11.919
0.803456
12.4053
17.2377
4.25441
18.4716
6.71863
0.536013
2.57405
16.1544
14.9009
2.20186
10.2448
12.316
13.6383
13.6629
13.7368
2.12183
7.82897
6.55099
16.5666
4.79735
17.1491
0.62458
5.92664
1.81745
10.1826
17.4398
18.4659
0.641209
1.88486
18.8762
19.307
7.77678
19.5851
3.62975
3.00126
19.2911
18.3407
14.9224
12.3865
17.3493
13.1097
9.6453
7.06433
13.0336
2.23386
18.4876
16.178
16.7923
2.7746
13.1378
2.22608
6.62485
18.4589
13.603
0.46242
6.83679
10.7845
5.90417
3.25811
12.9617
4.84107
4.08
3.02499
6.75804
3.98406
9.87046
2.90489
12.9705
18.948
8.29732
6.64899
2.6201
2.0602
12.3791
8.33544
11.3152
16.0612
0.90035
8.27036
7.1661
6.85901
9.34238
19.0349
0.672813
5.6866
17.4104
14.8732
3.78009
18.5257
1.67757
4.76493
7.10266
7.71979
19.2326
12.7874
11.7769
10.8008
12.912
17.683
16.2769
9.5168
4.93536
14.9678
11.2022
10.7774
15.1899
12.6571
6.57965
10.0951
14.748
15.8224
14.2999
12.3569
16.3762
11.776
18.6878
2.82138
1.25773
8.66322
5.87892
18.2084
19.1574
6.56269
0.327539
9.35845
7.79204
16.3444
17.7764
12.644
19.5215
9.24717
8.11194
6.09034
15.0505
0.660925
18.7767
6.40875
13.6741
1.55346
18.7123
15.1527
16.0697
6.45815
18.7004
6.24727
5.48476
18.2944
0.394582
2.02376
3.1557
1.49793
17.491
14.2697
5.31798
13.6848
17.8088
0.449346
7.84641
6.50893
14.9213
8.3166
1.96922
9.32825
8.2633
4.87006
0.434276
11.0315
17.6798
11.8798
19.433
16.5436
16.3121
1.05844
6.90608
8.06652
6.55891
16.4384
5.2129
11.9318
7.82329
15.8267
10.2467
3.51676
15.6164
1.14597
4.50686
9.87969
16.2285
5.93264
11.5853
13.6027
13.1623
3.25362
10.9142
4.09853
10.3765
13.2058
15.457
8.75335
8.01172
9.96938
4.56324
1.037
7.60389
0.415383
2.06755
16.0168
7.52573
6.71259
17.0748
12.9682
14.6453
15.2648
1.00797
19.1739
10.7427
16.6225
14.5345
18.2163
1.88877
19.908
15.5474
19.9853
17.6914
8.00759
6.9303
3.7651
11.3648
11.5772
14.2517
15.5191
12.9378
0.982342
13.4402
7.75901
15.7021
17.6039
10.8191
19.0703
16.7105
16.9687
1.83519
3.95466
13.4354
11.5022
13.6279
0.820925
3.83402
5.82103
4.84283
2.32055
7.05654
11.1304
15.1417
7.56155
15.4694
6.49941
19.3767
7.30848
14.8058
17.2938
14.5347
5.13302
9.08998
17.7711
4.18456
18.9038
14.9452
1.99414
10.2518
14.9585
1.24722
15.7079
7.82449
4.07205
12.7505
19.3694
10.0721
19.9462
4.37126
14.6698
4.07563
4.40925
16.9624
15.6108
6.919
18.6152
1.58586
12.5314
8.78307
5.25259
11.8538
18.0338
17.7546
17.8208
18.3903
15.4566
18.6583
14.1132
12.1845
5.90319
12.09
3.00006
10.1964
17.1531
16.2655
19.8164
1.11836
15.8696
3.97502
8.3907
14.667
3.45777
16.4435
0.58831
16.9001
1.32238
14.0266
7.51886
18.7181
13.2768
5.59441
11.3001
19.0284
6.53306
0.0748073
9.30132
13.7087
11.7822
11.6587
9.06329
18.6409
1.2296
9.74789
10.6343
12.982
14.7347
19.1426
4.28983
1.16716
8.68067
2.13213
2.01743
3.7416
18.9636
18.3753
18.0976
3.39215
11.0956
14.7896
13.5684
4.79053
1.21876
15.0084
8.37175
17.257
12.2325
5.85174
1.08826
3.90248
5.34185
9.16649
2.87187
14.0744
10.5267
7.48796
3.8657
17.4753
3.56355
15.5299
0.878611
9.15256
13.1319
9.262
11.3922
5.83478
15.6915
3.94735
18.867
18.2783
10.9338
10.6772
3.50672
4.12528
8.99871
17.0891
7.10644
3.97774
16.167
12.035
14.7886
7.3752
9.81543
19.6868
3.92883
18.8655
19.5661
13.5859
1.63362
16.0902
13.1686
0.0283637
18.2546
16.7211
16.0111
8.50398
6.59317
18.8229
0.207697
1.66741
7.05906
6.74211
0.38851
18.5428
19.4638
19.0894
7.9144
16.4859
13.802
15.7317
0.678764
9.81933
10.5801
6.62427
15.0354
2.51379
7.6258
4.47746
3.47699
3.42175
13.9168
16.2726
10.907
7.90691
6.55443
0.0282957
10.2539
0.353599
13.042
15.7565
16.7484
15.3678
3.82717
18.4933
4.71121
13.8515
3.65342
0.55547
8.92097
1.10502
16.4379
9.17397
17.7184
0.899532
6.15563
4.29875
7.50095
12.6781
6.01046
18.6875
13.259
4.77813
14.6465
8.63332
10.7698
18.0416
11.7728
18.5664
15.3404
8.65141
8.02725
19.4297
6.14612
10.8334
13.8665
12.0231
18.7316
6.75147
5.41997
6.70839
18.9164
1.87891
11.4394
0.214656
16.0038
15.6895
2.15042
2.52592
10.248
18.4418
6.4424
3.13775
1.75833
6.74322
7.82287
18.1015
15.978
8.95107
3.62597
7.74388
3.92679
18.4884
0.588579
14.0427
6.50034
14.0998
16.9936
8.74592
11.8191
7.33485
0.0547167
2.17347
10.1832
7.51543
7.70389
13.4858
1.59769
17.4052
1.68327
10.1411
3.92032
4.29306
9.93515
1.1897
4.38442
0.12671
18.2648
10.9552
13.3048
14.3547
17.8777
7.61058
16.6492
10.7586
6.0106
5.5777
0.0304181
7.45389
11.5724
9.29139
13.0296
11.7556
14.1183
9.83027
14.1684
5.736
4.25068
15.1835
1.12113
17.9844
17.2352
17.4893
15.1262
19.9988
6.72784
17.3895
11.7089
6.9135
14.1541
1.01643
6.4428
6.05081
2.22334
6.1507
11.3394
7.56443
12.5707
13.7815
7.2263
1.60132
6.86414
14.1321
3.95015
1.61928
12.634
18.2688
0.175747
7.57416
0.644199
8.0818
2.68714
9.99493
18.6649
7.69959
0.433978
12.7807
17.8038
9.19195
16.8992
14.8777
4.44715
18.5572
7.61783
12.0089
5.26687
9.83132
1.75467
17.7088
6.16391
4.0861
15.4802
10.5207
9.15035
3.32194
4.65525
15.7232
4.70992
2.91335
11.6535
7.13151
0.334721
4.75398
4.74764
8.07725
19.4407
19.2479
3.71405
18.8914
11.3966
18.0819
18.5907
3.16478
10.7127
10.9287
19.9239
17.1216
1.27683
17.0657
19.3764
11.8742
2.5113
4.50781
14.83
5.89151
14.1515
4.5522
5.62989
5.13103
13.7895
4.3217
10.9735
4.97916
14.8016
12.8113
14.3415
2.69885
2.88073
9.25871
9.93391
6.91496
8.88902
10.8039
16.9369
16.926
12.5018
3.89718
14.0809
19.7112
11.2965
16.6884
3.39987
17.9878
4.44537
0.0412511
11.9059
16.0013
0.463386
5.29444
0.148996
16.445
14.312
6.91666
4.9513
2.28729
9.44541
2.02064
13.6559
14.619
8.74447
10.6352
19.6144
18.7177
12.8816
13.3696
11.7019
4.07957
11.5242
4.26116
4.63773
7.73519
17.4863
11.8437
0.491129
6.22098
10.9735
7.34281
14.4782
2.1481
18.8617
6.81009
14.8235
14.1403
9.3608
3.19626
8.96504
16.3155
16.7878
7.14684
7.05789
1.3904
7.34958
3.38884
14.6726
11.2291
0.123542
6.62368
2.45042
4.90779
8.97482
11.6559
5.99321
4.3927
0.522504
16.9211
2.35399
17.7179
6.64395
8.33078
15.0529
5.05385
11.9591
2.11598
16.1144
14.1476
0.432394
8.30797
5.14553
17.6274
14.6517
12.5377
19.0276
11.499
9.784
3.98248
2.74465
15.1235
7.09197
1.49549
19.1634
13.5853
9.0183
15.6768
13.3257
5.4677
11.2065
11.1883
7.97639
0.414651
9.55028
1.45659
5.61477
1.53586
11.9142
14.649
15.0779
16.0596
10.4686
0.765986
0.278676
12.4007
11.8675
6.24124
14.7753
18.5903
10.2506
3.78115
1.71144
14.8772
11.506
10.8439
3.80386
18.4213
11.0749
16.7018
0.805934
0.430837
11.1788
18.78
15.1876
4.45726
15.4245
13.2181
5.13055
6.56122
6.55108
9.36264
13.5425
0.828408
10.0281
3.10583
10.284
0.423429
4.1577
5.60867
0.00386317
7.02383
12.1024
4.363
3.92619
2.76595
10.5156
14.2052
10.3025
14.9069
5.03859
5.80396
8.42939
16.9491
15.2699
16.795
14.8533
11.8486
15.5149
7.83519
3.65449
13.5371
3.35485
12.2032
7.61477
3.24369
0.558145
14.2552
0.0980192
0.257282
10.23
2.80243
11.3885
12.5578
19.0273
0.436848
8.62161
2.17219
9.97852
1.26166
13.7884
9.10941
5.26608
5.11554
14.9965
16.7058
1.17752
10.0438
2.76059
13.9797
2.97084
1.09182
18.2251
10.4116
5.20826
2.17936
3.25438
8.2096
19.5623
9.88772
19.1856
13.1634
19.2093
14.5495
0.330211
18.2417
19.2499
10.7617
0.897712
17.1595
7.24218
16.3413
3.90086
3.33161
6.83657
3.28227
18.0589
10.5674
13.0039
11.6554
19.2299
16.1006
13.5846
0.631611
0.396686
9.82913
0.31409
19.9287
3.7653
7.18558
2.80145
14.1435
14.7374
18.5292
17.9648
17.2138
13.2544
12.6649
15.8689
2.82817
17.3406
7.60969
8.40881
15.3435
11.7173
9.7466
17.0908
17.9445
11.0066
8.77319
7.44843
13.4087
6.00135
13.1919
15.0059
8.32103
18.5054
16.9259
17.7034
3.07269
9.47747
16.3239
14.0146
5.04857
6.16673
11.7401
13.1901
14.9614
15.8104
12.0283
8.87601
4.52
5.35135
9.14112
13.0576
2.3312
1.5805
17.3767
3.20536
3.46245
14.8051
5.43146
15.2408
12.5128
4.57012
10.6261
11.3441
9.24427
15.9678
18.6188
5.48588
13.0097
11.4764
11.489
3.36381
15.2823
10.0458
3.43441
1.3227
4.68574
7.59482
18.4002
0.205616
12.9953
17.7556
17.9047
3.98145
6.78279
1.82018
10.7884
17.3977
11.5096
7.01336
1.03204
5.55648
4.91566
15.1906
19.761
7.35016
11.6802
13.2809
11.2156
6.47948
12.8998
17.2872
12.6173
5.36713
14.7545
13.6293
18.117
14.0985
11.7004
6.18764
5.45485
17.8381
14.374
12.6417
9.11286
14.7503
18.8623
17.2393
10.4862
15.9002
11.4707
7.96365
2.7761
14.8486
18.8308
10.8352
15.1878
0.53546
3.12011
9.31751
3.76322
7.1314
18.0165
13.3455
15.1024
11.2981
8.61181
17.9387
0.180187
14.1297
14.475
4.59661
1.03359
17.6984
16.0345
8.08874
14.4914
14.7669
10.0605
14.2257
5.02376
10.7913
16.5565
7.69784
6.19781
18.4792
14.1026
3.69714
12.0519
14.1895
5.60568
5.73008
9.94905
1.79607
0.683832
15.3274
17.844
8.24326
5.21097
8.69479
19.9011
18.7107
0.155751
15.5743
11.4441
1.89796
0.128197
16.5049
6.38506
0.997859
3.02618
2.0577
15.4105
2.02729
6.4598
15.1366
5.52897
4.02027
3.73064
19.3707
14.302
14.3133
11.5495
5.75768
1.04851
9.95932
4.04294
2.68474
11.0092
19.5517
12.2564
2.98328
12.6504
13.8951
19.9647
13.6515
14.5767
13.9045
6.73957
7.73286
7.34895
0.327247
15.575
3.1171
17.9126
8.44059
11.6308
9.31151
1.79394
14.2034
4.08892
14.5129
5.21324
10.5168
0.882022
16.0955
6.28144
19.2705
15.1731
10.1337
6.71361
9.38832
15.6097
16.4883
0.214932
16.8133
15.5454
14.3232
12.6048
13.6971
7.14362
4.63106
10.4144
13.7142
5.86298
18.083
11.0223
19.2705
2.43668
19.5227
5.7618
5.59009
15.2578
17.7892
10.8804
4.53126
13.6042
7.64719
17.4383
4.57559
18.9641
7.56261
9.34228
4.67789
0.938136
13.5853
10.0502
13.3237
12.7497
13.1289
1.51243
11.5566
14.8751
5.49147
6.0486
19.1004
8.25645
19.3541
1.31484
8.39071
4.13137
5.34681
3.73036
12.4397
15.6626
1.73771
1.05713
14.1235
4.49172
19.5784
11.2971
11.2501
0.808564
8.9628
11.1554
3.12681
4.26443
14.4655
15.8738
9.55771
0.991585
6.16296
15.4186
10.5196
10.9147
6.44582
13.7622
19.8135
12.5824
18.2029
3.27208
14.3191
14.4344
10.9297
17.6003
1.00536
8.39697
2.32043
9.54766
10.2234
18.9793
15.9414
19.6628
7.56873
10.0999
15.2192
12.137
18.4187
4.77866
7.19946
14.9991
13.2527
5.23092
3.94774
16.0987
9.07578
18.8711
0.160655
17.0864
14.4014
8.98324
10.7701
16.1691
17.739
5.83817
0.871461
6.38541
2.25614
17.8422
15.0177
14.3567
6.22755
6.797
13.8066
8.2174
11.3327
19.0195
12.6201
16.3901
10.8875
4.4466
1.39151
6.05975
3.32966
1.72067
18.0469
5.34463
2.58363
18.2514
1.61778
3.40415
3.13806
13.8305
19.2582
9.5225
11.088
16.8202
13.4617
3.39358
18.5772
13.7157
8.23395
13.6735
0.418467
16.099
5.70182
5.2528
1.3675
16.0284
19.4713
2.89749
15.5127
7.38189
13.062
3.59584
4.32807
1.77036
3.74662
4.17962
11.0563
19.6688
16.8878
5.36398
8.83005
7.37879
17.9913
18.1234
11.7152
15.4637
11.1195
6.44584
10.5177
12.923
11.6441
12.7127
4.91097
14.7954
3.14635
16.0493
3.90898
9.82314
10.5137
6.71894
19.3469
4.05121
17.0449
17.5308
13.977
15.804
19.7602
11.2212
9.629
1.90115
8.41291
2.96121
8.89191
6.63428
6.40271
11.0906
1.68157
15.2052
19.2075
9.1835
4.07599
6.44224
12.8183
1.05984
11.6109
12.5425
0.874539
15.9409
18.8841
0.693775
6.35127
14.453
10.144
0.707114
14.7311
5.65428
4.85848
6.03957
1.9527
0.237057
3.6075
15.697
19.37
16.0806
2.15114
3.42611
1.69132
1.62302
15.3265
1.84022
2.93621
10.7139
7.31949
12.7109
14.9287
13.8537
6.14
8.39901
11.9721
13.1288
14.2242
2.76177
12.7813
13.326
5.58198
10.6057
1.33838
18.1595
2.24059
4.78704
19.1908
0.547185
1.50883
8.70471
10.2674
14.3368
17.51
16.0838
3.95117
18.5482
10.0962
9.09606
18.5172
5.99604
5.80495
8.7391
0.764542
11.1413
9.16429
0.0337732
5.088
0.961455
10.3908
13.3655
12.9861
13.9878
1.0741
13.4037
9.90189
11.5231
14.8869
19.3815
19.4066
14.9279
9.88626
3.50685
4.78305
3.68822
11.6761
16.0281
4.59061
18.1354
14.8324
15.8253
15.6584
10.7301
14.3829
3.47326
1.95511
15.3768
7.66231
5.53681
4.81075
4.33512
19.3225
19.5582
19.6814
9.31624
8.04239
6.86344
5.53572
2.00224
4.45176
3.67964
1.66136
16.4833
13.2344
18.0261
0.142399
13.1378
0.566859
6.83337
0.918089
11.338
6.24181
6.34123
10.9458
1.99053
19.302
16.4741
17.5137
11.5498
14.4386
10.9405
4.68609
8.6867
4.10985
6.49581
9.71572
13.9126
0.654473
13.208
2.45816
11.8064
1.84994
15.262
19.2855
11.7155
13.8569
8.00676
8.80928
9.54221
6.97318
15.13
10.2831
2.81445
9.80276
14.076
18.9981
16.8148
4.75886
6.87583
15.6853
10.7422
19.8409
13.9123
2.31485
2.36892
7.06774
10.133
2.66378
13.8099
9.6483
1.52251
5.12361
2.44888
12.6547
6.80602
8.50816
7.48043
10.8101
3.0547
15.3181
16.694
6.55078
1.06477
3.93595
10.287
7.41739
16.0834
11.0314
4.42196
3.55592
5.25507
19.3161
9.68165
3.43283
16.4336
19.174
9.09105
15.7361
7.88872
7.87326
4.79875
14.1869
10.4047
5.37507
0.0183617
12.511
12.5685
1.32178
8.9562
5.04182
1.08812
10.9551
18.9705
7.09775
18.1906
6.23779
17.9993
10.753
9.59761
19.9079
14.3223
5.7421
4.03113
7.61105
13.1313
15.7467
12.7434
16.4192
17.8673
4.73671
16.3705
10.692
8.57978
15.7373
4.89111
12.1455
2.14555
19.1983
19.4515
5.78995
2.60644
1.03317
18.9277
9.39401
15.6908
11.6788
19.5094
12.1343
15.909
17.5522
8.28502
5.96575
19.1262
5.3264
9.46134
2.93054
3.82624
19.911
4.33947
12.3665
9.01945
12.7009
19.0253
1.89049
14.5964
4.29861
8.77209
8.53741
11.609
18.5443
7.70184
11.875
15.2158
13.1581
14.1777
6.50774
19.5978
18.2854
5.62776
6.46194
14.0804
3.25649
13.8139
2.63656
13.9658
4.30793
0.327014
6.59063
5.46272
6.17321
0.938816
1.11803
1.44444
0.379011
16.5327
11.2692
19.8344
1.49087
11.1249
12.8645
2.66452
3.02479
7.11156
6.14935
13.2558
12.2039
14.9882
12.5078
9.66299
11.2296
15.2185
14.8035
2.5204
6.46363
5.37594
19.1469
3.58143
16.3033
17.0894
12.7388
19.9882
1.09445
1.96265
14.7243
4.44116
3.30636
13.1276
15.4441
8.31075
5.35384
8.185
17.1291
15.6827
2.60832
13.8728
18.6542
9.32304
7.45229
1.13608
7.79654
7.7248
11.9077
3.03313
4.81835
15.6341
14.813
6.14616
2.856
16.049
11.7103
8.27141
15.497
17.2231
7.25704
16.2231
1.94863
11.2442
1.34818
10.5365
6.60737
6.10031
4.54811
9.18928
9.65472
15.0222
7.00232
19.3907
17.4591
0.234401
8.58633
0.553103
14.1645
14.9728
10.2609
0.961348
12.8237
10.2787
11.444
18.5193
10.9312
13.5956
11.979
3.27855
0.69209
4.15909
15.1126
12.9317
8.58142
7.6639
12.9893
3.7241
4.71099
17.36
1.87604
8.44978
17.5785
12.9445
2.64
9.65078
13.1724
9.19504
3.57642
13.8224
19.86
6.42149
14.2125
6.36697
9.85135
18.2392
4.86657
13.8632
1.51152
18.1255
1.62853
1.91271
6.61105
4.18654
4.38339
13.1882
10.541
17.6942
5.05931
11.501
0.913406
3.1372
2.46565
15.1986
1.03703
0.697601
1.42258
9.74299
2.94221
17.0653
11.6629
7.59538
18.2542
18.7752
11.6534
2.82026
5.39217
1.66496
6.24762
17.8222
19.3389
10.6767
17.2571
2.45045
14.0639
19.0665
4.61227
10.1881
18.0862
12.3207
11.5143
1.18058
16.2722
1.07737
19.6221
6.8438
9.51045
14.3457
12.1762
5.09668
12.8781
15.6842
15.5653
7.84986
15.5971
11.0939
4.86296
15.8546
13.3568
13.0852
7.13757
11.2463
15.2217
1.55297
1.449
9.14956
14.3358
7.54571
1.3628
6.58036
15.3756
14.4913
8.34002
12.7882
13.8758
1.48601
13.5742
5.52898
6.02941
2.31957
12.2352
14.6787
17.1835
10.7543
17.0489
19.4966
18.5133
8.25689
18.3486
9.8372
15.8749
5.83499
2.66482
18.9485
6.16744
8.04677
3.24504
4.72495
19.3319
3.62678
12.4518
14.4616
11.4002
9.32276
16.8906
4.8437
7.28586
5.46696
10.1297
10.1743
1.10326
5.61052
10.643
3.64708
11.7061
9.89377
3.0353
11.3386
9.32436
2.3287
5.73902
11.0275
16.3853
9.84449
1.93478
19.9983
17.8209
18.1482
16.7236
14.6306
14.4188
6.84221
1.48784
5.88518
16.5207
16.1724
9.23421
1.88656
4.67476
0.895694
3.60092
13.0879
9.71588
11.7863
17.6371
17.3526
4.97908
8.00184
4.83939
14.6591
12.3171
12.213
12.6594
18.036
5.91793
12.6204
3.66175
7.62955
5.12936
14.2479
1.6797
9.14942
15.2544
10.5764
8.77237
3.39515
2.16282
2.98562
13.5596
13.7954
5.22396
9.35271
16.9067
18.3761
16.2509
13.2224
16.1828
18.8196
18.4041
8.1442
3.99108
11.6431
8.62311
14.8722
10.1252
14.1222
0.0860601
8.13407
19.5342
2.46735
5.15395
5.80865
2.40238
14.6379
14.7638
4.80171
13.2648
2.69495
16.6214
7.75295
18.9183
2.68608
0.572528
4.81349
8.17184
13.2877
11.6352
10.8328
14.7382
11.9431
17.6217
16.6436
10.372
10.1367
18.5951
11.1268
14.8079
16.5032
13.4196
17.6813
17.6418
12.2178
7.325
17.8482
6.50879
19.5049
14.1639
8.00385
18.3393
16.4486
0.843714
18.2596
6.87349
1.59649
11.9321
7.63846
9.73348
6.88037
8.30061
18.5426
13.8235
5.44883
8.15183
3.50723
0.951284
3.15447
2.63007
4.7218
8.03261
16.1237
16.8419
2.80941
7.76019
7.45522
14.6439
12.2245
19.7869
1.14228
4.11592
15.8069
17.4467
1.98617
19.7218
17.0974
1.02535
17.5101
7.09037
9.77963
12.1874
18.0451
8.20576
16.3504
6.64658
2.90752
5.29321
2.15919
0.429864
0.919016
4.30248
15.6897
2.47284
11.5727
6.3011
13.5598
5.99441
6.93042
6.27735
4.61015
12.0851
8.04181
17.2744
6.15944
13.7383
14.8078
3.36797
19.2341
10.6378
15.783
1.4388
16.6697
16.2308
0.63946
2.13433
0.728627
12.6014
7.89227
7.47054
18.3347
18.9388
12.6487
6.8475
10.2369
9.1848
1.20203
18.3043
13.3935
7.23803
13.485
17.8771
3.46969
11.5366
9.51653
4.66301
16.0035
12.786
3.99191
13.7029
13.6685
3.11551
12.3438
12.4533
10.6067
19.4449
16.6104
14.3537
14.8818
8.29241
3.08893
4.20225
19.6808
18.8037
6.09389
6.51384
3.39134
0.526053
11.9593
13.6416
8.28665
2.16491
12.9392
15.8004
11.4595
11.1157
16.0007
10.9271
10.9558
16.5863
8.16077
12.3014
3.08976
17.0522
5.97144
18.8304
11.0572
19.8675
2.73207
5.96833
12.3687
13.0276
15.8552
5.76231
18.2623
17.9665
10.2961
12.3528
13.1108
13.5727
9.13383
7.91717
2.89458
19.643
3.0781
5.67212
3.49109
11.6906
2.6111
4.68848
16.1933
7.20304
0.25527
7.69934
6.15708
10.9428
0.42455
6.7974
4.50041
6.76652
14.3273
13.2256
15.8625
10.0111
1.58084
18.3494
7.36068
7.72732
14.4968
6.84682
18.4635
16.5731
8.93354
2.99583
10.0414
19.1541
6.24524
10.5244
15.5116
11.2616
3.39768
17.4943
13.5413
3.83246
7.54554
5.37815
17.9071
10.7653
6.37348
16.6234
7.98306
13.1707
5.18125
9.93312
13.258
6.19545
9.02372
14.5209
8.5323
11.7204
13.0026
13.3798
12.8864
9.55687
13.8461
8.66943
13.7147
11.394
10.9083
5.60936
1.78762
3.60618
15.2764
12.1129
4.66559
15.657
11.4476
10.0684
9.61014
5.61264
15.1333
5.61226
12.9575
18.5119
5.20666
6.72158
13.4846
13.1253
1.41915
8.08216
8.66563
12.5243
9.09306
11.2105
11.5439
15.5712
18.7451
16.0433
2.06114
17.6244
13.1982
18.3778
16.5357
8.9485
10.9302
9.52726
0.922386
5.29186
5.4057
12.908
7.70307
1.89046
17.0145
17.2407
15.9778
8.16475
7.30808
3.50904
17.1944
10.9134
4.74923
4.56775
4.94664
2.66428
14.6634
2.49191
0.195409
14.0234
10.5424
8.41251
8.48064
6.63617
4.78186
3.88627
15.5127
6.61301
5.3106
0.759747
9.34112
8.63995
14.0885
5.97331
14.8601
18.339
7.74069
12.7602
19.5076
9.47657
2.49741
19.1926
14.7139
15.7409
15.3451
13.6263
11.5176
7.89305
1.16317
13.2457
17.0824
6.7346
11.2551
18.6799
5.60148
7.67507
15.2836
2.02176
2.99106
0.822678
2.30223
13.5153
16.8286
1.70331
12.7954
4.07211
1.01143
14.4446
19.761
0.0406526
18.4825
1.04769
8.00156
7.09978
9.61755
15.9521
15.9278
10.8786
1.17458
16.6135
2.12911
14.5788
1.25015
2.8868
17.7814
6.06522
5.32327
8.15756
16.9049
2.74101
3.9189
14.3086
8.31047
10.2247
8.30877
8.54718
17.4072
4.56416
19.6064
13.9487
10.8408
10.2807
3.66185
10.7192
1.52655
7.08707
0.846757
3.26352
3.72333
12.8685
4.07712
16.9944
16.9254
14.6576
16.7886
13.5101
11.6586
14.8271
13.1036
7.1454
4.07551
7.78165
18.1617
6.97681
7.4183
12.2552
11.9414
12.3624
2.69256
6.90788
12.5843
4.45079
5.05354
7.39621
10.1484
6.76538
8.36277
11.5926
18.528
13.2103
15.6599
1.49639
8.43686
10.2337
6.3969
14.7549
17.4606
1.133
11.7518
5.25727
19.996
1.23663
7.55009
5.45448
14.8427
2.95309
0.598557
5.40493
0.63816
18.0673
10.5105
0.482353
1.24346
17.3358
8.38092
1.14867
3.14776
4.61069
13.3399
14.4661
8.41972
16.6518
17.2808
15.7679
0.592641
6.30359
8.53817
4.85121
15.5048
10.6554
13.7379
8.77613
1.77674
3.52597
7.68795
13.6443
8.44192
13.1112
18.915
11.07
16.2516
8.74855
9.21786
15.3955
1.72701
16.6655
7.73209
10.6751
2.98629
9.14333
12.0284
10.5983
5.41386
14.319
17.7177
1.36777
10.0529
3.6493
9.10938
5.22912
16.7312
14.0506
9.82232
4.33846
0.982954
5.98611
16.3866
3.71148
5.16067
6.9744
0.421154
14.6888
17.9638
13.0977
10.1126
1.13105
1.80718
7.1937
18.057
1.48264
14.8721
16.7429
9.25698
5.90823
6.15021
2.11467
0.0665848
2.96828
6.74945
11.871
5.29778
15.4013
11.8673
17.048
4.04988
7.3485
7.95734
3.13652
11.5668
7.44237
0.212005
4.07678
14.962
2.99894
6.76783
7.40964
19.2107
6.9627
12.3173
18.2143
13.6418
16.5568
18.394
16.8576
4.19871
1.22637
11.373
8.69581
6.19623
13.9862
8.49601
10.1869
17.8781
0.477565
11.4152
15.726
3.38616
9.0051
14.0856
3.39353
4.22686
13.0803
13.8222
19.0149
15.09
5.10713
4.99022
8.60626
8.50866
5.14982
5.71608
9.34646
13.983
16.8309
19.1163
11.0241
1.20519
12.4346
2.9934
5.35608
7.98721
11.5794
15.6084
14.4076
12.981
7.34261
15.7698
7.98512
1.67134
5.36962
10.3499
19.6574
19.3765
11.803
4.72077
12.2626
0.911076
19.721
4.17384
18.7757
0.972273
19.5176
1.33274
6.96142
15.5213
19.3533
15.2243
11.5752
17.6165
5.53002
5.34882
16.464
15.8599
16.9219
3.2628
14.5691
3.35183
2.74301
13.1702
0.940313
2.61499
7.64172
19.9891
17.5186
17.4478
19.7958
2.14768
19.6171
3.9001
12.1213
7.14869
16.2927
15.6026
2.59599
14.8626
1.40321
1.05245
6.26084
2.33176
0.960944
6.2843
9.22848
12.8833
9.75481
8.83158
1.16084
7.15446
0.662853
4.76008
17.7564
9.25102
3.70682
10.0317
13.718
17.1705
12.85
11.3027
4.10585
4.56565
8.98519
10.3788
11.789
17.3161
13.256
6.59758
19.6619
6.31811
3.5449
10.5521
14.0143
9.38737
10.3663
1.29024
18.9915
12.412
15.6767
9.72272
4.40342
1.21865
6.78643
9.61302
7.89131
13.4566
14.1884
15.9414
17.8563
13.7668
6.93323
4.7205
7.30006
19.3299
10.166
15.1937
3.04711
10.4077
12.9901
5.33596
17.6154
4.85813
12.9898
13.6739
7.79147
7.36733
14.9207
15.5832
15.6593
1.08922
12.6305
6.07032
11.9173
1.92542
11.4995
17.2762
18.3717
17.216
17.9322
2.93985
0.104685
0.512153
16.8805
18.0902
6.084
19.7426
18.571
18.4876
10.151
12.3441
12.4257
6.03647
17.907
15.5668
0.0190074
4.83267
17.876
4.41654
13.4121
17.3845
9.91419
9.47843
11.9456
18.0542
0.799553
12.185
6.29815
10.301
2.92257
9.63101
14.9311
1.05329
9.52585
12.1969
17.5248
16.3616
13.8806
10.821
7.59213
18.3223
11.4761
12.1957
17.7656
5.27543
1.8865
2.76955
13.7676
3.37563
18.5328
2.677
3.94834
7.18439
2.16478
13.9925
10.857
17.5417
7.11877
7.31917
7.59591
1.91714
9.71465
0.548489
19.9535
12.4834
3.23328
12.0993
12.331
17.0521
15.1214
17.9453
16.0015
10.3396
7.7878
13.4691
11.8972
9.19071
15.8209
6.08965
8.36371
4.58302
7.42326
1.29039
3.16668
13.4427
14.3571
6.94025
1.82238
12.4603
16.5228
2.79274
4.22631
10.327
1.7934
11.2146
16.4932
9.32419
10.3907
14.6205
19.0839
19.247
2.67934
6.36468
3.8215
1.67808
2.73567
5.38855
2.37083
7.44202
2.37043
12.8494
5.2794
15.7256
18.4365
19.4747
6.7831
16.3298
4.36521
8.20172
19.4844
13.0833
12.0077
16.5272
19.1416
5.63673
8.08289
1.42682
18.1267
3.74196
16.2134
16.9212
18.5748
10.1247
2.75369
1.16078
10.8782
15.8099
4.54769
14.6488
11.3047
6.02612
4.88268
18.2279
8.50208
17.4919
11.6639
1.81007
9.66979
4.72089
3.62566
17.919
4.82529
19.6682
18.6762
5.73128
8.217
6.88787
13.0398
19.5647
19.3593
10.2178
5.73769
15.1168
7.60882
7.32868
1.01717
6.8338
8.57854
16.1462
1.05667
6.4502
4.49464
4.15914
3.1559
5.20494
16.4767
11.7593
18.5938
1.93654
6.62647
16.0587
17.6689
19.3845
12.8519
13.1257
8.82197
17.067
1.24206
3.26796
4.37691
5.44288
0.246824
3.13256
5.28175
18.7159
15.4197
14.9373
1.82984
0.709685
16.9459
11.3555
14.1011
13.919
17.671
13.3335
3.22497
1.7966
10.8459
12.0149
10.4395
3.98263
8.20462
17.0486
11.159
19.5418
5.91301
9.50798
6.6027
12.3146
12.5358
19.8933
11.5665
15.0038
19.0116
8.56602
9.77265
12.7217
3.65316
14.8484
11.2252
4.97665
15.938
9.68786
17.2805
1.58783
9.10555
8.64663
17.3986
1.54976
1.38321
10.5844
4.54814
14.2214
8.9593
18.1196
0.427092
6.79467
4.41206
9.24332
5.25459
14.7581
12.3127
11.1931
17.7161
19.1521
4.75223
11.7976
1.9876
4.15105
9.85689
13.5902
0.489443
4.13227
1.60672
18.1853
3.64619
1.94168
10.8718
1.56894
11.1686
6.98458
16.0928
11.0605
5.65534
13.1351
17.0847
2.898
4.09991
6.78342
13.1066
4.9017
15.4546
13.3046
19.4843
3.0305
17.5868
12.8784
10.1461
10.353
19.3073
7.53119
18.6456
2.0775
4.95121
7.40488
0.913101
19.4641
19.434
9.5896
1.21538
9.54461
17.1781
17.6619
15.3543
5.02117
5.22236
1.97211
18.6442
5.73172
19.3608
1.79075
3.23588
1.81835
2.05468
17.2137
0.148846
13.3623
12.4531
18.1855
16.9318
2.1979
14.5116
1.85225
9.73266
18.2719
2.31859
3.42294
10.0361
13.9259
17.2502
0.567099
2.66591
17.478
10.5703
15.1821
11.0465
9.7563
0.525277
16.1019
8.08657
19.6174
10.7583
17.5183
14.8994
11.3942
4.53079
1.21844
4.06209
5.22605
18.5494
2.7347
3.22146
1.29508
17.8354
10.6894
4.69701
19.537
12.461
5.06749
15.1296
9.11898
4.2028
9.50942
3.0976
6.68036
3.52516
15.6919
3.44045
16.5819
7.39698
4.45327
3.66095
8.29246
7.42336
2.82535
16.9675
0.393667
7.01533
3.97567
10.5466
16.1026
3.63759
14.0651
5.44758
14.1284
1.26231
17.6612
1.04199
3.16187
1.81124
6.03644
15.5758
6.06018
8.08169
14.9776
13.7924
16.7558
11.4449
16.8274
9.40448
1.96466
17.7485
18.0851
4.11775
4.65082
13.0507
11.2462
15.8658
12.6042
1.59881
2.69279
8.24071
18.6764
14.4511
0.733346
9.71268
12.0286
5.34631
12.0001
6.12225
16.8457
2.66694
1.92291
13.8547
5.63416
3.80205
