4.8632
18.5555
19.996
9.53753
18.9367
11.5983
13.4078
7.44158
5.47256
4.82919
7.73181
18.4001
3.58573
5.34162
8.12739
18.1426
4.20856
11.6188
4.26475
1.1428
3.06791
19.0045
3.78407
1.53574
13.1933
1.71208
14.7608
11.4535
10.9045
19.9006
13.7551
4.41324
15.6944
15.2379
4.75043
13.8779
0.917179
12.4587
14.7222
13.0801
2.78444
12.2957
2.72326
15.7419
11.9463
4.88097
11.0441
16.4056
8.93154
11.9569
5.09982
8.11852
14.3973
16.82
9.55442
19.2368
18.6709
17.4314
1.8224
8.24289
5.45367
18.6987
8.93719
13.0018
3.01867
14.9498
1.36656
0.194919
7.59243
19.0213
11.5501
7.16632
16.3755
5.41923
8.26516
11.1702
10.5337
10.9812
4.35213
7.1946
9.10876
8.19962
13.1213
19.0659
11.9233
5.23261
10.1218
13.8304
12.561
4.08085
3.156
5.84057
8.24132
15.2372
7.5104
18.0846
2.75771
6.1923
15.4157
4.70322
11.934
18.4126
18.8125
13.4936
13.4857
12.4725
3.08007
8.94578
8.93192
5.78847
12.7908
8.77402
7.41451
1.04155
13.8727
18.1466
9.80668
1.4953
1.19063
5.62214
19.9954
19.2896
8.61173
14.9074
0.645499
2.70359
17.0415
16.8555
3.80625
15.8086
10.5256
11.1175
2.34134
17.2284
17.4264
14.5928
7.9009
18.6384
2.73052
18.823
10.4275
0.817248
8.91927
9.85004
12.5449
19.3173
16.4226
6.67322
16.1585
4.73472
11.9048
13.4311
4.44017
0.2713
19.3363
7.26647
11.9306
11.2755
7.64491
9.35444
2.08247
3.55603
0.960527
6.17458
12.1771
18.4899
10.1655
5.70411
2.85163
17.0983
7.93372
10.6916
15.1394
16.0645
7.7721
8.98649
7.21325
17.6774
10.1526
8.01598
14.141
16.5084
6.71493
14.683
9.78059
13.3161
19.114
7.79284
17.2971
11.5278
19.1963
8.42308
9.85007
4.75321
11.5338
10.3839
0.0151062
12.7709
19.1937
1.54102
12.0636
5.84638
9.45703
8.76249
5.24351
1.61411
15.8849
12.8116
9.75591
17.6988
14.6502
10.5251
14.1597
5.09772
16.7769
3.30162
18.3532
8.07271
3.50294
6.94164
13.9479
1.22074
12.0748
15.2863
0.19724
2.39283
10.0363
3.3076
3.72405
13.597
11.688
15.0991
18.8302
9.0476
6.9
12.2945
12.1693
14.9431
11.3174
14.2217
0.501551
4.07305
17.0812
9.72974
15.8568
19.3751
2.15068
7.58358
0.256567
11.2746
18.9839
1.82788
9.31332
12.5719
16.4932
8.21118
15.2349
3.33592
6.85361
12.6606
7.24206
2.39223
15.114
5.34202
7.88527
6.68485
19.7035
11.8644
16.1027
1.17685
0.357432
17.6068
4.97295
9.35648
17.7521
3.63577
13.7884
4.86885
18.5678
19.2967
3.66459
16.8849
9.13254
8.17868
12.1024
9.23163
17.7877
10.2697
7.77279
11.2593
10.0713
18.064
3.66569
4.91609
11.6281
10.9038
8.70409
15.6294
6.57878
0.101387
8.85444
8.00834
3.3419
4.94343
4.88855
16.3619
7.59568
14.6247
11.7928
2.51899
9.59714
19.2625
1.59548
14.1119
16.3682
14.3183
6.26244
8.2351
18.0862
3.52049
16.5294
1.46698
3.27399
16.9679
3.68169
5.63089
19.206
7.09027
12.6179
10.0078
14.9686
5.29725
13.8354
8.04529
3.43754
12.7815
18.6938
19.471
12.9519
4.74208
4.97453
1.45531
13.4969
6.01181
10.2868
1.0025
11.8443
16.4839
10.0313
8.20049
19.4784
16.9077
4.44039
15.5678
8.72751
19.4018
13.2882
6.94407
6.92716
14.8629
12.375
1.08971
10.0464
9.90334
6.81102
16.9726
4.33326
4.55948
6.71752
11.425
18.3192
7.59794
19.0066
1.14959
3.72738
9.63169
6.18677
2.51117
10.7926
8.33591
3.02519
4.71267
15.4177
0.547245
5.9946
5.60469
12.341
17.4127
9.18784
12.7756
11.8693
17.3469
4.4617
5.53528
15.5002
16.7716
3.24601
14.6397
2.20154
1.19123
10.3019
5.77052
15.102
1.74384
9.49599
14.9509
0.182873
14.0058
1.99153
1.79124
5.83436
17.4047
15.1169
6.24925
2.90774
14.1616
13.3715
13.8489
16.0886
7.9956
5.29799
8.60384
11.6747
5.22225
9.49598
3.38269
16.5858
5.64601
14.2866
19.3619
16.7146
17.4056
17.0993
0.789763
2.38443
6.94576
11.669
19.1002
13.2589
5.43898
14.728
11.9844
11.0131
3.99645
6.88182
0.708906
15.6153
2.99462
0.721903
1.37598
5.37613
8.50805
9.43778
16.4908
17.5569
17.501
7.81176
16.9143
4.60782
19.8641
7.16214
7.05545
12.7151
18.6743
19.3263
14.5517
3.45917
14.8011
17.8879
10.8803
12.9942
9.36597
13.3837
17.235
7.14272
8.83913
7.76182
19.1621
19.1977
17.3739
12.1772
4.80105
17.4445
9.31408
2.9269
10.451
15.3708
4.8311
4.21615
4.74187
6.08358
17.389
8.63101
0.989553
1.72754
19.5012
19.5449
11.4165
18.3034
13.3566
10.6537
14.0013
4.16889
0.821344
12.41
13.1017
17.4253
12.6072
9.7374
18.5496
8.69319
0.476939
9.62647
11.5142
15.9643
15.9196
17.3157
7.62577
19.4283
11.9922
13.6156
12.5833
13.566
18.4336
17.0708
10.622
13.8071
3.44748
1.22217
1.09017
1.9575
16.929
9.77493
16.2109
1.35411
13.7073
4.131
11.6082
4.22657
14.8117
8.19335
3.94523
19.5486
6.29056
6.87051
11.1569
4.14946
7.00511
0.897035
15.099
13.7492
19.3334
15.6234
0.280095
3.04587
9.61748
10.3382
0.857722
18.8406
4.55274
15.1279
13.9837
13.6801
17.9951
16.4441
13.4947
3.25944
8.50096
0.622721
12.7909
6.71102
10.682
11.3909
19.6837
15.0495
9.75186
7.43685
4.09122
10.9121
3.22807
13.5606
16.6983
14.9857
19.825
16.3956
17.3968
7.4022
2.61359
5.25565
13.9829
18.4904
12.6351
7.75894
5.44586
12.8736
5.2049
7.64766
2.79159
15.2941
17.5148
9.2382
5.36007
2.28469
10.2956
0.281306
10.4933
12.128
2.03893
2.69603
4.66163
16.8333
12.8596
8.83344
0.75547
18.4611
11.2967
1.79716
5.76456
7.25546
4.1416
17.7607
12.4659
10.8907
16.6091
18.4578
15.0594
7.76706
16.675
14.3151
7.36981
19.897
8.88067
9.05244
18.7189
7.1758
14.9766
13.0847
17.5793
15.256
1.34926
18.2197
5.33713
19.9557
7.54323
6.02261
4.47842
10.6519
3.4254
2.56181
16.1448
2.67621
16.2876
14.0083
12.5974
7.78984
16.6823
11.9535
8.61147
4.98031
5.75473
1.29964
11.0897
3.24625
12.3947
18.2687
12.0312
6.59034
2.70088
5.10762
18.0607
13.5284
13.4781
12.8966
11.7775
5.90608
11.97
6.80841
10.9534
9.96239
8.39891
5.91998
10.6729
11.7822
10.3747
3.77559
14.85
14.1138
3.99514
17.0406
18.6699
2.75459
9.53439
3.29856
2.59171
17.477
7.25663
1.29055
1.098
4.21534
1.70533
18.4884
18.2117
14.2567
18.0314
15.5648
16.9645
5.801
4.82783
19.5547
6.42873
0.705139
18.756
10.3088
9.90427
17.4073
8.0341
17.9664
12.6422
8.51245
10.6965
17.815
8.77924
1.43186
5.92341
11.4364
2.54602
17.3049
7.95014
1.64901
17.7182
5.73925
5.67274
3.84657
14.1937
13.6591
11.266
15.1766
9.07104
17.5539
4.72628
14.625
8.49495
7.94684
0.16942
14.73
1.13655
3.41708
10.6589
4.72083
3.87824
8.98037
19.8911
9.65941
5.97059
19.5034
10.5912
6.68425
1.79407
12.6669
18.5967
19.3919
17.3143
16.6782
13.4865
7.29885
13.0202
6.15004
9.87258
3.55959
1.08145
3.04615
6.68005
10.3328
0.0123271
10.6303
18.979
0.714541
7.14656
1.60197
2.64439
8.77089
13.265
16.1781
12.1918
4.60738
10.6961
5.28478
2.02365
9.92926
0.886798
11.5175
10.515
3.41869
0.646108
1.20867
8.70659
9.8189
18.0661
16.5337
14.7739
6.11765
12.266
16.4421
3.20323
15.614
2.1331
7.88188
3.611
19.7455
3.88589
10.0027
14.4913
6.18057
15.4859
11.809
16.8637
14.6524
0.379788
17.7082
2.02342
9.0069
0.503138
0.25316
1.20564
13.8
3.03112
7.65043
11.5087
13.3199
18.9554
2.42404
2.74394
14.0115
14.1528
15.1002
19.7915
15.106
7.33348
15.5583
14.2175
19.0093
11.7385
19.1709
10.9807
11.1176
2.98542
2.47426
4.96345
16.4424
11.3736
0.480199
17.9314
6.64089
6.51303
9.06219
5.69713
15.4682
10.9242
0.440722
11.8636
12.1722
3.69236
1.24022
9.58574
4.55537
6.4561
11.8628
3.8275
11.7588
2.98319
0.889719
14.4971
2.4702
14.1398
13.5633
5.56344
6.03083
19.4
5.7288
12.0903
11.4605
7.2369
10.61
15.4475
0.214551
13.1922
2.16737
6.46499
11.7169
2.47391
18.8673
15.6167
6.33573
19.5649
7.9253
11.7402
11.8248
8.18639
6.43103
2.02801
12.6144
9.96784
17.5386
12.2413
19.7058
11.6264
16.0058
2.81106
4.77288
13.8048
16.6388
4.48174
8.58001
17.7467
18.384
15.1545
19.4582
4.91568
7.58795
8.43629
9.22224
14.9364
3.92053
14.8686
15.6775
13.0788
6.93586
18.7296
16.6269
11.9295
18.2311
13.4262
3.38803
13.2894
13.4206
16.5543
9.80973
10.5522
9.4379
6.28705
12.1228
9.71602
7.46817
8.47394
13.5651
16.4169
9.56677
8.68128
1.93155
8.54247
16.8346
11.1008
15.3966
6.05768
12.0835
3.02107
4.52461
18.5851
10.8944
7.31511
11.4912
5.66944
17.7105
3.69082
18.0151
16.929
17.6336
1.97014
11.2928
11.1875
15.3512
17.0138
2.20581
13.2786
15.0825
2.93036
5.66645
17.4966
19.9599
10.736
14.9304
19.6262
4.20191
7.71302
19.0824
18.9257
4.3826
10.193
16.3381
13.7552
9.75002
15.4936
3.14075
18.782
11.5372
19.8287
2.0927
10.8504
10.381
0.354823
15.5926
3.86242
19.0718
10.477
2.62376
6.07143
19.3427
10.5689
9.34899
6.35799
7.32739
17.9824
2.76962
4.49446
5.56225
2.34587
1.46661
5.55692
18.8254
1.14592
14.5741
6.16441
15.9129
15.1612
13.3563
9.23894
0.00819036
8.07767
13.9199
19.8393
1.30512
1.08477
18.1234
17.0221
18.5204
12.4132
0.26536
10.2348
3.62729
12.7459
17.3246
2.98598
11.6074
8.25647
8.43745
5.11213
3.88864
3.81706
11.2209
0.151813
3.31995
2.38249
18.4037
6.05828
19.8174
3.38799
7.86696
3.09951
11.2401
6.02413
3.03672
13.0644
19.8754
9.76935
14.0372
15.5413
15.377
13.2692
10.749
14.8869
6.8421
5.1813
15.4463
17.7393
8.53632
8.49087
18.4183
18.0962
10.2328
9.70663
6.43886
5.64357
6.43355
4.19004
5.79353
10.0329
2.93797
13.1424
6.98773
2.43146
19.3402
1.95375
8.40349
12.2136
9.8943
16.8861
6.18293
16.0529
5.13288
16.0688
5.61411
19.0472
11.1163
0.170863
17.7489
7.40901
13.5508
14.5781
4.75002
18.524
18.6442
14.3113
2.98224
1.46858
19.6583
4.85169
12.724
16.593
5.29962
5.30104
9.7164
10.0969
6.50969
3.78795
7.76617
16.4683
14.133
11.4084
16.4817
14.0604
3.56554
9.77522
7.98354
14.9996
10.9793
5.95438
11.0202
10.3052
17.8803
11.0512
13.6401
9.09639
19.1957
17.7256
1.15845
12.1085
12.8008
7.91188
10.8636
18.1521
2.16334
4.8219
1.63387
12.1046
15.0222
12.9129
18.3241
4.58383
19.8365
12.0687
2.20925
16.3264
16.9071
4.12217
6.13163
8.26391
6.86488
12.4329
11.1959
3.49277
17.9194
9.09092
9.59093
13.2158
11.451
13.9085
16.5832
16.1662
13.0435
14.0425
13.4512
14.8643
6.55474
16.2243
13.9432
5.59922
5.6434
12.8257
5.33667
10.2535
17.1904
16.9748
11.6555
10.7957
3.41702
8.42869
12.8267
2.86102
10.3669
8.24569
19.6414
3.49869
3.11476
9.47501
15.5508
1.18343
17.1082
9.41443
5.93964
17.5822
8.50852
2.44877
14.6202
14.8949
5.8902
12.768
12.5007
1.23035
8.70068
8.88846
14.1061
3.35199
10.6048
14.4324
2.95708
15.7661
12.9799
8.02421
11.0556
10.9625
14.0285
8.20909
9.34788
19.5402
2.9842
8.22851
1.59058
0.161482
3.07661
7.63435
3.38794
5.68734
14.4132
12.9795
13.2978
17.7927
7.87435
19.7947
1.81356
11.127
9.87996
6.83253
3.44145
5.45276
17.6932
9.91726
7.61166
14.6931
1.22561
1.50206
3.67331
11.3647
15.686
17.77
13.833
9.59848
18.9332
12.4396
9.95576
19.8261
2.82341
9.29631
6.37623
16.8872
16.0143
15.8554
0.728893
11.5746
1.9696
10.0115
1.20292
0.654892
19.4293
5.51905
5.26822
5.14762
8.05986
13.4345
17.9836
1.81876
11.2345
5.96722
6.82753
18.8743
16.6835
1.55481
5.56087
1.53365
17.6484
2.23681
4.93813
16.397
5.73761
7.48064
4.88081
2.53572
19.9201
10.228
16.9522
5.54071
13.719
19.6787
5.51205
14.8078
18.0202
17.572
18.6978
16.8594
17.7199
8.47243
4.77421
8.73245
7.79673
5.29511
11.9006
5.62738
2.78897
16.5042
18.9031
4.03596
10.3069
14.0438
6.90366
8.86739
8.70765
5.12887
6.51096
6.45431
3.99828
17.3099
3.13744
0.504796
10.6718
16.7956
1.92362
2.29804
16.6003
15.4625
18.8985
12.5749
8.14043
0.834141
6.99793
5.31821
13.6014
7.25176
11.8807
18.5363
13.0383
15.0359
8.52636
6.55609
0.43518
14.7201
9.29266
8.39492
3.33419
15.3874
16.8643
9.50794
1.81742
9.72251
9.82146
0.820166
15.2431
9.32442
9.2093
1.71096
15.1258
2.05608
19.543
13.126
16.6218
12.4635
6.03794
8.98958
17.5814
19.0957
5.64295
7.59341
7.28563
11.3779
14.1596
11.1652
2.98627
0.312069
7.19568
4.32583
0.966343
1.22617
3.92439
9.48209
10.3463
12.2741
10.2878
1.08786
17.5844
6.72061
9.29423
5.36553
0.44873
5.47008
13.1905
0.614997
6.7876
10.3057
4.82232
2.34316
2.47331
2.04979
1.46593
11.0184
15.8279
9.09099
9.55545
19.7414
0.291053
11.3601
3.80313
16.706
6.48727
10.727
15.698
19.1118
13.3591
16.4488
9.82685
15.1577
8.62565
5.99312
12.2047
5.8537
12.2059
13.365
10.3555
15.0871
10.3747
15.3757
14.6235
15.618
11.8529
18.517
4.52026
12.0347
19.7835
18.2023
3.57044
9.2554
4.91014
11.7116
8.38139
13.9628
17.1886
12.5169
10.1208
18.869
15.9036
8.84284
13.3322
7.33738
5.57878
13.7183
5.48396
8.74801
13.9954
4.76377
14.5941
16.2312
12.6125
9.02152
12.0814
8.67876
5.09167
0.911644
2.63501
15.3839
14.7092
7.30407
14.0994
7.94174
5.86828
0.270193
5.19249
6.47003
6.12525
4.769
8.47206
5.45616
12.8991
17.9249
4.58509
1.32032
4.68864
8.92852
9.93665
11.9053
5.80802
18.6169
9.4631
11.536
7.51326
9.44917
7.62601
11.7316
12.3557
11.3468
10.0068
1.92025
7.13954
14.7392
9.93013
8.78884
0.742444
8.64788
14.3831
2.54325
11.31
13.8342
4.50027
14.0733
5.44465
7.61617
15.0018
10.7884
6.57959
18.1788
3.8528
9.8062
10.1294
11.8854
17.877
5.53961
3.64475
12.4983
0.857595
8.23489
7.34513
17.8887
4.50028
8.8773
4.55614
3.84223
17.0187
9.13127
5.80345
10.8121
14.084
6.27591
5.92584
7.43331
17.6788
11.8776
6.7171
17.2501
17.501
13.6851
6.96223
10.3331
18.84
13.423
15.1585
10.7702
14.0342
14.3743
13.5274
5.31049
10.1415
17.3054
17.0063
8.97391
17.5084
4.29683
12.504
16.3212
18.958
8.53992
18.2811
17.0018
13.7376
17.7746
5.92889
1.79027
6.32726
0.875916
18.5935
12.425
4.98569
17.9136
4.97379
4.17399
6.23037
15.2025
16.381
8.25864
16.5731
8.26311
19.5584
4.87967
2.61927
8.80446
17.1136
7.35526
4.09466
10.5066
9.99477
19.807
13.8621
15.1848
11.5722
16.2029
13.2811
0.681678
10.9895
5.42968
7.15166
12.1062
13.396
5.58923
1.184
10.2085
7.44756
12.8606
2.10135
0.094086
19.9412
7.66981
9.18125
1.74368
2.35245
15.1963
14.7065
1.7718
16.2144
9.34935
7.44584
9.72945
12.9581
17.7522
14.7057
5.94016
16.5096
1.64138
16.0656
5.97608
12.8789
6.54215
16.3267
6.18472
3.41601
15.7749
2.53568
12.2941
11.9205
13.5681
16.2436
1.93764
1.38592
13.2688
5.65863
15.963
4.62928
19.9147
10.3848
4.95013
12.6065
5.02083
9.031
0.867016
1.42564
2.39482
2.3335
7.67162
16.1728
13.5765
1.64349
5.74884
12.9253
19.546
0.91235
4.6132
8.76909
18.8918
0.127846
3.93947
9.82037
1.49023
10.3947
2.32534
3.21443
2.98406
6.32696
7.71311
10.6153
3.52572
3.90598
10.7084
15.5225
8.88681
11.8007
0.263347
1.4017
4.57154
17.5483
12.8051
1.69935
7.64462
4.43253
19.5501
17.1651
0.944055
17.607
2.57662
11.5726
8.77307
7.34835
1.29572
12.6525
8.47298
2.87285
4.73838
12.9877
16.2514
2.98912
6.57845
1.60637
0.294931
0.18641
18.6776
13.5452
2.70908
3.42374
9.08947
19.6159
12.0286
1.70294
10.2588
10.4325
4.50912
17.0135
9.63383
8.42326
11.4527
11.7895
19.7839
9.71064
10.7251
9.28487
15.756
19.9745
17.9459
3.24144
6.11817
19.8603
5.90853
0.881155
6.46411
0.269379
7.91276
3.64588
13.8923
9.41
7.19482
2.40991
3.20526
1.40984
1.62602
13.5433
9.43182
9.28543
16.5189
4.22576
15.5166
13.3757
1.81953
19.3342
5.43614
8.21449
19.9528
0.319302
6.13014
13.7651
12.6817
4.04972
1.91991
16.5678
6.94739
15.0844
12.8164
2.96293
6.45112
10.5703
10.2298
9.65791
14.0788
2.49432
12.4888
16.9972
16.0825
14.2358
8.47147
15.2186
10.8088
16.795
8.87898
13.4876
10.9687
1.00885
0.448051
4.28248
5.2316
19.377
19.7226
8.80772
3.17395
16.8385
12.779
9.59332
11.4581
15.3643
5.41101
10.1997
15.5599
11.007
12.8596
4.6906
4.38041
6.5014
17.7876
14.6951
0.685491
17.6048
7.24573
8.42086
2.80343
7.15162
15.2728
6.11894
10.9871
15.8918
8.25636
2.61114
14.5615
6.74128
16.5954
3.82987
11.4421
16.8278
14.1864
19.621
1.40217
4.63397
15.0634
8.90296
3.27037
19.5437
1.8422
13.3603
13.518
1.26209
6.20069
19.2847
16.6552
5.51797
13.938
10.0257
11.8028
8.34163
2.25154
16.149
15.5737
16.0887
16.734
11.2958
6.43619
16.0813
4.08112
6.63563
4.6832
5.37655
2.88612
6.92682
6.80458
7.82069
15.8219
18.5769
8.42223
8.1039
7.82326
13.6924
15.7591
0.535048
2.81459
14.5614
11.936
6.39142
8.99995
6.15944
13.2274
14.6405
13.2124
10.3019
14.9919
18.3571
5.09424
4.37647
17.0471
6.23948
18.289
19.7193
18.7516
5.59821
15.5035
19.6993
6.38607
2.6637
19.7293
7.20733
1.00542
13.6602
11.4008
18.4945
13.638
4.94757
3.54429
11.0472
0.637588
18.2134
12.8542
18.2876
6.35628
8.88351
6.94306
12.5277
11.3997
11.5796
18.1763
19.3103
7.02699
12.3402
1.13824
2.31352
4.96277
3.20468
4.30983
18.3043
17.3414
15.3204
16.8232
18.2313
10.4904
9.52985
5.13976
10.0008
12.8901
19.5846
17.1258
19.067
16.7766
16.0744
6.37561
7.65461
8.30106
16.8618
10.3354
14.7357
14.6262
0.0443486
18.7936
15.7816
14.7389
12.6537
5.94173
9.8691
17.3377
3.84206
17.8343
16.1759
6.92734
14.7647
7.80676
2.24205
14.4771
19.0428
12.5852
19.3826
10.3494
13.6769
14.7794
14.7998
14.3417
1.08032
5.00613
1.50397
3.37594
5.83419
19.8262
18.3512
19.1728
6.58972
16.3978
12.215
0.0312892
8.4177
2.00825
12.0653
8.52023
12.3805
13.4619
5.90654
7.79862
7.47694
19.8179
4.64559
7.69758
15.956
7.84903
19.9262
18.2896
18.4873
3.23408
12.5343
3.51832
10.5562
17.645
12.4886
10.1918
11.6454
15.8875
8.89607
13.756
10.1887
7.46263
0.629281
15.6963
17.1008
4.40744
16.6089
9.26068
5.56839
14.8417
10.4519
8.0992
17.7098
1.11685
5.56236
4.51807
2.02017
3.11317
1.6638
14.5833
8.79256
3.61089
14.1968
10.5834
19.6967
13.0448
1.38611
11.6588
7.1019
5.65643
14.1657
18.6481
14.5976
17.695
17.3151
14.9523
0.99063
12.45
4.93682
11.2565
13.0107
9.29565
10.2413
19.3093
12.0996
6.01132
12.408
8.45135
13.8456
6.44775
13.3452
6.09056
1.24768
0.164544
5.86738
1.39056
2.41325
11.0969
6.82349
7.45493
16.3792
12.8982
11.9695
15.6033
0.465025
2.83594
11.8252
12.8987
18.9704
0.000516097
3.53222
12.5771
0.934177
19.2614
3.01391
15.7661
12.5044
8.74723
8.95331
17.4682
4.07438
13.5917
1.47442
12.7319
3.31442
2.34536
0.140782
12.4679
11.4446
19.8915
5.75251
12.7212
6.81316
6.19188
0.808932
8.56499
6.55487
3.78479
6.21943
0.693828
13.0375
8.39654
8.33242
1.22567
0.0637287
5.51281
19.2441
12.443
8.34104
6.40326
12.1784
3.17594
2.90631
11.3396
17.0991
13.1517
6.71915
18.1056
4.63813
10.5152
2.33085
16.7502
9.13972
18.8676
13.059
16.7793
11.6508
12.2307
9.28637
10.9275
0.373208
19.9517
9.12392
7.60472
9.78026
6.45308
2.47225
16.3854
19.6757
11.426
1.3106
14.7647
7.26978
12.6054
11.1229
5.67124
17.1568
0.235218
13.0381
18.8562
2.14227
9.0264
11.3794
3.42268
17.135
19.9983
9.60681
1.68357
2.96234
19.9689
13.8033
19.2183
9.04364
18.9726
18.2901
9.58382
16.4773
19.0241
19.8044
5.40058
12.9598
14.5636
10.6155
9.7777
11.7878
6.35073
1.16897
18.8917
5.97134
15.1867
8.48852
11.7381
2.52639
17.7037
13.4595
0.828953
3.8429
16.4397
3.49715
3.41338
17.3462
11.1251
19.9984
19.9738
19.0591
14.6948
3.6938
19.5987
17.0898
18.7092
6.08828
7.04985
16.9868
19.6287
14.6606
19.6824
0.429029
4.79635
6.28003
16.2687
7.90123
0.915474
11.6796
15.2428
7.4343
16.1262
8.3944
3.00185
12.4861
3.10235
16.9709
7.21296
13.6951
6.83233
1.83313
6.95076
19.3575
3.44605
10.4472
7.71177
12.5038
4.85859
11.8253
15.6631
19.4484
7.18213
4.16875
13.6837
5.13559
16.5817
15.3326
2.40855
1.54398
5.03399
5.16144
0.534945
19.5165
18.2319
1.75382
12.9395
2.12845
16.4202
1.06459
10.431
16.9924
1.93262
6.65163
10.9254
5.92688
6.67701
4.62255
19.1898
2.01972
8.75455
13.5731
1.17411
16.5576
16.7963
15.2883
6.4772
0.952086
5.62628
9.058
12.562
4.67661
4.79837
10.4348
11.6925
2.22845
3.35755
4.85004
10.4893
6.45238
11.3563
15.5065
10.466
6.77977
18.9181
2.94509
11.8945
1.15609
17.1762
17.7329
9.27806
3.29181
5.91123
18.6587
1.86891
4.98421
1.55074
1.40207
6.023
7.45161
9.9519
3.43104
18.1231
6.15627
11.692
13.4608
8.92464
17.4954
3.397
7.14619
12.9096
14.7938
5.63672
15.7505
18.6793
16.1648
0.687583
15.6459
2.48721
11.1098
3.18028
12.4049
13.2841
18.4791
1.27792
1.18575
11.4921
11.6557
15.5497
18.8477
14.2308
17.1658
0.86804
6.40626
19.7431
13.9652
14.5886
1.52185
1.07995
17.5621
14.2314
14.2154
0.69063
15.8608
18.3737
17.4987
17.4112
12.4147
10.402
15.7815
13.8004
6.95469
2.17243
13.1473
9.15841
16.7673
9.59201
13.1518
4.37846
2.94601
18.9809
7.72299
10.1736
8.40241
18.5242
3.14731
10.4977
1.56151
5.6794
14.2815
6.88976
11.972
19.9236
10.156
13.8207
16.4397
5.1159
4.59719
18.394
15.5461
1.35699
17.9138
6.7194
1.82903
11.4624
14.8127
5.36607
16.83
8.9402
3.10217
11.5046
4.45594
15.3289
0.198387
3.11337
13.1322
3.89143
2.59156
2.06875
17.1975
19.3721
8.59909
6.20002
4.58846
2.17619
19.1362
16.3809
17.2061
10.4196
16.1856
16.2008
7.55987
2.40214
17.642
14.2721
13.989
8.68734
1.27704
17.1697
0.129893
15.0026
19.8467
3.87267
14.0869
19.6021
6.77407
3.11923
9.8286
16.3936
19.1989
5.82854
7.70542
4.80594
0.115178
19.3154
8.42197
13.0375
2.24586
2.34797
3.86517
14.2548
4.19219
0.943761
11.9315
3.766
2.69252
14.6639
7.64344
2.8694
8.78908
0.827506
13.7464
10.5649
18.8204
19.8929
8.66052
16.3658
5.92771
11.1365
12.8379
13.6467
8.46235
7.03714
6.38386
4.05879
19.2279
2.04406
11.7432
13.3875
15.5722
10.5424
17.2505
6.09509
19.381
19.2293
14.1804
6.0278
5.12524
15.9302
8.78566
2.04302
16.2135
1.69305
4.55659
19.3262
7.38939
0.387963
18.8826
15.7026
12.557
12.2553
2.22695
1.00613
19.0784
12.2829
15.3241
5.65665
1.82107
12.2499
11.571
3.59136
14.2761
17.428
19.0676
19.8452
2.69773
5.68212
2.87338
1.43716
4.85219
8.29484
10.7704
15.9571
19.237
10.8386
0.00952946
12.29
8.41505
17.0866
19.3373
14.4391
1.44501
16.0608
12.7024
14.797
14.9184
12.8577
0.081278
15.7879
16.7516
18.95
10.5077
19.8849
9.66824
15.8851
14.0718
11.9696
10.329
0.459131
12.1728
11.0051
3.2669
10.6782
2.1575
2.64277
13.6306
19.2089
6.32824
9.26506
17.4012
9.2186
12.7426
9.50447
4.88971
14.1139
2.8295
11.5522
12.4373
18.9136
14.3128
11.8486
7.44762
8.05354
8.5442
14.4037
13.0664
9.44703
10.2138
13.9744
0.82044
8.70558
6.55434
10.172
6.75629
18.6646
17.188
0.893926
0.431944
8.30796
8.4044
19.9683
9.75425
18.8566
0.624791
4.06712
12.3156
15.9195
2.35545
7.08623
10.8443
2.21872
3.15336
1.619
15.9902
7.15935
6.63714
3.39761
5.52603
5.67243
1.35131
14.1225
4.63154
16.2607
8.35372
2.69869
7.31431
19.7654
12.521
7.11582
2.30547
0.93526
13.9829
3.47689
3.73754
11.0498
10.8437
16.1529
16.1987
16.3989
10.1037
3.63138
9.52785
13.9052
4.68289
6.35499
17.7661
8.45872
14.8933
16.5375
8.96236
11.8383
2.8044
19.2344
1.02633
8.85731
14.2654
0.312356
19.0449
12.9311
19.0958
16.0446
4.54992
8.19773
9.68412
6.25532
11.6573
0.184347
14.8638
19.0066
8.73733
11.3995
10.0408
9.36606
19.206
19.4376
18.7526
13.0449
6.03329
7.81538
6.269
0.640546
4.70083
12.1536
4.9571
1.75257
4.16902
12.9906
14.1745
4.30554
17.4784
5.50929
8.66482
5.55943
10.724
5.81931
8.64339
14.3632
8.37399
19.5727
7.44931
13.7953
3.54847
3.62458
5.47795
18.8375
7.63004
4.31296
12.331
8.68216
15.8846
8.57506
5.79291
9.80945
0.404916
17.5432
15.7328
9.03923
17.1626
7.75897
7.813
2.98536
7.46194
0.620127
13.7698
2.10816
1.22026
15.396
1.02043
9.65705
17.8723
19.5655
9.03629
10.0993
6.39633
13.5743
16.2409
16.8343
5.73501
0.211479
15.4575
7.74497
4.96382
10.7595
18.9779
7.47244
6.80106
12.4284
19.8304
15.5153
6.25803
18.4284
7.10441
7.0041
1.88779
8.92065
9.4746
18.9719
6.70282
15.446
14.4412
16.7072
1.71425
17.3712
13.8872
4.65686
4.61618
8.43931
11.0835
0.526353
7.14919
0.228733
12.9398
1.02712
9.44147
5.76917
0.812224
1.08065
4.38764
1.75826
2.36308
19.6196
12.9518
17.6076
0.657414
12.1019
9.0157
0.900922
7.02331
10.3001
16.0778
12.5063
11.3602
7.0028
3.78111
4.76105
7.36182
9.95721
3.00235
16.2029
16.0396
11.5409
13.605
7.81077
14.8764
4.13649
4.99302
8.28926
2.06534
19.2827
9.05121
7.26324
8.71043
17.8776
18.1725
11.0028
16.6565
15.4982
15.8874
6.70803
8.99229
18.5984
9.47197
4.85635
8.92313
9.51997
16.2558
14.3081
14.4044
10.5111
4.14447
19.2986
3.00347
10.1208
16.6587
19.7376
14.9501
4.56136
14.2879
17.9852
11.282
17.3254
19.7703
7.46734
19.4078
18.5737
10.5024
13.9221
5.82187
1.88175
10.457
16.6364
13.8995
15.3344
7.73069
1.80825
16.3786
5.1177
19.8573
2.44066
5.20239
8.24185
7.47591
3.35519
15.7786
1.04085
11.4353
15.8691
5.09862
14.1339
1.57861
16.2316
7.83149
0.28592
2.95507
10.3497
6.99066
1.93272
19.345
0.731324
1.02561
1.08096
6.59819
15.2991
14.8606
12.5998
19.849
3.84603
13.0075
6.64142
14.4001
3.56748
12.5844
2.55828
9.32187
5.22426
3.15752
14.2
19.0363
10.2923
8.19076
4.2994
11.9168
12.8273
18.5864
2.23082
11.8819
7.42814
11.0066
12.9454
8.68946
9.66178
16.8068
13.2797
9.74399
7.68871
8.10768
16.8977
10.5638
0.357435
0.483571
7.15685
15.463
15.1099
12.5212
1.07639
18.947
4.57616
11.1951
1.74707
17.3305
0.798381
1.21698
10.9395
5.56339
8.0105
15.1338
7.12087
4.1
10.9429
15.0518
19.3577
10.3882
8.53216
4.50983
6.43912
16.3859
10.8841
13.3782
19.9578
2.43406
6.67119
2.95344
16.2174
14.3802
12.3932
11.311
6.99153
4.1127
9.53569
16.1022
6.58323
19.9505
8.63474
1.12889
19.8876
5.07119
17.5672
2.69157
5.93567
4.35759
19.9206
8.07838
0.00315425
3.41582
10.5874
3.34395
13.501
10.5996
4.31576
18.6332
15.79
8.36134
11.763
19.5122
10.4754
16.5689
7.47315
7.67414
1.27273
5.1941
14.6364
19.0386
11.355
8.47747
12.5985
8.60605
14.3964
2.22929
0.581316
4.19892
9.02697
12.8182
12.961
12.4242
14.9171
5.85547
14.9333
4.18089
1.24919
3.79024
9.18583
8.62504
19.9108
16.8099
12.1213
18.6468
7.93527
5.28632
7.44373
3.40549
2.54159
17.3276
12.1319
10.3526
19.9925
3.94681
10.3846
19.2303
11.5151
0.552561
1.75441
9.10651
8.50131
10.3708
8.51237
8.55324
4.635
19.5828
7.96877
11.299
5.06357
13.6783
17.5678
9.69605
7.70988
17.8792
12.2066
16.5499
11.3386
5.43402
2.28429
1.92142
18.4148
1.79988
8.40717
15.0319
3.25787
13.869
17.2506
11.5613
14.8998
13.9284
9.18988
11.2093
16.3455
2.34738
12.3721
18.6557
9.85766
12.2758
3.94729
12.0021
0.723556
13.4203
2.63598
6.32691
4.81961
1.17861
19.6955
11.8263
0.36031
10.3077
12.8951
8.02871
15.5676
0.747185
8.34621
1.51019
15.8922
5.39092
18.408
10.5287
8.56951
6.2259
1.14842
5.21699
11.8944
12.882
1.77441
16.4322
11.9535
15.8226
16.4592
1.87959
19.3279
14.4222
0.940096
3.78634
5.41356
3.44975
7.06587
9.35878
9.07141
0.502446
12.9039
13.8764
3.69235
14.3796
18.2909
1.8932
10.336
2.7879
11.999
14.8322
3.82648
1.37214
18.6619
19.3145
16.1874
8.00193
1.75975
2.45502
4.85478
12.3734
11.7743
12.4396
16.122
11.7728
15.9721
1.76352
0.849901
8.43138
19.7835
17.794
18.5511
12.7558
14.556
10.4899
14.3629
4.41727
16.2154
8.65138
6.12694
0.602823
14.8112
13.0085
2.12408
1.73689
4.46507
13.616
9.38115
3.95176
4.66183
12.1017
15.193
1.94019
15.2617
16.6904
0.986439
8.81002
14.6697
14.0386
15.8129
4.22173
2.51421
16.6716
18.1826
9.24611
10.7774
11.1392
10.9571
7.79545
15.7029
0.174887
3.2488
2.55208
4.17687
14.7841
16.7383
19.4679
1.30413
11.974
17.358
3.85178
15.4446
12.1226
0.500772
1.72735
19.0931
4.54871
5.42791
3.14395
0.354829
1.13851
15.263
11.436
12.221
14.8989
11.5293
9.3968
4.22416
10.4352
10.7128
13.1091
7.68795
7.03616
16.5001
6.00983
11.5726
9.2645
0.807993
8.71443
8.80232
19.4145
9.7136
1.20016
7.75824
18.7466
12.5567
13.4542
3.53011
9.76948
6.39005
7.99279
3.52968
13.5983
0.431733
15.2023
16.6546
3.55417
4.79999
18.2522
3.33835
8.31163
0.556788
17.0633
6.61273
1.72136
3.93476
17.5776
9.24523
5.29063
19.6146
13.3664
15.3718
19.2767
17.8252
18.973
2.85931
7.35423
4.86289
9.10243
2.34297
5.83348
0.848623
12.3988
9.73881
7.78407
17.2979
0.380489
19.9824
0.570128
3.39752
0.647053
18.7185
4.53289
5.1461
14.1583
18.479
9.30205
19.7888
10.0449
9.34156
2.7624
16.6689
5.26579
1.7134
1.85761
2.56941
18.3966
0.655045
5.63454
18.5762
1.86097
8.57028
13.7464
13.1477
15.8912
17.4906
17.6021
14.857
6.54668
5.67071
14.8117
13.0907
10.3148
19.0801
3.40943
19.0771
14.6154
19.1867
6.90013
0.0233846
13.4231
4.96742
10.8394
16.2822
12.047
3.3381
16.4921
4.18999
19.1218
9.10292
6.31377
5.56823
8.3609
1.14824
10.8505
15.7289
14.8814
1.45158
10.9074
6.18837
1.98079
13.2451
14.8736
11.7693
16.4738
18.3936
10.8892
16.6504
13.4647
19.3373
11.1354
0.711181
15.0151
6.66285
9.04422
13.9826
13.6174
13.7824
17.009
13.0518
7.88361
13.1557
17.1317
13.1225
18.9806
15.8185
15.6903
8.64356
13.2664
15.6245
3.25268
5.9447
8.75883
5.77734
1.29394
15.4406
12.9682
0.484677
11.0924
1.03627
0.960645
7.60726
3.48749
19.4984
5.29474
6.36901
15.2197
10.2136
11.3117
0.0289534
8.16197
13.0472
0.831407
7.44794
12.4309
16.6742
10.3221
9.59032
19.7154
5.27768
2.16709
5.10396
13.0211
14.4278
7.96422
1.04087
3.86435
5.55913
2.60473
18.868
5.14429
6.59944
18.0089
4.17765
7.72783
10.5639
2.41877
8.25986
8.45976
4.53757
13.8672
13.2467
3.25807
13.5837
15.3349
1.24805
18.8848
13.1573
10.2777
10.3601
14.6491
13.2564
8.35225
15.6459
15.1622
2.11133
16.1564
7.11831
13.2857
3.40187
7.23515
10.3005
11.9633
5.63423
13.3541
1.27688
13.5278
8.91055
4.90624
17.8465
18.6709
11.9312
19.1817
6.50557
4.03584
5.07848
18.9951
18.0758
15.5974
5.76782
16.7237
16.3292
18.1499
14.4464
1.51592
6.08421
1.10553
7.11896
17.0676
18.5377
11.2171
15.4377
19.6113
10.9393
17.3449
6.96221
11.9085
8.9563
16.8945
5.00713
8.87335
10.0593
6.81308
2.15
3.17305
18.3795
14.7408
3.22371
10.1888
6.68485
4.85396
3.47141
1.0894
1.45511
5.01852
15.4245
19.3511
16.6752
2.27653
9.5333
19.9853
5.70142
15.2935
8.19402
5.38925
10.3838
6.61148
7.17095
15.5077
5.89808
17.6373
1.59293
5.30625
10.3562
1.97265
1.16912
14.4342
15.5444
7.80651
2.77516
15.7372
13.5036
1.68211
9.66443
8.61866
10.8216
13.3126
8.84817
3.06213
8.80626
19.4802
1.58904
7.87854
5.67879
17.3599
13.5674
9.58225
1.65047
19.638
17.9023
15.7283
19.7785
6.58503
6.1766
8.29329
19.8341
9.07532
9.4134
13.4794
8.01224
17.6441
8.62905
0.372003
18.3947
1.80044
17.806
9.67453
11.9255
17.7326
9.02269
5.7738
15.7054
8.94547
1.37597
16.1902
8.58955
18.7773
18.6246
13.2288
14.6247
5.67761
11.0917
1.24988
5.42349
6.62829
14.5455
11.7166
1.40443
17.4774
13.6258
19.4412
13.8948
1.60158
0.563242
5.47752
6.77376
14.3249
6.96343
2.35391
5.6005
18.5818
18.1437
9.9838
5.22765
4.66036
5.17887
16.2786
5.24896
7.7112
0.522273
17.1199
19.5361
18.4652
13.4311
8.33778
4.04767
12.6607
14.4044
7.06309
2.61128
0.824353
18.807
4.69979
17.3107
10.1398
17.9116
11.2698
15.0743
0.165047
19.5933
6.57883
19.645
13.0937
1.01248
4.3046
18.1384
6.43429
12.4214
8.23889
10.1676
9.13774
7.56254
2.65981
2.68869
5.91847
6.03033
6.10484
6.78318
7.07786
7.4761
5.49159
15.9512
12.0361
18.3489
9.67269
3.98158
2.77661
6.46918
8.99444
4.06775
4.78656
18.8087
12.3358
1.82471
14.5223
12.2175
5.7638
2.01686
15.0222
17.845
17.7844
4.1352
8.4312
1.51588
18.8565
4.5917
10.5494
9.55969
19.0309
15.7215
13.8997
5.15283
3.57763
19.0218
17.6552
0.248056
11.3234
9.89715
7.05068
15.0034
17.073
14.9193
6.41114
1.37957
19.7716
7.05789
7.25966
8.08207
6.71557
19.5206
5.94338
8.30088
8.09253
5.02441
3.35209
7.7159
4.25925
14.1406
10.253
17.0812
14.1383
4.38459
9.55986
18.8014
4.09608
1.31538
1.6762
16.3938
17.9079
1.92083
15.5921
10.2928
13.3384
16.2058
10.4754
14.8524
16.5117
6.7637
14.9085
18.9264
1.90317
9.96098
19.9536
10.5394
10.4495
11.6412
3.82756
10.5506
16.5295
12.5934
14.0299
13.7873
3.2134
19.3315
10.607
14.8976
15.1854
16.3979
6.9403
4.5347
10.1366
6.33081
2.41273
13.7236
2.97629
1.82333
5.60314
16.8053
15.8517
7.41106
15.7673
0.725235
11.5329
13.1122
8.52032
3.91736
8.53566
3.92754
12.568
4.5216
5.05704
4.48465
19.3955
12.4991
18.7193
13.9263
15.9581
5.95945
12.0522
0.511962
10.8685
18.5847
18.6898
3.93279
16.0279
13.3685
12.6345
6.74756
8.57866
4.78297
14.8806
4.33007
5.16305
0.0474919
5.87951
14.6342
15.8276
19.3293
1.12642
19.4018
15.3585
18.123
0.717285
12.6554
18.0398
9.21463
15.7031
15.4975
16.5534
8.14647
12.0057
1.52433
6.58474
6.31559
12.5762
15.7917
0.671438
12.2556
16.7958
16.738
19.0593
19.3296
4.92135
6.33093
11.8987
19.244
12.1811
15.4925
2.52265
18.8359
6.77134
5.26375
4.26401
5.73013
9.70648
16.4915
3.94815
14.7012
4.06098
8.29845
2.50677
3.94824
12.3245
15.2297
19.6789
13.5351
7.95408
4.53205
10.429
8.90556
2.30253
2.26108
5.52205
15.7477
6.54371
6.07152
14.5238
3.92187
10.07
15.3856
11.1468
3.75296
1.00876
7.34444
14.0906
18.9849
9.23097
9.04455
3.5074
18.0893
5.06628
13.3384
8.13823
8.34479
1.79891
9.12865
19.8011
18.882
15.2346
15.59
18.6714
5.73951
3.29568
4.4836
5.4972
0.988433
19.0983
0.388204
1.84043
19.0808
0.0628713
10.7621
11.97
18.3638
9.49029
13.5058
4.16127
0.0856655
6.0493
0.493564
1.53852
0.325384
13.8962
2.6217
1.38232
9.50089
18.1185
0.255263
1.5757
3.27817
5.67146
8.87698
10.8963
2.04954
3.55692
15.3412
13.9761
3.72156
2.94795
16.0627
14.9843
2.75828
19.4538
13.5739
9.6353
10.5129
8.1131
11.9358
19.1354
2.10417
19.5003
14.0036
7.72433
7.46427
6.1987
8.32714
9.70507
4.8493
4.21345
3.80406
1.06659
19.3948
13.0683
12.4417
16.8575
18.8974
18.3355
8.88542
18.5166
6.37777
16.7324
16.5438
16.5262
12.78
6.90301
3.58691
10.7772
2.24326
6.56535
12.3259
3.62214
4.93891
17.4245
19.8423
2.54394
6.22489
3.16373
9.79106
14.3294
17.6656
11.6411
13.8033
19.3545
18.9606
13.7837
13.2931
4.59663
6.92447
0.739802
15.9129
0.822798
1.00281
16.007
10.1931
6.22368
11.719
19.3243
18.6131
4.80362
12.1211
16.7259
18.5865
8.55302
10.9048
0.456048
16.421
14.7959
19.5836
13.9178
10.4061
16.8703
12.3026
19.3941
15.2316
17.5087
8.10068
13.9934
0.565268
18.1876
17.7432
18.636
4.33943
3.65433
1.77576
4.08844
13.3459
17.533
11.4647
9.92309
19.042
3.18041
1.26721
0.225027
0.880005
9.26693
6.36539
0.892511
0.0105045
4.16775
18.2659
0.260117
17.6743
15.3911
13.3783
10.5204
11.0118
10.5148
1.84912
10.0448
16.3347
7.24585
5.63867
0.188614
1.68143
8.59564
18.523
8.60943
1.68779
2.46586
15.921
18.1668
0.522503
5.76428
13.4493
10.0125
19.4202
18.9206
0.310896
4.29408
5.69463
2.95248
5.09252
19.5947
6.08374
12.3903
5.84912
1.68762
6.44951
17.7233
10.8708
7.7288
9.30872
11.2191
6.53594
2.64067
13.2496
5.61591
14.9984
6.25109
15.5287
14.7718
5.50709
2.98147
2.43726
5.83981
15.5421
10.2875
6.94371
10.2407
17.3402
19.0243
18.6285
5.19227
18.4978
14.113
5.8662
11.371
14.0509
7.70715
10.6378
16.3611
18.4329
6.90089
11.158
18.5595
11.0572
2.43907
11.2877
19.6983
1.67294
2.63016
17.7749
0.0724998
1.65672
19.421
17.9218
11.8463
18.1571
13.3929
0.612232
1.91293
3.57352
2.47047
1.64932
4.97017
0.347666
19.1875
12.8151
19.149
8.44808
18.582
15.5548
10.0195
11.3694
5.15171
7.34388
9.15364
11.3059
7.48098
19.3393
18.1931
9.69145
16.5255
14.5381
8.87318
5.37111
8.61962
15.4966
17.7994
15.7446
3.26715
18.9215
17.8947
15.1042
7.63378
19.8705
8.87158
9.78471
5.28597
7.43257
18.8823
12.949
11.1412
7.22516
5.85178
13.5466
10.2884
6.70342
15.0823
5.08616
16.9634
7.97251
12.738
19.4547
19.6416
15.1478
13.1022
18.6576
8.26699
6.2906
14.3345
8.32291
7.02859
1.85675
5.94697
4.28449
13.4374
15.2738
16.6792
9.82606
19.177
8.35573
19.7105
17.4533
15.2394
2.83833
5.25274
0.935678
8.97637
3.98819
9.47126
13.0496
16.3782
2.0096
7.85688
14.8069
1.37908
15.4281
13.507
10.1929
1.16193
6.22039
0.154855
13.8673
13.013
13.2836
9.62596
8.74284
16.2336
0.382869
16.1182
9.88669
18.8543
16.9635
15.9327
12.8523
12.1035
13.9711
19.6379
4.15015
13.8694
15.8919
5.73234
10.232
3.00484
18.7585
17.1304
6.62926
11.6823
14.2575
10.4085
18.2311
7.78352
5.81602
1.87435
3.69049
13.2789
18.2717
6.35371
5.48964
0.705216
1.84048
11.3083
18.8735
13.7517
2.30693
6.89327
19.6676
17.5865
9.60678
2.69776
1.67633
9.2635
15.7799
19.3307
10.4759
1.26436
14.1932
1.96689
11.9099
15.7452
4.55722
0.336643
17.5793
1.6712
6.23423
12.8255
0.029891
13.117
15.5125
2.89898
7.54326
19.6301
17.262
2.3585
1.02492
9.62168
0.503874
12.4824
2.21775
18.2543
15.6114
14.7007
13.0316
1.75291
6.89501
2.92616
6.65525
12.2837
5.56297
19.5744
18.0499
14.2635
5.80505
0.83196
4.03101
19.1692
4.54456
8.86267
17.0979
1.50113
17.7907
11.3512
4.99003
17.0924
7.86684
19.602
13.6001
5.73616
14.7289
14.5351
3.77414
13.5092
17.8706
10.683
19.5809
2.71277
3.19148
3.34551
9.78817
10.7465
19.5668
0.235803
1.91891
0.244943
17.2741
1.52724
17.6486
0.704565
3.8672
14.9442
11.3231
7.07594
5.37933
4.57675
17.6207
7.36612
0.581855
14.5493
15.4745
0.720555
7.07097
0.988524
10.1671
19.0028
17.6072
2.11418
7.9928
5.59144
13.8033
18.4777
14.2329
0.5377
18.1532
6.15774
12.0895
5.47895
2.86705
8.10919
8.12938
19.1984
3.19643
14.5003
9.96995
1.00357
6.78584
9.67046
3.13751
9.22805
6.10249
11.819
15.3458
19.5008
0.142008
4.0772
7.74272
14.7458
13.5351
11.7507
10.0779
12.4719
0.147702
8.53908
5.89863
4.34175
13.6975
15.8261
3.59715
16.7215
16.1498
4.72507
8.55549
5.56223
14.99
2.54609
1.81261
0.544361
11.371
12.9349
19.1332
13.2775
8.87632
15.8631
6.86268
3.21324
8.91942
8.12358
15.716
3.70445
16.8608
9.62499
10.0182
8.16836
18.799
11.6377
10.6473
5.82502
0.0667371
14.9562
15.1659
3.99755
8.69218
4.9247
18.4529
13.0872
0.147689
9.18378
1.06065
13.8458
2.43529
18.8007
2.01894
1.19004
3.01595
7.6693
17.734
7.8461
1.74466
0.944767
2.39899
5.06191
2.2953
7.81888
6.75727
19.9035
15.9735
7.3468
18.5359
4.18783
19.4155
0.017609
11.8379
13.5546
2.69258
14.658
2.37024
19.8663
5.75452
19.77
13.9586
4.85762
9.92351
1.12112
11.9025
18.211
9.68187
14.5947
7.77723
8.66402
15.3307
9.25395
10.2568
8.38403
7.96867
10.5614
13.3165
12.1391
1.76619
8.11557
8.3146
10.081
12.2606
3.42732
5.71287
2.72991
16.6471
16.7171
13.7966
0.316917
14.6552
14.3827
11.5889
12.2869
14.7552
18.162
10.1118
18.5207
1.81482
12.9712
14.4209
4.46288
19.8403
11.9433
12.3501
19.8786
2.67256
15.943
14.5477
6.97469
6.098
14.1339
5.95078
15.5756
15.3263
3.77688
9.03514
6.02475
6.49897
11.2091
14.2349
3.28247
10.3836
7.78463
15.8724
3.96783
8.00203
11.3971
16.9667
18.4962
17.4025
9.83765
17.3436
8.66922
8.95156
8.30767
17.5667
7.58864
6.40191
0.39156
10.3839
18.3868
5.17939
17.5868
7.91979
13.7483
1.18199
12.5407
12.4262
15.9843
1.42031
15.8059
1.66594
18.4632
0.0760619
16.0517
18.8701
5.81264
9.1507
16.968
6.57147
14.5835
7.17728
8.43608
0.186291
2.7778
1.33111
14.0874
6.78182
8.70657
16.529
9.97542
16.0749
4.1001
18.8895
1.02949
7.56191
15.9308
7.24352
6.41761
7.19742
15.3168
2.20742
13.7608
19.6149
3.3788
15.5058
7.28056
13.4316
13.3104
0.470348
17.2437
9.23071
8.15579
14.8868
12.7329
7.4019
7.7875
11.918
15.0552
6.85921
5.83472
15.87
4.01016
7.71684
18.0174
8.80964
6.86113
6.09668
8.32391
12.8443
7.45735
9.24085
8.70103
11.3781
6.27364
13.0512
15.3295
15.3903
12.9594
1.33793
8.92341
16.5729
7.3581
1.88251
16.038
7.63251
16.9912
11.4629
7.5257
2.61993
11.7487
15.9934
2.53616
9.9555
9.41824
6.54755
12.3697
2.95234
8.7053
18.5465
1.74532
2.60907
5.83517
12.8008
10.8906
0.945701
18.3281
1.29346
3.46457
17.2227
14.6115
12.2386
7.46041
0.0638601
19.6305
3.41881
19.6436
6.05174
17.3526
9.67628
0.723614
0.232435
10.0962
8.86573
19.9726
10.8361
1.92224
6.06102
8.91359
5.88036
14.6813
16.6595
18.757
11.8828
8.02158
8.37953
17.9778
6.72993
17.6567
17.8402
11.1843
0.667753
10.0328
8.18542
10.8947
5.46839
18.6211
12.0766
4.25379
18.436
9.87766
3.19402
3.33557
0.338956
9.24848
11.5797
6.38861
12.9363
1.25765
14.0306
16.4729
7.03745
8.17253
13.9611
18.9381
10.3495
6.44096
7.78542
3.67559
0.796798
0.38242
14.1518
18.0174
19.1043
13.1289
0.0852383
3.44698
17.8146
10.86
7.93665
11.6251
2.23201
16.0909
3.04285
3.94201
1.42835
4.6482
9.68719
2.17371
5.9158
3.73826
18.2117
13.6894
6.61362
8.88513
1.46018
2.72726
2.28706
5.85604
6.74348
18.1351
1.80051
9.34265
1.69904
4.83768
18.223
8.24801
5.6655
17.3453
19.2809
19.3854
3.30423
14.1097
6.71965
18.5487
11.6272
7.31565
19.8982
1.35722
12.4221
2.73409
16.9887
4.80346
15.8146
0.374199
9.95307
19.2837
0.5378
17.0106
11.1186
11.5726
2.42707
12.4906
19.6466
15.2195
5.82376
18.4577
4.91252
8.58558
5.56125
4.76206
0.184359
13.483
1.42662
12.8622
9.88449
7.34364
12.0507
6.71187
3.49161
13.2181
6.94191
12.8027
8.75125
14.3606
12.439
11.6357
2.14016
13.8475
14.309
0.222411
16.8339
3.80938
8.5315
3.8875
10.2246
0.228834
3.04026
2.28639
7.76656
18.6379
9.78333
1.11777
10.73
19.8781
5.3544
6.05408
2.74477
10.7406
13.777
9.75862
6.42752
15.0472
7.36051
6.99019
14.1208
4.24321
7.34356
9.05094
7.20868
8.85946
15.5111
9.62162
0.447343
13.1764
9.09646
6.07414
10.6612
15.9435
19.3277
10.7333
0.476517
12.4471
1.18077
17.6424
19.916
11.621
11.7547
13.8603
0.346289
10.9353
9.38837
2.23195
4.13887
0.904289
10.1764
14.3702
15.3759
10.8568
