18.8008
17.3414
9.102
11.5591
0.571147
9.82514
12.4815
14.1412
15.5027
15.8785
5.2782
1.38621
12.0696
17.1618
12.2204
15.0077
0.55979
13.1285
18.2559
1.49804
7.30887
5.43814
15.3545
2.82712
7.46645
4.45088
9.34698
10.6248
19.2907
7.74511
13.3484
15.0464
9.98483
13.6457
16.2588
18.1731
15.4286
2.66804
3.24326
15.4634
7.25886
5.17023
10.9585
13.1433
14.2444
13.9246
15.802
7.54982
1.23361
5.00833
5.71707
9.08779
2.64397
12.5962
8.29608
16.6628
0.846325
3.88005
16.065
8.83717
0.504023
18.7643
9.47754
1.72639
18.4291
10.9118
8.97583
10.3659
0.611936
7.96277
9.07193
12.0379
15.6657
5.23018
2.35613
9.34743
8.47767
4.26597
7.77745
12.8824
10.6997
8.75881
9.43755
15.8095
17.0375
17.6882
5.51563
19.9927
8.94489
11.7062
13.3086
0.614911
15.7276
7.41167
7.63661
9.19423
18.2134
12.8453
15.3038
19.1449
19.8358
13.73
11.8919
17.4759
3.80348
12.1981
2.21935
9.22889
7.09593
7.41698
0.792502
14.1452
17.4092
11.774
17.705
2.11285
9.70718
15.4231
7.80946
14.5499
16.15
19.6155
17.911
0.62296
5.93144
13.6674
16.1372
18.4431
13.1947
1.06223
10.3937
11.3855
14.6303
18.0216
17.8349
11.0086
19.1797
16.9076
15.1328
11.8265
10.3865
19.5352
6.20979
2.72111
5.06402
18.4964
15.1142
18.0208
11.1522
4.38197
1.53794
13.5475
14.6265
8.04559
10.4437
16.2116
17.5814
15.4393
10.9592
19.5614
11.4364
1.4474
10.7665
12.7683
5.92052
11.5337
8.51722
5.22716
13.0901
12.238
12.6024
16.3867
17.3096
16.0144
16.7118
19.2469
0.330875
18.7838
5.7074
5.60161
3.33526
8.76803
11.9752
19.8249
17.044
9.90085
19.6735
0.88765
2.71994
2.46514
16.9497
1.13033
14.4047
14.0778
18.3967
1.77105
6.56273
5.87733
8.81131
3.14777
4.45091
2.97414
4.83877
12.5588
15.4269
1.63858
15.146
18.5851
13.7156
0.884034
0.674017
7.72867
12.5341
19.1494
5.5173
6.40209
0.909636
15.2138
2.2574
4.63449
10.6083
14.5764
1.57518
9.85871
18.6039
1.24858
16.313
8.3474
13.0821
12.9901
15.405
4.41574
9.77607
3.73902
2.4741
17.1454
15.889
6.43634
1.59351
4.21896
5.51878
18.0161
6.02363
14.4545
7.13005
11.8342
15.8435
7.35657
8.41305
6.80531
14.7951
5.5453
16.3853
18.4649
11.3227
0.920679
9.3236
13.5721
19.4915
15.6844
5.79709
0.356891
11.2839
9.44949
18.6053
7.47179
10.1148
14.4015
15.8884
5.93062
13.2361
18.7509
5.36995
17.9313
16.7583
19.6911
16.0217
4.44051
7.89415
4.32577
18.9567
15.7257
2.11316
6.01673
0.421579
13.8329
6.67384
18.2237
13.6758
2.41843
10.0728
19.0773
19.3142
16.0942
19.3551
16.0106
5.46225
4.08283
5.88011
11.8774
