4.50897
15.2497
12.5827
4.95531
15.4007
14.0303
19.8566
19.4571
6.62089
8.96998
11.0611
9.09503
18.7058
5.83562
19.8249
5.22379
13.5039
13.7027
0.220349
10.5286
15.6473
0.402222
15.1901
10.2751
7.34451
0.681378
3.85519
5.32051
15.1486
1.3602
8.26599
19.6851
2.37514
4.28121
11.4241
15.7724
11.8426
5.74545
1.22796
19.7841
0.775355
17.3401
4.19341
4.80146
19.4825
1.24686
3.14671
14.8224
13.368
0.251445
9.95263
2.02084
12.0338
12.5744
3.58892
15.1341
5.46164
19.9597
19.4559
11.0192
18.7902
1.01762
8.59323
8.11932
8.68847
3.21155
1.25145
14.5593
9.35158
17.0002
11.0212
6.98705
13.8073
0.10398
12.799
1.02871
12.6869
11.9223
14.238
10.9845
8.28884
18.1889
2.4186
5.89035
15.2222
1.6401
15.7576
7.34164
15.4192
11.285
0.96844
4.88319
14.6314
3.49715
4.15955
1.822
2.49636
12.0155
11.3185
6.11217
3.71867
13.6675
9.37643
4.99623
2.94148
19.2107
8.87143
19.255
12.3715
3.64419
9.42124
15.6646
18.3884
4.22736
0.784101
18.4495
11.9315
10.622
19.0781
13.7768
11.1262
17.6191
17.3229
5.68011
0.619332
12.2272
3.90783
5.99078
11.1024
12.5122
17.7635
10.8364
5.13565
15.1189
2.03423
9.94815
17.3958
9.75803
3.18003
16.0441
3.99772
18.3242
12.6275
9.96448
14.9807
2.64995
3.46765
2.8209
5.46002
18.3285
4.95147
15.1388
10.6957
7.78758
2.54193
3.29079
16.6121
15.7854
1.20972
12.7744
18.2062
5.47874
2.9547
15.3512
3.59044
5.52908
3.92387
1.89767
14.849
14.2762
1.78488
3.99448
11.6611
19.4067
6.75034
7.96169
14.2971
17.0456
9.64899
17.1722
3.34814
18.8289
7.64443
0.0688824
0.161435
4.24405
9.58292
6.04026
19.1286
8.07996
2.38986
18.8695
18.9843
7.47262
3.6893
3.50647
14.3264
18.5219
15.865
14.0248
11.5488
7.25919
15.7493
18.4923
6.51243
12.8346
5.27987
14.5692
12.4687
9.72208
8.02322
10.7118
4.55694
11.9512
5.59277
9.05409
14.3606
7.72546
15.0361
7.76917
2.94645
2.45573
16.0386
13.3793
10.8351
19.4715
16.719
6.87637
17.7581
16.1601
5.10512
10.0698
8.58418
2.16931
0.591529
15.9226
15.6623
17.3656
12.1084
3.17801
19.6727
8.35071
18.4296
1.34096
16.3609
17.2284
18.8379
19.1729
19.5004
11.6892
16.1953
17.5429
2.84033
18.4135
19.3473
13.9416
3.31611
19.0893
5.76252
3.20939
6.80788
0.420138
0.694345
17.8079
5.12637
11.7094
3.88005
12.923
0.494764
12.3515
1.3297
0.0418971
13.7228
16.6486
3.32603
2.221
19.8794
18.4035
16.1698
14.925
3.79459
17.2818
6.80793
4.45925
4.55518
6.19125
5.79232
5.04899
15.2566
12.9873
0.939039
17.2628
8.50788
19.1349
4.332
0.522796
8.41367
2.1993
7.17298
17.4368
3.02643
2.4052
0.941534
12.0853
12.2504
4.45881
19.7528
1.96958
11.2916
19.0314
6.12548
13.8862
19.3766
1.8922
13.5668
7.99786
5.75792
4.0286
2.38152
12.3302
11.6136
16.1119
19.9549
11.1619
1.33888
18.2954
19.4638
5.539
15.6669
2.98671
14.5717
18.2069
9.98428
11.5208
14.0906
6.4156
12.8134
12.0559
15.8397
11.2382
0.938296
0.298418
11.8261
16.106
19.8507
14.3728
4.35973
14.4135
6.48334
6.99369
19.0957
8.23915
7.54588
2.31971
0.745302
6.54001
18.7536
8.77782
1.69067
11.402
17.4551
2.23903
6.25136
11.9681
2.499
8.94726
18.7409
9.9256
9.69916
16.8544
16.8167
14.7621
8.65433
19.3026
4.31007
6.34252
1.01201
19.1383
10.784
15.881
3.9422
6.43303
16.7749
18.8579
13.3984
2.4479
11.4003
15.9856
4.66866
15.6196
5.79213
13.8325
1.58344
4.50967
14.5534
11.4768
5.54902
6.83941
16.7476
0.996962
3.97716
4.70588
0.892908
19.969
3.60464
10.0269
11.2222
3.84945
2.58943
10.7609
11.3882
3.09007
0.595427
10.985
17.9335
11.5075
6.27482
2.45697
13.1329
19.1992
2.61171
2.4684
12.2055
10.9514
4.27377
4.96611
9.62586
10.2606
5.24372
5.1457
12.9711
19.3611
6.83873
14.0005
7.4207
9.58791
1.35774
17.0045
19.9059
18.2835
18.8203
8.74364
6.79936
18.1102
1.64147
12.1683
16.7059
17.196
12.6588
8.72312
6.46087
2.7845
7.36992
3.02863
15.5601
18.9256
4.41307
2.5372
13.483
6.62867
17.6684
17.003
11.7835
6.95986
16.1536
3.37565
16.9233
13.0166
12.1022
15.5048
16.993
15.4726
12.445
16.6533
2.21394
17.3233
14.3946
15.4403
15.188
19.6295
2.1552
5.69487
10.0124
3.39886
10.3451
1.33512
11.1556
8.92993
17.9615
8.37006
4.41402
3.22978
6.18187
3.03586
6.06841
3.00866
5.81801
15.7112
3.22088
14.6331
0.9011
15.3894
16.7052
6.91205
1.24934
5.7675
2.64353
16.6324
19.9437
6.80535
14.0522
4.06617
18.5274
10.4825
7.0503
1.38551
10.837
17.3191
17.9286
17.8144
9.25219
4.54279
19.0447
13.3418
8.12778
18.7323
2.39076
0.304221
15.2065
6.17468
13.5003
8.58878
17.4759
1.19944
17.3986
17.4678
2.08854
11.9957
1.27826
0.354155
12.0577
10.0086
15.8075
13.4491
12.2138
1.25478
11.9683
3.50158
16.6464
10.6513
18.459
9.22467
9.43329
13.0865
14.6371
2.52215
17.9158
10.7901
11.3111
16.3485
11.237
1.61934
13.3816
7.98925
8.02862
8.13137
5.51218
14.6543
6.58885
2.8278
16.7425
12.0762
13.7607
10.4836
7.31267
0.76088
18.4076
14.6982
10.714
6.03376
14.4699
4.50591
8.54576
19.632
14.4626
18.0864
19.8955
4.09291
16.7491
6.23006
0.251163
1.13831
12.9695
4.69531
13.0644
13.5062
15.2288
10.5026
9.30119
19.9518
8.64019
7.18787
9.74507
16.6251
2.79494
10.3697
17.5951
0.287031
11.7085
5.40055
19.822
7.39078
5.07875
4.35002
13.2787
0.456147
2.39698
8.34562
0.575095
14.0493
3.12076
4.49634
11.6228
2.51226
12.5964
13.7421
15.3841
11.9724
11.2289
12.0055
7.39182
18.9892
1.07804
5.28079
7.50771
3.38404
14.7685
19.6875
13.2842
10.0436
3.193
7.40488
18.3228
17.1671
17.7385
17.367
15.1136
2.97971
9.13676
0.900362
9.0395
17.4488
8.55616
6.87156
19.8987
8.29623
16.8546
12.219
17.9953
19.9783
14.7899
18.3137
11.2881
1.62851
13.8757
6.04204
9.14622
15.7957
15.2094
2.86128
14.8457
0.58618
5.88613
0.317957
11.4959
14.3489
13.8565
10.139
9.99384
16.5709
7.52901
17.5181
18.8322
9.55778
19.8745
5.40424
5.59528
18.0359
19.2192
6.08475
10.4286
5.19369
4.29907
18.328
8.18516
5.55681
9.69294
4.31168
12.6566
7.21302
7.4236
10.0316
3.43955
13.0714
0.810397
4.64293
15.9965
3.6664
14.9616
6.67382
4.28352
17.7722
17.1143
5.86534
2.4072
2.71117
18.5893
19.7414
8.65875
15.8662
7.33679
13.6848
12.8201
6.07146
10.7
15.5012
6.18838
8.32323
6.39947
8.09687
7.91429
14.318
4.19132
13.2741
12.4638
8.91924
1.2303
17.2371
5.33327
18.613
5.13933
17.3551
2.64532
4.38982
13.0438
7.56672
4.68709
4.59144
14.4299
1.64245
14.5332
9.45559
18.7414
11.9977
4.08705
14.8784
17.9641
4.76351
7.3645
10.5648
1.47026
5.06103
5.94525
10.2766
0.676465
17.7593
14.3769
11.6667
0.929619
16.5961
3.37972
17.1513
5.68777
16.5181
18.5344
11.6125
19.4145
5.60028
14.4396
13.0069
8.8133
11.8031
12.7193
14.7681
16.726
5.15544
7.05972
12.9259
4.72832
4.01887
12.9186
12.7466
2.3285
1.91684
0.547744
0.667814
6.9173
9.63279
17.3244
3.42813
8.74964
12.6043
2.45166
6.27434
5.25706
9.80654
5.47442
3.12354
3.83655
3.21778
17.6462
13.9292
12.6046
1.8922
16.787
0.60574
10.3799
13.4841
1.69058
5.04408
16.7818
11.1953
11.4344
7.36192
15.619
13.9208
7.18729
8.95831
9.50488
18.5224
12.8651
14.3179
14.5922
16.5031
1.98535
13.4195
15.8125
4.0465
3.90656
3.35486
16.9013
13.529
0.284723
7.38436
3.06095
11.847
10.5096
13.9324
13.9868
4.33333
6.73009
17.7572
4.91545
18.2079
17.8612
15.889
19.086
2.28701
7.39957
4.12417
9.58846
4.17759
16.0937
5.66815
13.4616
16.6816
17.4272
8.44349
16.9791
13.4027
6.4119
11.7264
16.9771
0.0182389
13.2378
9.13925
7.31509
5.59441
6.03644
13.2682
1.7203
17.0791
8.84701
12.9932
9.77843
6.74064
2.94962
11.3573
12.9859
7.60883
5.68703
12.3301
16.3189
16.5496
17.1714
2.03489
5.02361
14.2597
8.16818
19.6785
14.4777
15.8
3.1504
12.9556
1.60189
14.0512
13.4967
15.7342
5.00329
19.3572
5.73014
14.5091
0.114367
19.2881
15.3929
2.57335
13.6471
3.27858
2.27083
9.81986
7.21559
13.0845
11.2477
17.1547
0.811277
10.1807
0.494115
7.16972
4.16341
8.76259
15.0105
16.5828
1.54097
11.916
17.304
5.08489
4.89905
3.05496
17.0781
4.41034
0.366459
11.5134
9.97784
7.65997
2.92292
4.23478
11.683
17.3363
8.79737
16.6311
2.93222
9.18746
7.59057
12.933
14.8019
1.88586
4.56601
4.26343
10.5869
3.5295
8.8202
11.3114
11.1734
12.7071
3.46198
14.5145
6.76237
13.1351
0.0338006
5.49976
0.744253
12.3176
15.8663
7.37927
5.47905
11.609
0.362033
3.01172
6.84562
8.87963
1.359
15.529
13.2094
17.3237
17.3635
5.85506
10.8609
19.0473
13.5958
1.24256
1.35045
5.39209
13.5927
12.0682
15.3769
7.97979
10.5974
1.03376
12.3749
1.30788
19.4281
2.4462
17.119
16.0019
16.9455
17.5861
13.1742
2.01107
3.03669
16.8173
12.3857
8.82177
7.10699
15.9207
9.06009
10.0956
2.02909
9.39148
1.47151
0.0710577
15.109
13.4343
16.314
16.9901
12.6018
12.088
4.87693
1.64501
16.2849
6.4271
9.16804
19.656
15.8676
16.8119
12.7716
2.36401
11.711
13.3578
9.27474
11.8223
7.17334
10.501
10.1577
3.11939
8.16848
15.2555
0.446942
18.2292
10.7032
17.5573
15.7652
19.6371
5.05016
8.16249
18.8232
9.17125
1.56078
6.44881
3.54562
13.0814
12.8897
7.00813
9.5985
17.3018
13.5774
7.52195
10.7013
11.0783
12.8126
1.05738
16.377
11.6202
8.69186
19.578
11.9547
18.527
16.4325
10.9753
10.8178
15.0233
8.8319
19.8319
2.6088
9.79094
16.7088
0.613995
1.83121
4.20027
15.7439
10.8548
3.09614
2.00559
15.2366
19.3934
0.648772
5.81171
7.18794
18.1595
17.0488
2.8244
4.04085
5.48175
19.7426
13.633
18.6238
18.3437
19.1038
16.6313
15.1033
0.254959
0.076439
8.55442
0.56772
0.22353
18.0046
12.8104
0.69282
5.51967
2.65492
1.09936
1.74537
3.85086
13.6734
13.1236
15.1168
11.6571
6.16936
12.6518
13.4011
4.48337
8.24831
9.01374
4.28088
2.93004
6.50175
0.10677
8.07179
10.5674
18.2128
1.65864
14.0386
0.191888
19.9883
13.0443
5.37222
3.59414
9.38738
12.9648
13.8502
8.03025
16.3826
9.30757
3.39448
10.0946
16.017
16.2411
8.65324
19.0285
3.46551
9.32247
16.7973
5.19094
12.4007
19.0414
13.0237
3.93649
7.77364
5.58131
6.15351
3.31925
8.46983
17.6216
12.2682
13.8234
9.08025
15.005
15.4263
17.9906
14.9566
14.5342
0.00988755
14.8844
1.24575
14.1745
7.08579
11.2043
4.51098
12.9968
13.3208
18.9456
16.9786
9.70363
6.81101
4.62022
16.972
7.11485
12.158
6.38141
13.8202
0.354365
0.493604
18.6957
9.68256
15.5031
12.0253
0.0937317
1.629
5.82588
14.4668
15.3196
5.78517
14.0393
5.04788
19.832
11.428
16.7928
19.437
9.83175
12.7524
16.3807
19.9777
5.92978
0.426721
2.98738
5.01114
9.33865
9.24668
13.0787
15.8956
18.1869
4.4028
3.9212
14.178
14.014
2.50329
6.7702
13.4646
13.2571
5.23316
16.4884
5.74445
6.58493
2.86906
3.49381
1.5896
11.9811
7.37136
15.646
2.84948
4.7247
8.79865
12.0777
16.0126
0.265649
19.5994
6.46752
5.86263
11.4044
4.90611
13.6061
10.499
15.1045
14.2012
15.5649
14.2445
9.49803
19.9844
12.8561
16.5694
12.4589
0.677047
7.75654
6.18288
13.9312
8.36628
9.93518
13.9962
12.0544
18.6768
2.54434
4.24039
3.24185
4.90468
11.2546
8.96545
11.7445
7.298
9.06779
13.5145
3.59318
6.59329
7.45739
9.05061
8.62628
11.1727
2.18776
8.8534
8.34204
7.51205
16.9648
7.67492
17.4533
8.77228
16.0512
5.57392
11.6528
2.99121
13.2424
15.8371
19.7333
14.6428
7.5038
11.2297
7.81065
19.4964
14.2354
4.48091
9.1468
8.84934
12.6666
4.21735
17.027
1.51268
2.16278
2.4181
9.84612
18.201
15.4532
9.29826
12.2274
0.665778
12.9737
17.9756
8.47654
3.18165
3.833
7.72434
17.0295
15.4804
19.0125
10.3788
12.6814
18.6555
14.5504
9.67275
19.3458
13.5686
6.64487
4.7914
12.2827
4.20499
2.8113
12.9512
12.9202
15.4149
5.62691
11.7158
2.67412
3.63465
12.5626
6.43323
5.49152
3.38708
1.99106
16.4548
8.1038
18.9721
4.86348
0.859019
0.851362
13.1575
7.94944
5.89867
18.5303
15.4728
17.3
17.8891
10.0429
13.1466
16.7453
8.66261
12.4073
19.6759
13.6922
11.2145
11.6612
18.2879
13.2279
15.1821
2.71737
0.746031
5.1795
16.6689
14.3064
19.5325
9.27918
2.27893
8.54114
7.80667
18.6402
19.602
11.3112
6.95407
6.16788
0.650449
9.40289
0.84011
19.4095
15.3077
1.82233
7.07213
7.68237
19.7592
5.32982
7.0943
13.7787
19.8776
12.5185
14.5078
7.40978
1.39978
12.2022
10.9098
8.16213
17.3508
4.99281
2.22157
1.48058
19.5822
3.65246
1.67213
11.8967
15.6416
1.06329
18.1567
9.21732
11.4767
5.69619
10.9142
16.6936
19.5387
11.2667
11.3588
9.32833
8.46586
17.7003
3.29853
1.57562
7.72967
8.64578
18.3567
3.87613
2.38706
17.6367
11.7949
0.894744
5.3674
3.92898
12.5015
14.3429
19.313
18.8343
9.83347
6.24409
7.75108
3.47891
15.9196
14.2639
9.31168
13.4133
18.2906
1.70524
3.11065
11.8476
9.2933
0.374822
3.61459
2.76454
14.6913
13.6899
10.3011
0.826341
5.85004
12.1668
18.6274
15.9291
16.1915
14.8701
11.9025
13.6135
9.64378
14.7043
1.18156
9.12212
6.7163
1.26242
16.0313
2.84824
0.644131
16.9241
1.3422
3.31283
16.2364
0.148888
5.38951
17.0742
13.018
16.5627
2.19653
18.2439
9.10706
16.8164
12.3587
3.85993
8.54919
10.3734
8.69829
6.70978
1.55536
0.51169
8.18498
7.66245
7.21029
16.2276
0.0800189
4.74574
1.67271
18.3469
15.3477
6.64487
11.2466
18.3483
15.5317
14.8044
6.77164
16.192
17.1641
19.5877
12.0763
13.6202
6.95253
16.5638
2.10857
14.8518
5.03082
5.50396
10.3805
5.35205
15.0659
10.3892
5.79207
12.9555
15.3496
13.6692
10.6115
19.7115
19.25
4.18055
2.60043
11.6986
7.2078
0.224361
3.85545
11.8708
7.72088
9.5093
9.6563
0.0455626
14.5782
18.1591
19.3474
12.6051
12.9204
9.26763
16.9379
12.7709
0.198081
12.9506
10.4428
9.8281
17.3078
0.888901
12.8752
17.4123
4.27017
6.29293
13.2194
9.01734
6.42351
19.428
16.1596
3.70365
13.3693
10.3925
6.53086
15.5519
3.85257
15.2851
8.92522
11.4132
9.98345
1.74489
18.5951
19.8653
14.4956
1.40846
8.30044
7.3352
18.7869
8.16532
12.2872
9.99861
9.10683
19.5296
10.8722
12.616
16.7218
19.6766
18.5638
8.85459
19.3412
7.65499
11.8718
10.8214
15.734
12.5617
9.9687
7.57353
0.969996
18.2101
5.95615
3.5603
12.1669
18.9737
19.0229
13.6724
16.2631
1.75618
8.79245
12.9909
10.291
1.34301
17.2073
17.4584
12.5037
6.93868
13.1874
14.3284
4.88957
13.128
16.2983
0.926298
17.6787
6.39316
9.57563
1.38415
13.7339
7.20469
7.13275
14.4156
18.2303
13.6713
10.8027
17.1123
9.39161
15.334
6.65509
17.207
17.4974
14.5942
16.9584
13.2535
19.7053
10.2546
14.0543
14.2956
17.6278
0.522238
13.8303
9.44444
15.0945
16.3528
11.9227
5.87093
17.4355
1.43643
9.84161
19.3613
6.21004
0.230073
4.98953
2.15617
11.2943
18.9667
12.8639
0.0659472
11.6499
10.8533
12.1296
9.72935
2.57954
15.9567
2.67992
3.71371
13.911
17.1277
8.58744
17.1741
4.89938
12.5029
14.7387
12.0493
17.5287
16.3771
7.68967
14.7376
7.68732
11.5814
7.15938
13.9775
3.29378
11.6056
2.70862
4.22033
12.3378
9.55555
10.2717
0.7943
11.4553
8.7455
7.98063
16.214
16.4099
3.09964
17.4627
7.02566
4.10479
15.337
19.3692
10.6611
16.6371
14.4614
5.90733
4.53788
7.28743
8.54784
17.4221
3.00298
1.76377
9.255
6.23504
16.4015
1.78534
15.8543
19.6189
2.94828
9.21816
12.5161
1.35845
12.8155
14.0378
16.481
4.35865
8.78009
9.16174
3.38971
15.1153
8.47222
0.296947
0.692872
12.9481
11.577
18.2502
6.85788
6.53206
8.22829
6.89992
18.5618
6.21673
16.8753
14.8427
7.68955
18.0217
5.51271
16.4156
6.65641
14.208
16.5355
2.69604
17.5759
9.82481
2.48922
5.04153
14.9307
19.8665
1.36592
3.57916
17.0519
13.2969
1.50107
4.31083
4.37577
17.5372
16.4456
2.24014
16.3932
7.44874
7.14429
0.377654
15.3922
16.3778
5.16753
11.1817
19.1781
0.655351
0.79401
17.089
10.6695
2.30415
12.8691
1.13573
18.7692
9.7188
11.9209
16.4039
14.451
16.2011
7.21854
13.1568
11.289
6.12178
18.092
0.356294
6.21084
0.99868
10.4133
14.4407
10.8228
14.667
11.9356
13.4407
6.22491
10.4584
9.3368
3.16311
13.409
16.5138
16.2326
13.5737
13.3873
5.78724
4.49947
10.8428
16.0433
19.3718
0.877732
12.331
10.2735
1.36815
11.133
16.7514
13.0376
18.0167
5.19581
2.39713
1.10061
3.25908
9.1048
6.89491
14.9504
15.4539
18.7702
13.9852
3.44351
7.72733
8.14127
18.2144
14.5161
11.9517
7.7535
19.6346
16.8099
4.45089
12.46
0.406213
17.0531
1.76372
17.2357
17.5325
8.42813
14.3966
11.9944
10.8291
14.6435
7.39586
4.10671
15.9213
0.294039
17.808
8.43759
8.83517
2.23869
4.52586
6.09768
7.26853
2.43838
16.6533
18.8159
3.30375
3.99443
9.60534
9.96736
19.5221
19.8475
14.9621
3.48345
19.4275
0.575257
8.69258
8.55569
17.0907
1.40712
18.8804
4.41226
17.5584
10.8025
18.8131
12.5747
16.3799
3.87294
1.47512
4.24871
14.1275
14.7581
8.65028
8.77
4.75095
8.40442
14.2103
17.8443
14.2713
10.3134
4.09952
0.53148
15.9872
15.5402
4.45904
16.9022
1.70014
2.53547
7.28063
7.04602
5.2065
2.8065
5.53383
5.62943
18.5075
11.8754
2.9677
19.5235
0.520581
13.1546
10.3019
18.8871
15.5292
5.46126
8.35917
4.47303
7.27498
12.3807
3.06694
12.0994
3.63078
18.5874
3.40125
18.3869
15.597
2.65209
11.9769
3.96433
16.6146
13.1582
3.6859
16.5929
19.4007
7.00339
5.22643
18.7477
7.85753
6.47705
5.64624
0.292739
2.68425
17.8967
12.664
17.0018
10.0379
11.4706
0.135581
15.9679
7.71665
4.71967
13.3176
0.29679
7.97781
3.08201
17.4158
10.4817
0.774946
8.13921
4.36993
7.38348
7.80895
19.9526
14.4745
18.8368
5.96405
6.75663
2.9775
8.99446
8.42035
10.8996
0.200261
19.8285
8.67356
11.0599
0.2788
9.12115
9.95812
18.11
7.03122
14.6339
15.1856
18.0311
6.82674
16.3791
13.5769
5.21652
1.38964
14.5367
11.0254
6.2205
16.1432
12.1674
8.34564
13.0209
0.179988
15.0971
2.76936
5.70789
6.73572
7.41695
13.3417
9.3364
13.8212
19.1623
3.29899
11.0992
7.35192
3.38517
1.54321
8.7423
10.6267
7.72688
15.534
10.5025
3.8359
7.66982
9.09915
11.7468
0.739062
15.9195
5.29694
13.8098
13.1338
12.3036
7.46989
3.69063
15.3633
16.6727
13.3
3.09905
5.57418
3.51666
12.4642
13.1775
10.1697
0.915387
3.5496
3.96376
3.95324
6.24128
6.97866
3.27602
13.0861
15.0122
10.0646
19.4282
15.1463
19.7076
12.3236
4.70595
13.36
16.4315
17.6744
9.1563
11.7959
13.3475
4.1241
7.55409
14.2221
6.74824
19.9257
0.719755
10.8855
12.9744
12.1589
10.5811
5.84542
8.74923
13.6073
8.68284
2.28121
10.7638
9.38973
5.76931
4.49175
8.52521
0.90077
14.2123
18.9354
1.54326
12.7224
15.2338
8.4247
5.20573
18.6772
16.0477
0.928989
11.5643
17.1563
19.3341
2.46844
8.50315
8.69603
0.416269
12.9612
3.99722
13.4963
1.31237
9.72715
4.09379
12.9493
2.72431
15.6498
12.6264
7.24492
15.9953
1.38779
1.36528
19.7954
14.5704
9.87533
11.5385
5.71289
5.90868
10.3687
12.0243
7.1254
15.9022
15.9646
7.3554
8.69286
16.9804
15.2383
7.39285
0.767751
19.5887
7.08354
11.6667
7.05228
6.72449
12.2897
2.68474
1.57301
15.7981
4.56054
19.7065
1.98226
12.4276
11.2055
5.58685
14.4002
1.50407
1.60443
5.33411
14.4257
9.58432
14.1348
6.13957
3.42494
17.0068
7.66812
15.8749
16.0769
16.3994
5.41128
13.3905
7.37811
1.52803
12.4899
9.80044
8.33753
11.3137
18.2316
9.64321
5.6064
19.3918
5.83979
6.96454
12.0144
10.5707
19.3696
11.1075
14.1653
5.49521
0.384532
14.3376
17.284
0.0891633
6.50437
6.507
2.39214
3.78282
9.71102
16.5264
14.0643
13.2234
5.33479
11.6174
12.8473
0.387319
16.2061
1.33653
15.9979
13.9169
7.43354
12.9895
13.7973
16.6093
19.1114
6.81071
0.417344
2.91003
14.955
15.9397
14.494
15.3503
19.946
1.93758
11.5132
13.0505
7.16202
0.457759
9.70657
9.87802
15.9011
1.43968
17.869
10.8028
0.0158967
18.9576
5.22313
13.5175
11.2241
16.4335
10.4827
15.9296
2.7311
5.93472
8.54806
8.37172
13.5876
17.0891
8.40869
13.5163
17.1242
3.9567
9.02834
2.42638
8.60497
8.79435
9.3281
5.59657
11.8948
15.3148
16.5701
19.7676
15.4822
0.788777
6.00785
10.4801
2.76527
7.73882
4.49685
12.1605
7.13562
13.7643
8.26935
15.0988
12.8876
14.6825
9.95829
18.1761
3.43855
14.3486
1.44441
17.4372
6.85957
14.5715
6.83079
17.8961
16.5775
10.101
4.04412
15.904
7.59538
18.2535
2.60676
18.5195
5.02716
11.2886
14.9678
6.60421
11.583
6.23817
11.8158
17.2609
0.997026
7.04689
1.91541
19.309
14.126
15.4596
16.3545
12.7284
7.69054
15.7162
17.912
15.0898
11.6735
10.0975
8.20246
10.5723
2.06431
1.84102
5.43865
19.0259
13.8158
11.8571
7.38381
4.26842
8.78704
8.71781
19.0817
11.5649
16.1357
0.670917
15.4826
2.76178
7.83957
7.45394
19.2042
18.2281
11.5771
0.41889
11.7565
1.29588
4.20346
13.8588
17.1145
10.2502
14.3043
17.0609
3.12409
13.7626
17.2613
10.1364
13.9427
2.67467
0.318999
8.66265
3.5946
4.73754
6.69625
6.74708
2.41665
8.30111
14.5679
11.2531
17.5982
17.7063
1.56935
1.75156
16.1455
14.1946
7.8736
2.21418
9.43379
13.5733
10.4828
3.42591
16.555
3.31509
0.700148
4.63606
2.03645
13.743
12.2446
7.19129
17.7734
3.56483
2.16528
8.76516
2.74249
5.95029
3.31697
13.8132
6.08451
19.542
9.78056
0.077001
8.1834
8.60256
10.9005
3.39486
15.9481
18.6467
4.72654
7.49873
18.6129
11.4069
2.46453
11.5947
1.52515
6.25914
2.8408
6.59637
19.1125
4.76521
16.2661
1.51233
19.0114
8.09214
9.92348
12.6521
2.43704
7.65177
9.17489
10.7297
5.10437
9.44954
11.4962
19.5661
6.49072
14.0193
2.23417
11.0656
5.7235
15.1957
15.4538
10.5794
6.07164
12.6544
0.438308
18.9795
7.95326
13.5988
17.2146
4.20668
7.13576
16.7311
15.5425
19.5334
2.16382
9.96961
1.00333
11.5452
15.6263
5.99797
8.84482
16.0911
3.64251
19.7054
3.08505
7.46313
3.66003
12.914
1.0614
1.68994
15.1072
10.0551
3.41968
18.5262
12.5293
16.9999
10.9797
6.18882
14.3241
10.0025
0.0467194
4.83682
7.59291
14.1088
16.1403
11.6883
7.30895
13.148
13.4998
7.65346
15.8974
11.225
18.179
15.6278
14.8973
9.06699
8.43184
14.7295
17.0226
18.4721
0.706771
17.6776
1.7119
10.1233
14.565
12.9667
17.2994
13.0441
4.73277
19.684
6.97927
1.14233
6.1885
11.5573
4.74493
6.20399
16.245
14.4448
18.4185
3.79283
10.9906
11.6079
17.8621
4.26083
19.2509
14.7075
19.0176
15.1988
10.29
13.5429
16.4481
8.92453
13.6263
11.6329
6.34493
6.49054
0.742064
15.9739
7.3728
18.8641
17.0722
5.42328
9.84556
5.99335
10.0219
5.19243
11.7584
17.9332
10.203
18.4572
17.4255
15.4569
14.0438
11.2368
1.13497
0.0558142
1.60737
18.2401
4.15615
5.29839
19.6115
16.6637
19.6046
12.3303
1.74345
8.32062
9.0714
12.9639
15.6526
10.1968
5.15768
14.4233
12.7035
13.4391
2.92479
5.2914
9.81269
14.4063
18.5002
17.024
5.3758
8.99311
4.98251
5.07993
13.9433
4.68997
17.6993
8.3582
5.73661
13.6194
2.30844
15.0644
0.146223
3.12822
12.7927
19.4163
9.81971
12.2217
0.35731
16.6323
14.7049
14.9184
7.37853
18.6617
14.1775
15.8472
12.8685
11.2351
8.38723
14.332
1.38222
6.37587
1.34777
17.8219
5.02231
13.1126
15.9286
11.7023
7.84445
2.03825
10.9198
5.79954
17.755
0.898892
17.4009
9.80883
18.9979
10.2724
18.521
1.57515
19.2994
19.9302
14.5412
5.58362
17.5462
17.0108
17.7764
17.5965
6.14974
2.01848
5.90685
1.53162
0.227937
12.9642
1.56402
8.37021
9.30819
16.9632
11.288
10.7644
7.69447
6.52837
12.1867
18.4258
6.92999
13.6282
17.4725
9.9384
13.4498
15.0933
8.56859
3.76062
15.3598
8.73193
11.2544
15.7483
13.8823
0.0535711
1.94566
17.1713
1.13638
2.21537
8.25243
11.6354
5.42863
8.09372
2.33388
17.6005
4.87032
13.3229
7.57096
16.9491
5.93146
6.85739
9.21071
8.45209
19.596
18.3211
4.71179
3.6087
8.16234
14.4704
11.6718
9.05615
7.4405
1.34745
9.10929
1.43158
8.10238
1.80457
0.627338
4.82893
3.69149
18.4013
9.38502
4.27776
3.34686
13.2444
12.6047
6.31028
19.0534
14.1348
13.2958
19.0933
7.28964
1.79501
1.80796
8.70593
16.6666
15.1021
15.4745
9.88299
17.0412
15.2961
9.84396
19.4861
10.2891
8.45483
19.2963
1.14833
19.4835
13.4273
3.38051
15.7767
12.1487
3.04557
1.69667
6.41673
10.723
9.05579
2.38682
11.2226
2.40957
3.63088
16.1494
16.4233
0.706034
18.091
18.2976
15.3378
3.32095
2.98492
7.99676
4.7735
16.2554
12.9999
4.4689
16.978
4.07374
11.0491
0.347296
7.72746
7.62489
0.17782
0.321239
5.50996
8.51199
19.0116
17.4228
14.6878
0.685342
9.67419
12.2404
8.50601
4.5127
2.17928
5.4109
18.1652
15.6153
19.3876
6.42667
9.46395
8.67126
3.95669
2.35205
10.2237
13.1616
9.099
6.6994
15.6749
8.63377
7.97663
5.02408
5.4601
3.56832
7.86596
15.9805
5.08853
11.0853
2.79218
10.7413
5.99003
17.4617
0.881876
8.533
3.87963
15.585
0.304894
10.5384
10.5985
14.8115
16.4307
16.3321
19.3251
18.3265
2.66378
12.2064
2.27938
10.1988
10.1674
19.6668
18.834
15.892
18.8019
17.433
1.35391
3.6461
11.562
19.4623
4.90107
1.7882
6.8634
4.80504
14.64
10.3482
9.84731
4.47393
19.184
7.04592
14.115
5.50874
3.93906
18.5938
5.75036
6.03539
1.78086
3.16953
8.62248
9.69082
18.5599
3.73393
3.94172
3.05191
16.2589
11.7341
8.77965
6.99835
13.9191
17.2078
5.64954
10.0807
14.6493
12.3665
10.5172
3.39982
1.97709
15.6974
13.7805
2.41615
7.37661
18.1597
18.7528
8.93114
17.501
11.6497
13.3294
13.8597
5.55003
7.31631
8.40179
14.6
14.7883
1.24218
13.6798
5.39816
12.336
9.14544
6.34553
3.4634
1.87317
15.6348
12.2028
17.6799
0.108701
16.7042
14.9716
7.73658
11.8053
13.6658
16.2471
4.21336
3.34657
19.2268
11.516
13.1992
18.4753
1.52727
10.6566
5.51849
12.6048
14.727
14.0567
6.06665
9.64874
12.0068
16.0006
7.03438
18.0681
8.56002
12.2707
15.4352
4.12374
4.2571
9.15133
3.0897
4.12469
18.8882
16.9437
7.28544
10.0496
9.17135
15.6843
17.8644
9.10302
18.186
13.9954
8.65844
16.5284
15.4849
10.7384
1.15537
18.029
16.59
6.02804
11.7298
7.43698
3.62376
14.737
18.9453
19.8084
15.4565
19.2649
13.0221
5.15978
11.6214
13.4543
0.757399
5.23879
4.51533
10.3746
7.14084
18.4068
11.527
0.408338
7.92246
15.9791
0.499222
2.5225
10.44
16.1723
15.7696
0.652116
13.9091
19.4859
5.37999
5.9137
11.4231
5.64323
1.92798
11.4365
14.1484
4.15763
13.1371
5.1446
10.7569
17.6555
9.13126
7.15418
2.88401
11.0064
10.0631
14.199
10.7799
13.0176
0.152247
6.90178
1.47602
16.1159
19.072
11.2955
1.98993
5.38496
10.5276
2.07463
12.5812
16.7387
13.5099
13.523
16.3436
2.04669
1.82026
15.0199
3.27814
1.14707
5.07995
16.5454
8.69381
12.188
5.63237
15.9973
2.71367
19.4161
13.1162
13.1885
17.2325
5.5028
5.40973
8.01594
2.27515
5.94558
9.36003
9.37671
18.9901
9.39795
13.3964
2.22388
15.7665
8.1742
19.0048
5.37988
14.7535
19.5918
6.18349
0.905984
17.6864
9.59309
10.9296
19.9563
19.8441
2.93906
14.7814
14.8523
16.901
7.41726
6.64577
14.968
3.25201
10.0826
15.1522
13.0749
6.66375
6.13197
5.61877
8.85256
3.65925
2.77358
15.1686
12.3825
16.9389
19.1089
12.0386
1.85745
1.12935
19.7362
1.3076
7.23619
9.47758
12.1558
3.65429
18.7229
18.1056
15.5545
14.4748
14.3629
15.8971
10.0168
3.00436
13.434
16.8294
7.81064
10.0556
13.8098
12.0553
1.47429
11.2357
2.48793
10.6214
10.2341
8.16521
5.85416
12.4775
12.4529
17.9351
13.1972
12.9497
15.9338
15.7829
12.8836
2.35986
11.5118
13.9815
0.301247
4.02174
4.75889
14.5996
3.96164
11.2517
10.9415
3.16623
15.0599
17.2307
8.82287
5.71529
7.23302
1.05113
10.555
6.8473
1.9955
18.574
17.3819
4.57353
8.02681
8.36099
10.8012
3.44213
18.0058
7.13978
2.843
6.37481
16.0447
10.8595
7.86644
7.39767
14.1886
2.42162
15.3088
12.1284
2.45465
19.4966
18.1805
4.705
10.9651
15.0334
9.31108
1.9808
5.23747
1.98816
13.5368
10.5702
7.13658
1.83955
4.15896
18.8426
19.7358
1.24652
14.6982
7.40708
17.7387
6.85167
2.97119
3.45407
18.1125
6.07212
9.8405
18.9981
13.6716
16.0103
0.0549211
12.594
13.7507
14.0712
4.31863
18.5924
5.35828
5.50408
10.0494
14.115
5.61828
12.8363
13.0899
12.6879
14.302
2.0044
17.2211
13.3726
5.4407
2.46056
11.6874
3.40858
12.7105
5.51064
13.3131
6.11189
1.3696
12.4583
5.81528
7.44146
18.7106
12.8457
2.91964
0.0752768
3.87058
16.0912
15.7947
5.82226
2.12862
13.9089
13.4299
8.06903
8.20929
17.2282
17.931
3.36273
15.3666
16.2862
1.87862
9.99631
1.76512
4.46988
2.25188
7.63451
7.28166
13.414
4.95137
13.1473
1.60575
16.9843
14.0839
9.18012
9.61894
9.43664
10.1515
1.81776
14.4395
4.499
12.8852
5.04114
15.0675
6.61926
15.2717
6.32465
15.0398
12.8644
1.72652
16.6631
19.773
11.9838
8.52879
10.8076
4.72344
19.0173
11.1331
10.0013
15.4897
18.7941
1.31464
2.29382
2.45177
5.83301
8.05911
14.5618
15.3933
2.15823
17.7952
8.9757
19.859
2.12105
7.22759
10.2407
19.6461
13.1231
8.78501
10.2913
13.036
2.13906
9.16917
0.341506
12.5661
15.7824
8.95928
7.04043
16.14
5.74922
16.6402
6.46503
7.32075
10.4515
3.34029
15.4271
11.7868
19.2982
19.224
1.03587
15.5276
12.4785
13.8602
12.0574
9.98061
9.26356
7.79147
14.3713
11.4455
2.60315
5.57531
13.3759
6.62206
2.24073
6.78772
4.4778
8.73169
16.6351
10.9186
3.90232
5.20732
11.6563
8.6178
2.54266
11.7774
12.8063
11.2081
9.07554
14.8062
9.42751
8.8365
16.9557
12.2933
19.0463
1.06838
4.45319
15.7538
16.0776
6.1073
1.16698
15.1485
8.8447
12.967
17.6742
16.5468
14.297
19.728
0.250138
16.6861
19.3682
13.6596
11.1774
6.27958
17.0813
16.4548
1.98229
13.3696
6.09493
3.29285
9.59402
2.3891
19.143
17.6023
13.4159
10.7964
9.52659
0.481655
7.75189
4.08759
3.87763
1.08959
3.16495
7.94075
15.2294
7.89879
4.44658
15.3516
5.75811
9.82667
17.0329
5.97575
13.0204
1.1626
18.3484
8.90069
5.09247
3.14152
2.71709
16.2968
18.7032
17.2407
1.80204
17.8047
19.285
2.22935
4.6474
2.08079
17.6065
7.88958
18.6772
10.7961
14.0303
9.62364
14.4786
10.7801
14.8351
19.3564
6.22773
2.1084
4.81064
9.01159
18.88
8.69088
17.8397
3.89455
13.1353
19.138
13.8403
3.09026
15.877
9.5304
4.10341
18.8299
9.89072
3.83185
18.6383
8.78942
17.8055
16.0478
5.83064
18.6377
6.58869
5.93772
7.26854
17.6366
13.1252
15.3295
16.3635
11.6328
9.22151
0.481568
13.2577
10.6446
14.6478
5.18006
18.9316
0.979101
1.99463
1.36276
4.61789
4.66725
6.33219
8.36846
18.9901
4.18533
1.13118
12.8648
13.974
16.6096
12.0439
3.93372
15.0744
15.2478
17.2564
0.812276
5.94347
7.83992
1.07114
19.0187
10.543
2.36509
4.3388
17.0938
4.71618
17.7508
18.3883
19.2105
18.8893
0.140924
12.3819
2.28433
3.4483
11.6846
10.0376
16.978
6.09869
0.464934
19.3124
4.40747
15.1306
9.11961
9.35117
19.886
15.9665
14.8342
15.958
2.85937
12.8809
18.0662
3.7139
16.6452
12.052
9.68603
18.0151
12.2994
0.607932
5.8937
13.9506
7.61777
19.3443
14.8131
6.16164
10.7084
10.5501
7.79208
17.7616
1.84472
0.771605
17.1368
11.8584
14.6655
0.1418
10.0993
9.78546
7.79995
6.32255
4.49227
14.7696
16.0363
12.8969
7.15939
9.48828
15.548
9.41546
11.5574
1.44868
7.42444
15.8942
11.9894
18.0555
8.89969
1.11141
19.3763
14.6683
7.04496
12.4724
16.7718
3.89461
15.5838
5.2328
12.1999
11.1426
12.2792
1.50379
17.7835
0.591968
19.5084
6.43398
3.06281
14.9332
0.0838517
11.8601
19.6402
3.79693
8.42785
11.4813
0.656089
12.4413
19.0788
9.82476
9.24471
10.1386
2.12801
6.76325
2.11357
10.6775
17.232
3.50846
8.70139
9.39018
13.7364
13.1942
19.8032
14.2911
14.2737
8.52278
0.217509
13.1958
1.3592
6.57998
5.29672
2.71485
19.793
16.3218
14.8485
4.63207
3.48884
0.592177
9.22996
6.41468
17.4993
12.1205
7.80087
4.17292
1.78579
1.13292
11.1837
14.2721
18.2163
7.13406
2.91608
18.1573
13.9995
11.2855
1.79667
9.49112
7.80801
0.445378
12.3951
15.2837
4.33743
5.74369
14.5685
0.0025493
18.7771
11.9612
19.759
3.0052
17.669
12.0615
15.9482
18.2832
3.25159
12.404
18.2385
5.9885
17.9383
15.2593
8.56363
10.2889
10.6128
16.3299
15.9826
4.01641
9.03118
1.74096
11.3625
2.22332
11.3702
18.6364
7.92341
5.89352
0.32099
1.08798
15.3256
15.1489
0.615067
6.62789
12.5218
7.71435
19.4465
8.42723
0.164471
18.7714
15.0167
18.0484
9.54294
4.71063
18.9892
9.51863
8.52851
4.57999
17.5921
10.8719
10.4011
7.98441
2.84556
15.9647
3.32999
9.92676
10.8162
17.1725
14.9373
14.4138
4.8376
9.30211
12.7537
14.4152
19.3246
13.1365
7.34808
1.67496
1.74158
4.26926
8.34862
1.54317
14.2651
0.00466062
18.7544
13.7888
1.78526
2.50933
8.77075
14.7974
11.822
8.95407
19.5748
11.3008
9.25581
12.0439
15.6387
5.89447
19.3227
11.2191
17.2152
3.87158
5.97256
3.62691
11.5705
7.49284
8.20997
13.9501
10.1196
16.9436
8.23361
1.07668
4.28659
8.25215
14.7867
7.04517
7.01455
1.84071
14.2987
0.726849
17.7401
5.43009
3.41904
3.04979
3.56019
7.15812
0.659025
6.54691
9.4072
3.96895
5.39193
2.78431
17.9317
2.61377
9.27924
1.90633
18.1311
3.38886
18.3869
8.61586
12.8422
4.86179
10.2764
2.10409
4.11749
9.56159
7.12707
8.63085
12.2403
5.47742
15.3403
0.00506527
8.11448
15.699
9.86662
16.7762
11.5983
10.2876
14.7363
18.033
12.7686
5.72041
3.12438
3.75025
8.3745
13.4737
16.3678
0.539547
9.61879
7.17975
4.71114
15.4243
12.0178
7.50395
12.3943
6.55256
12.2648
13.9644
6.52543
0.15201
1.76261
17.5984
2.04307
8.92162
1.19025
9.33821
13.7632
3.82905
15.3902
4.13977
9.63381
18.8849
12.4662
8.76521
2.61853
5.54255
13.3785
15.7567
16.1359
2.02548
14.659
12.0253
14.7762
12.4815
15.7502
12.318
11.766
16.4793
19.4739
16.5236
3.36092
12.6494
2.12873
12.0739
10.8878
1.04326
13.8174
14.8516
3.15009
3.09392
9.36935
4.0636
19.9307
3.54705
2.97707
19.9336
9.08659
2.51967
15.6569
0.473164
11.7593
2.43525
8.65338
8.58176
11.5232
18.8262
19.2084
1.19082
5.41165
7.23353
3.27656
15.3212
2.97152
3.97929
15.6668
11.6963
0.375323
2.72367
4.48806
14.5656
2.94871
8.46138
8.45421
12.7034
4.55753
1.33926
17.7037
11.5809
14.7341
17.0325
1.19368
14.0209
8.63244
15.7737
7.24236
18.963
2.77084
8.29949
8.38323
11.529
16.0651
0.745585
0.730041
8.94492
6.10172
12.8854
14.9812
10.6862
1.53391
2.9468
0.837736
15.3266
11.2198
12.7947
11.9284
18.3048
6.2186
6.65177
4.74972
2.063
6.00998
17.7257
4.33446
2.25849
8.03243
3.71505
18.173
1.92862
8.6053
1.69807
17.4746
5.4519
19.1535
18.9817
0.215958
0.177963
5.72824
9.52156
12.6177
14.8312
16.2951
8.98695
15.6049
18.2175
2.17464
13.285
4.19747
18.4106
3.89398
19.9713
11.4437
18.8866
5.54847
18.4097
18.3159
16.7086
7.62525
5.3517
15.6559
14.1617
14.6445
19.5094
9.22213
18.2757
19.987
9.18361
11.2002
16.2134
17.8892
12.7257
19.6411
10.8568
10.6687
16.7472
19.3415
13.2223
4.96387
18.2153
1.77796
17.3775
14.7213
8.09601
18.7064
3.82517
5.45109
17.8098
19.5888
7.58925
9.06435
7.75125
9.09113
5.33567
5.79912
3.93076
6.96846
6.45739
1.02785
19.816
1.02166
6.31731
17.1686
0.118598
12.82
16.666
7.30417
6.052
19.163
13.2852
19.7453
15.5179
1.0949
17.556
0.691349
8.99389
7.74614
3.94552
7.25101
2.84271
5.96141
19.1199
9.42381
2.1991
16.316
8.28499
18.5121
2.05567
19.6974
10.1813
18.5808
16.9847
17.9984
1.30183
19.2126
3.05797
18.8628
13.2238
12.2322
3.3569
4.43317
0.037512
10.4635
17.1816
4.48307
1.29517
10.7176
9.55945
13.2638
17.1001
8.54874
3.36353
4.03964
11.4917
19.6182
2.74278
1.00359
3.20284
15.9431
16.7843
16.2043
0.133003
10.3638
13.1702
12.3589
1.24435
6.05109
14.4932
10.4161
6.06893
12.3035
0.788971
4.93678
4.32168
9.25918
8.05375
8.87147
15.7835
8.07412
9.66456
0.942098
5.83395
3.62235
2.5831
1.01496
11.8609
4.33446
4.20514
2.21003
17.6294
2.54241
17.9407
0.58075
3.28656
4.53372
18.8384
3.58222
16.9555
18.3651
19.7195
16.6975
9.71731
6.90998
6.06155
1.51471
2.97821
11.0318
5.60767
4.85254
7.68985
18.6754
9.03612
6.90966
7.12944
18.9784
17.5392
0.362706
3.52264
7.35985
2.56131
13.9679
17.2686
3.09299
8.7877
8.8362
5.24641
11.2073
11.3296
0.334704
2.05079
14.4017
17.1774
18.6965
5.0952
12.0312
16.3418
17.4957
1.21537
3.99004
12.0721
1.76451
18.8544
13.5915
0.31661
11.1443
7.35593
9.76379
9.41275
18.2026
13.8636
15.4146
9.42271
6.15944
10.845
17.6598
3.27122
4.66452
9.96908
4.39741
18.1431
0.764372
13.9986
0.53036
18.11
11.684
1.3046
15.6216
3.60039
15.4175
12.9304
11.5035
16.0152
7.64941
13.2055
3.89514
5.24294
8.55522
16.706
0.983816
16.8141
12.877
7.99717
11.9432
7.68279
9.57842
0.715506
17.4264
0.812865
17.3408
5.45696
5.0873
18.2
19.0821
14.9546
12.0529
12.3899
4.85295
2.20327
12.5347
18.8447
7.25051
16.5704
5.64104
8.92013
10.3134
15.7945
17.5472
16.0963
3.29982
2.09228
11.1749
19.7818
19.4802
10.0078
5.31966
8.93779
16.1271
14.5173
1.53778
4.88797
6.8916
4.68794
9.26273
14.6099
10.4699
7.85574
12.512
14.4489
5.89951
5.124
12.527
9.56375
18.6195
9.92221
9.78307
7.78953
6.60801
1.73753
2.76206
2.06721
4.49576
13.9287
