13.7791
4.01637
6.3952
1.08528
2.95994
15.1327
9.26029
9.86771
18.7471
17.1431
4.32747
1.88234
7.3525
12.2036
18.9013
17.469
14.8645
0.342166
1.04854
1.5702
3.69169
9.70157
12.5231
7.73946
11.261
3.02691
17.4921
9.62561
13.5861
8.44653
1.41991
15.6354
6.77982
10.0902
13.2514
6.70893
0.411573
10.2254
18.0284
8.4256
17.2716
18.802
5.86636
13.6974
15.9097
16.7966
7.8663
0.978994
19.8574
5.88866
0.439836
7.35873
1.72189
11.7303
12.4887
17.9757
1.61371
9.57515
0.365665
4.86228
15.5738
19.0141
8.4244
1.6455
12.3755
5.75444
6.75166
17.869
11.0952
8.90904
9.93478
10.0265
8.35345
4.21977
17.2516
13.8014
8.40952
16.9474
7.17273
14.2803
4.89481
2.89295
19.8756
14.2418
17.3681
3.37656
4.90714
10.9551
3.33866
16.0769
5.69511
10.3333
5.39399
13.9918
5.70158
12.8447
2.00397
7.4698
0.053917
14.9512
11.9776
9.44698
13.4296
7.13878
14.7263
14.6037
1.1652
18.3068
4.63101
1.33379
19.1182
17.7776
17.3197
19.7075
12.5668
13.2905
3.01014
8.10004
13.2862
6.18582
16.7393
0.462668
17.9424
12.0412
8.9657
1.663
5.84688
6.36798
11.5379
7.92173
9.7877
6.07561
13.4793
2.4997
18.0327
6.62933
0.0728194
0.954257
5.59879
8.83275
1.37957
17.1178
8.40421
9.94433
4.06387
5.1051
14.367
4.198
18.3435
13.2417
8.80182
1.57108
19.1338
7.84096
19.4997
9.55945
2.85151
2.41438
12.2881
6.37935
5.5675
16.4823
2.74138
0.311084
16.5867
7.02236
13.3166
10.842
11.0071
13.7855
1.79687
12.705
14.0685
1.05717
18.3013
0.601223
12.3348
17.2958
12.7682
15.8231
14.2784
6.0207
11.5954
19.1745
11.2054
15.3468
17.7756
3.53542
16.1399
14.3944
6.70617
11.2304
12.6979
11.2622
8.84702
8.58221
10.9726
16.4409
1.04902
13.4414
17.6745
14.701
11.8894
2.93687
1.39123
16.4978
19.2139
12.4778
14.4478
7.07141
9.18604
15.7499
15.4245
1.11182
1.12687
14.7367
11.0754
6.74028
17.5791
15.7621
6.28265
3.70774
13.0968
13.2328
14.9596
1.37804
16.2629
18.7926
18.6344
19.8221
16.2035
2.45306
12.7452
14.6672
7.34612
5.18419
5.97459
8.18688
14.9377
11.5166
1.14357
3.182
1.54904
16.7277
2.63196
12.7769
18.8503
15.6372
19.1774
12.6995
11.6915
0.808826
4.39595
6.25714
17.7897
2.68225
17.1957
16.7364
16.7062
2.41451
8.96035
1.54295
18.0849
18.1903
13.5193
2.41283
17.8517
7.93092
1.67768
12.6488
17.2731
8.50633
11.8507
16.9949
6.60714
0.743298
13.0751
5.65578
2.57962
8.42055
12.2643
9.07898
11.6181
14.6174
12.2121
13.1
19.5465
15.9783
19.6673
13.63
0.237155
15.7852
0.20449
0.123612
10.567
4.18713
10.3283
6.59751
7.37928
0.880421
15.0329
13.6681
11.9594
16.9102
15.2922
16.9662
6.10823
4.20443
0.995248
19.8928
1.09388
8.09741
13.7736
12.4104
8.84985
4.36413
8.54373
0.278528
2.9912
4.74592
6.24285
11.2539
2.27148
6.27063
5.90177
8.93109
10.0098
9.5877
0.866317
13.8456
19.3877
8.30413
12.86
11.7256
6.65889
8.14603
19.0663
1.78182
15.6075
19.3551
3.27445
9.52804
16.3493
11.953
15.5515
3.74017
18.6313
18.8421
3.03847
7.75684
5.67378
13.5934
6.47205
4.28698
15.4161
19.6115
8.30044
19.7178
16.4311
8.01393
16.0387
17.46
