8.28399
15.7254
2.94726
17.6525
7.82472
18.7277
15.3023
9.36351
14.7278
6.36617
16.7756
15.2978
12.4505
9.15707
0.0013752
5.0482
7.75872
8.35545
10.6091
3.18528
6.12725
0.228646
1.36034
5.10987
18.3808
11.1722
12.1544
8.21056
19.3025
11.1269
9.84253
6.038
0.754627
2.10296
18.7325
2.16742
3.99559
13.5194
1.07541
8.81573
4.35511
17.9717
1.07677
18.9017
14.8131
18.6272
8.65412
17.9501
17.6063
18.4965
18.1553
10.0662
7.10761
6.22569
4.19913
12.9147
4.35265
7.41338
0.143894
13.0139
19.9176
12.7824
1.03715
12.885
3.58605
16.8554
13.6207
9.49031
10.308
15.1939
13.7268
5.83512
13.4476
0.30093
3.30696
2.74606
18.5641
3.70811
11.8798
9.41764
11.2072
1.38275
2.79537
7.64762
12.8641
3.82672
13.0437
17.9987
10.4647
11.2272
14.6119
5.11451
17.7862
0.899754
14.8411
6.17886
8.82647
19.868
0.511914
9.43944
11.6586
15.1161
9.35749
3.42034
9.48364
13.2803
7.4711
5.88726
1.05246
15.3607
7.17611
19.5544
18.3349
13.6758
11.0256
3.20073
2.11254
4.49662
1.57718
17.4382
2.93846
15.3434
13.491
14.738
4.47033
3.61371
3.9364
0.553035
13.0196
2.25551
3.98841
7.30174
3.62455
5.58348
19.9736
1.79774
7.26629
0.726169
4.52972
2.04167
2.38889
18.4609
17.2588
14.9585
16.8291
12.8291
1.93874
18.82
1.62171
16.2906
11.2116
12.926
15.8493
5.11729
4.14292
16.1975
9.2218
5.33624
13.6787
3.87358
11.1559
19.5347
12.2903
3.64248
14.686
19.5551
19.8644
9.212
17.8728
18.1402
2.43658
8.78978
18.4852
10.844
2.8211
6.78137
1.97427
12.3358
4.50269
13.7262
13.9458
11.924
11.1849
17.8515
17.8335
9.49121
4.04081
7.4598
10.376
4.00415
14.2802
19.1769
5.16596
15.8916
17.8004
2.72762
9.45762
13.7925
4.71782
18.5136
5.12101
8.16339
0.409139
12.8403
13.2304
15.3478
5.0708
19.571
0.576107
7.87292
0.337152
3.0862
14.8427
16.3321
12.8281
9.49134
19.7577
18.4021
3.79135
10.6756
1.68474
2.57128
2.87198
12.1717
14.713
19.1883
18.9192
12.5288
14.2908
2.19513
16.2417
11.0056
19.7935
19.4033
16.1249
14.3126
16.5224
11.0233
16.4146
1.22446
17.8471
7.67743
13.6307
18.6363
8.31833
18.3061
4.78132
6.49937
0.117032
3.31026
10.1334
1.88124
4.99119
19.9768
7.21293
2.74022
5.81305
18.3781
15.9811
18.5803
13.09
16.5571
16.089
4.76565
18.3428
2.70653
10.9031
13.4277
12.7753
5.28487
19.9893
2.32748
19.5959
18.4625
4.89067
1.89728
12.4323
18.3782
15.007
17.7674
16.9994
12.9733
17.703
6.02913
10.132
19.8933
13.3383
11.6558
19.5247
5.05054
17.802
6.99357
0.428354
10.4582
9.70789
2.37283
3.88243
15.7603
14.7684
6.01667
17.1036
11.6167
12.2422
0.698391
14.2731
7.5773
4.03007
7.89372
0.889402
17.2883
8.01281
14.8555
7.21227
18.132
4.96894
9.40147
19.0564
19.267
2.38477
17.7776
1.8104
9.80549
13.6103
10.8481
6.9427
5.12344
12.8701
8.95033
16.9498
16.6448
2.01696
8.07466
14.992
6.68551
5.0385
11.8751
14.9129
5.00997
14.3541
2.86901
14.4959
1.24252
3.90159
17.0745
8.04494
19.5633
12.7381
3.11098
16.0797
11.6589
7.38365
8.10823
0.0546582
3.82744
11.539
18.5696
12.9502
9.47902
10.0647
9.69878
5.35222
12.3862
2.73603
3.46084
5.11424
13.5083
2.22519
10.0181
8.85899
2.02268
0.53229
15.1522
11.5875
11.9404
7.27799
17.4188
13.4136
7.06837
19.3883
13.2004
3.61645
1.51934
14.9539
0.278666
2.33363
10.4159
7.90078
6.3896
2.74312
7.62346
15.5956
4.79519
12.7395
19.7951
1.80851
8.83899
10.5748
11.019
12.579
9.35244
10.4563
18.9217
6.11854
3.6776
12.151
17.3157
8.64616
12.8774
4.19373
8.39448
4.04207
3.01591
17.1706
6.80236
13.5135
6.38809
3.1764
16.141
5.02136
17.6232
7.28809
2.23131
14.4859
0.74762
1.63591
14.6434
4.5554
1.94672
17.4468
4.8469
11.611
0.626733
1.36647
16.1378
7.59456
2.74927
8.24844
6.88745
11.558
14.7559
0.323441
6.57104
9.57398
7.53388
14.2781
1.5341
14.9528
6.26779
0.897904
15.8402
9.77822
11.2514
13.9024
15.8963
18.7463
16.8216
17.7996
6.01072
2.21355
9.05772
1.34744
8.96147
8.02751
7.66737
0.40941
17.0066
4.13614
0.20149
10.0365
3.37559
10.0615
19.9044
18.3411
13.2766
0.379002
17.1609
5.48625
8.18255
8.46617
4.15451
4.83423
15.5689
3.81736
8.23762
18.5139
3.07042
11.7128
3.40555
3.36739
19.4344
5.82811
0.425225
14.7584
9.63418
16.1043
10.6065
11.1126
3.8279
19.858
6.40391
4.94279
3.57615
12.4516
13.4416
3.39984
3.11232
0.123302
3.14409
6.45139
18.2797
9.6522
0.393713
6.60107
4.60034
16.4307
18.0801
0.843228
4.83514
1.69249
16.9188
1.86738
12.5835
3.39522
15.086
10.5236
5.04508
4.56275
13.111
1.08817
16.825
2.9282
8.86274
13.839
4.78115
17.637
13.7205
18.1028
12.6288
4.06669
16.4756
1.14283
8.52244
2.31668
4.27017
12.4655
16.5137
2.49463
4.73883
5.59974
10.9205
19.6915
5.73125
6.77324
9.17572
18.4223
8.95028
3.18981
0.154145
2.14439
13.4786
12.0677
2.65748
18.4892
3.74514
13.8449
3.25017
15.4235
0.548878
5.46437
17.5333
6.82121
12.3864
11.8057
9.52176
14.5455
3.28315
17.4811
17.6111
10.913
19.5837
8.98087
16.3994
15.9694
5.10628
17.0701
17.5234
11.1101
7.21394
11.4989
8.61835
17.3659
2.78551
15.6107
1.21074
17.9264
8.49258
4.95039
12.0699
9.66353
4.87057
8.86246
2.43612
13.1352
11.8932
6.10517
13.4243
2.91399
1.73622
12.9457
0.378155
3.05867
3.29993
6.22614
5.29804
3.77403
4.02439
4.30872
1.34159
4.20008
4.09215
5.30374
8.52664
1.86034
18.4194
12.8734
16.8173
7.29378
10.1317
2.44688
2.71514
12.4882
19.1354
12.6407
7.62985
11.0482
14.8418
18.0294
14.6255
19.3513
12.9087
7.95119
12.4621
16.2929
0.805415
14.4456
16.9094
16.5001
1.93185
4.14133
19.9775
0.958452
18.8232
14.399
9.31509
3.97589
16.5806
6.75011
9.25574
14.8305
17.1499
15.4703
10.9024
10.2857
17.7079
19.7493
11.9539
15.4259
14.0545
4.61035
5.14126
7.22687
1.07
15.5905
4.69673
16.013
12.9959
1.50646
16.094
8.56572
5.93753
4.30111
1.39904
13.0383
8.14146
18.8213
4.20894
2.34222
18.4556
15.9323
13.9623
19.2411
12.3732
1.20722
8.42736
0.723433
13.1222
2.26071
17.0005
6.51592
17.9165
2.76044
1.81312
12.488
4.94963
9.27944
10.7693
3.44048
14.891
1.10906
17.6326
19.055
18.3791
18.5732
12.5033
2.77977
19.0144
8.86752
2.29446
19.8643
13.5721
8.20997
9.1786
19.1124
5.79861
14.9254
3.57131
15.5998
2.83062
10.6435
10.0493
4.08769
14.0547
11.4722
0.555937
15.1188
8.59809
18.2905
14.3594
11.9553
7.49633
14.6848
10.6902
19.4459
4.82506
16.2178
18.0257
11.1675
4.15266
11.9899
6.46311
12.667
4.52214
6.57464
4.96481
3.14544
2.87954
4.60122
2.9105
9.23803
2.73385
4.86762
17.7308
5.36549
3.82752
19.4069
1.68603
12.0597
13.8873
7.39752
16.8479
16.5165
8.0843
15.7367
0.252378
1.16843
15.536
12.4193
6.77464
12.8682
17.7082
1.29314
9.51454
8.89396
5.8253
6.75562
1.87132
19.4945
12.3507
17.7305
15.8997
19.1564
7.15472
11.3894
1.24723
4.97915
18.8471
15.0284
11.4983
0.467677
3.54719
3.65563
17.2219
4.44873
7.12596
2.1551
18.6608
18.5815
18.7026
0.954087
13.4974
12.4526
16.3663
13.52
16.9025
3.86016
5.0951
9.4965
2.83818
3.15979
9.58689
8.98896
5.61664
11.8077
18.3966
7.35296
9.27479
0.719391
17.9018
6.41251
1.75268
11.5432
8.80812
11.2661
18.4378
18.7903
1.33385
11.2677
7.03495
9.13782
17.0975
18.4557
11.6556
2.80328
16.227
15.73
6.89269
6.69232
9.89727
16.6549
4.08494
9.80718
15.2286
5.81104
12.8185
11.2193
2.84523
3.61892
15.6583
2.11402
19.4803
0.537115
15.5133
6.46164
7.54738
10.1532
4.25568
6.36663
1.90402
13.0964
1.82975
4.29312
4.30939
1.82788
2.70121
10.3961
0.370542
9.46355
10.9604
11.2488
12.746
9.87271
18.4911
0.147726
3.32338
7.61484
13.8159
5.05751
10.7234
0.0554073
8.43873
11.2313
16.9268
0.587681
15.8248
0.236917
16.3514
16.8412
10.929
11.5137
1.33563
7.46121
4.79467
9.01217
10.2652
11.4222
9.61804
14.0463
4.42706
1.83296
14.2868
11.821
9.84064
16.4907
17.66
6.05059
2.55938
8.87937
8.00011
7.55532
8.08071
17.9739
16.2008
4.07096
0.746714
1.15984
18.4874
19.0385
6.5608
0.550525
0.503893
4.25217
13.8269
3.78182
2.23035
10.4393
6.08102
11.4744
4.56781
19.9963
17.4538
8.57377
0.517363
14.5634
5.05825
2.03178
14.7829
10.4852
14.4662
17.2511
4.26486
1.08314
12.2648
18.9768
15.9795
8.99492
6.0012
14.6397
13.2255
5.10091
11.7945
12.5621
13.9776
14.0718
19.807
1.27315
0.176053
2.30098
17.667
10.5708
5.92094
5.16703
5.7873
14.8118
16.671
9.2061
15.9237
6.04158
15.1132
18.3321
11.8707
3.96515
8.1603
6.90441
12.1428
6.94481
14.0851
19.9609
17.5846
18.157
8.72274
19.5327
2.04789
6.65487
11.5368
13.777
3.75127
11.2129
4.5479
15.5775
11.5211
15.6346
9.63656
13.0097
1.08495
12.7422
14.1246
5.04154
17.0702
7.9995
9.16061
8.75334
5.64366
18.228
2.87112
0.221105
18.8183
5.96621
4.72841
17.8639
16.4048
4.88649
13.9462
18.8834
13.0269
7.11765
7.22446
12.7856
11.2596
5.89667
3.25279
4.64276
3.97272
7.9192
15.579
0.228852
10.1723
17.3255
5.76798
5.23644
3.17809
9.75544
14.8585
4.43266
2.16873
2.28181
14.194
19.4912
18.8144
14.3341
15.3362
7.15705
16.5407
10.9649
16.9866
1.4234
1.69228
0.847772
12.5517
7.51014
11.4779
6.68615
18.0523
6.36161
18.3242
5.33235
14.2821
11.0159
9.48252
9.95568
7.6388
2.52288
8.9011
5.72391
1.37239
16.4537
13.458
9.20005
15.579
16.2063
16.9376
10.5345
8.57347
8.67632
3.47558
5.68225
18.2408
12.773
3.1186
14.7573
1.07572
13.8972
6.98949
3.7978
5.80069
6.47034
8.31082
8.60389
11.5333
9.29113
16.1244
17.7988
5.47984
15.0152
5.67538
16.7392
1.75195
5.50208
18.6747
14.7022
1.34529
16.4629
1.82314
2.49268
3.37165
2.20383
13.9718
18.2635
1.87884
12.9894
7.43408
4.04691
6.73827
15.4283
9.32172
0.621658
17.6558
11.6963
3.18613
16.8196
1.08504
17.6367
11.7095
13.8126
16.0492
7.40049
2.2232
14.4581
1.18424
13.1709
4.46526
11.7872
17.3809
16.5659
4.21152
14.0749
19.1613
14.8037
14.9876
5.9293
18.1116
17.5281
6.4825
11.381
1.90566
17.5052
11.3161
10.8665
5.96089
3.31818
8.72991
5.11971
13.7393
5.66809
4.36107
5.41955
13.0483
1.03778
17.0174
16.2028
11.925
19.7714
3.41189
18.5707
16.5508
17.0086
7.60319
11.4763
15.0876
18.5588
15.3611
15.1828
5.69313
9.53788
18.6149
2.29006
18.5428
9.06246
10.7858
12.9929
13.8498
0.527747
10.3798
19.2746
11.8511
5.06337
13.2179
15.7459
12.1456
7.22274
4.88926
11.4195
5.08108
6.94452
8.50608
15.666
7.05813
8.24965
4.68733
16.4157
12.6255
7.86933
16.0151
2.44851
4.19535
1.57315
19.1741
15.666
7.75752
17.7885
3.14238
0.375407
5.44189
1.21751
17.144
7.01081
16.4641
10.9659
13.7333
14.0808
1.47415
6.44549
9.14626
8.23878
8.9876
9.8208
1.73083
16.6342
18.807
7.22815
9.39481
10.0236
5.7727
9.91795
17.7702
7.09921
12.126
9.80701
17.5914
4.82629
12.4992
17.1086
15.7823
16.1551
14.3596
6.71898
3.88126
2.8428
15.4617
10.9754
13.6559
0.43045
18.9338
16.6859
9.65459
3.35953
1.05469
19.9142
6.26293
13.4237
15.2302
3.73033
5.64732
1.24537
0.667752
13.8748
13.5329
2.40497
6.74305
0.741058
8.60476
10.2813
18.7993
15.7884
17.6166
13.3163
14.8993
2.58286
6.61216
13.8035
7.11766
16.2383
12.2449
1.98897
5.69626
10.9282
17.0196
0.871769
16.0929
15.9342
8.57282
16.3743
15.4923
0.0581629
7.86432
13.0648
19.217
12.4968
2.41937
8.81879
11.1159
5.16564
4.25403
12.8366
8.42007
19.9965
10.0443
15.6346
12.3084
9.11212
2.47117
18.1169
3.00325
3.27452
17.6552
2.40694
13.44
5.69967
0.038187
15.3614
8.5434
11.2198
18.8872
12.4553
11.2144
18.2198
10.8734
6.01793
11.4518
9.69244
8.15721
18.4939
5.62951
1.8109
14.1648
13.787
18.1433
2.23366
7.21729
15.6478
3.18374
0.0524066
18.9567
2.85408
13.6764
9.63252
6.33856
16.115
13.1275
2.42015
2.54662
14.4202
19.8724
17.6531
5.85612
2.46606
12.5896
8.36538
9.56806
6.05767
6.11538
11.4337
6.22155
17.1369
1.76155
15.607
1.12812
3.41702
5.22983
2.06458
17.9394
3.54223
13.4101
3.37677
11.0974
9.90301
14.5914
6.49488
19.9762
8.8947
3.12541
2.57359
15.9578
10.7282
7.28271
10.4409
9.60383
8.01532
19.7245
9.05899
3.7599
10.1121
5.95762
8.00685
9.46379
9.98152
11.3563
8.07023
15.5674
18.7999
15.513
8.81994
14.155
17.9092
1.42967
0.727056
13.4993
10.8217
15.4981
11.8163
6.53647
12.1795
17.9493
19.3002
4.12008
15.7755
0.834693
15.3611
13.8794
4.23369
12.0939
3.19799
11.2355
8.82317
6.64989
15.1491
3.96149
0.741381
14.1523
9.05972
15.7886
17.8997
5.90501
5.49962
19.5776
14.9878
4.83814
12.6098
18.6474
2.42257
6.10598
19.0576
6.96921
6.28076
9.66462
18.4461
8.45906
0.512291
16.7111
5.33334
12.0692
7.1601
3.23572
14.9552
9.2578
10.2921
16.2643
9.2602
14.0329
10.0784
16.8053
9.74866
4.76528
10.058
4.17352
0.0435144
12.2139
15.0868
4.15533
3.38931
0.262444
8.52289
3.42485
1.64407
16.0272
11.1244
17.4619
11.3716
3.36297
4.88601
17.8069
5.64148
19.5048
1.5021
10.7273
14.0733
12.7233
13.1928
17.7804
4.16681
5.14486
9.32743
18.3485
5.49446
18.6145
7.91073
18.414
10.7162
0.695514
6.18372
5.50325
3.48726
4.2836
10.3325
3.73244
11.3295
15.9515
15.5062
13.2457
14.6118
16.9143
0.351863
18.6546
14.0228
10.132
0.530942
8.93225
0.949844
1.9199
1.37734
15.3776
3.97859
19.5215
13.2652
8.73464
7.19435
10.4218
8.73631
12.2155
8.37722
19.3503
6.79767
5.64006
9.98823
14.0012
14.07
4.80359
1.51256
9.68316
3.5097
16.9949
4.55699
15.3969
4.76008
6.70056
3.49996
11.7486
17.0604
15.1773
19.0859
15.7036
9.06798
3.55168
18.3424
9.70513
12.6545
9.45076
18.147
16.534
4.06244
16.2975
8.58578
8.23556
6.56012
2.26209
1.58605
9.5811
3.17443
10.5707
8.99841
13.1375
9.39504
12.2963
5.75462
10.8114
19.7548
10.9307
1.71795
14.6313
11.8044
8.07094
18.3323
13.1528
0.71711
11.1506
5.37367
9.00624
2.62107
14.6327
8.76013
6.68784
17.9131
18.876
3.09849
14.4517
16.7253
14.0374
11.1394
11.0172
5.91484
16.6033
9.03422
4.52704
18.4948
10.3163
11.7934
9.46096
19.699
9.36192
1.82242
3.39757
18.1878
12.5981
19.9009
18.9804
19.1788
3.98477
15.6781
10.0576
13.7563
12.162
2.23609
11.9548
9.98917
12.1725
17.0954
8.1746
1.6514
9.81303
13.913
4.54469
0.889912
7.80576
11.4402
16.682
17.3648
0.866098
3.2262
9.69286
3.63883
3.98426
18.7121
5.20918
13.7949
16.5503
14.0482
5.22252
15.3526
12.3591
16.1916
17.1243
0.7463
8.27734
8.86185
12.2183
0.526903
13.6666
15.3265
8.26612
1.09571
1.96978
1.75741
6.03984
18.3672
19.7545
18.2897
3.47821
1.37898
8.63078
10.8651
12.8689
3.98434
18.0308
13.2806
3.95071
5.39255
17.3033
15.7802
5.53129
6.16555
12.6172
0.438489
13.5491
9.11443
9.74736
19.3478
0.980438
18.1776
10.1837
19.9905
1.92295
15.79
12.2823
15.6416
10.07
15.1884
11.0623
0.331597
7.09169
10.7939
8.32238
7.38088
16.3798
0.40602
13.6465
4.94082
8.27823
2.8391
2.3247
0.0799008
8.53014
12.0358
10.3435
5.7117
7.76707
18.9435
2.64767
0.583784
0.488005
7.97993
9.96553
4.02774
19.9904
9.88943
8.75063
18.5917
14.6691
3.01036
12.9568
3.48702
18.9218
7.9395
18.2295
3.64105
0.0181489
2.35769
1.73153
10.3607
8.54376
10.0954
18.6263
14.0138
15.6215
17.6292
18.9716
14.561
16.6749
12.6969
5.8285
16.2125
14.0659
15.8457
0.961905
6.18041
7.82701
9.84806
16.2234
3.62034
1.76829
2.38413
3.37956
1.94286
12.9686
17.6073
9.56706
0.894021
5.09591
17.264
4.34075
19.6063
3.30836
5.19071
11.0112
6.27648
8.60652
18.6939
3.88085
17.4343
7.3531
16.971
9.92943
7.05223
4.20539
13.3461
0.0917418
5.40481
2.5758
2.87107
7.13507
16.3931
7.48106
6.49163
15.0227
1.46956
17.8606
8.82814
14.8774
8.05876
8.59027
15.8652
19.355
9.48792
11.7488
16.9525
16.7576
3.18282
19.5999
1.02959
15.5711
15.847
14.2341
16.0762
13.1552
15.0252
13.5349
