9.88866
14.9661
7.25663
17.5066
6.55937
14.7215
7.22663
1.49066
11.641
15.9664
13.9871
4.76643
10.3561
5.67352
5.89715
6.20776
2.82963
15.2724
19.3468
9.95225
10.7672
10.4744
14.2425
18.1111
15.632
19.8061
6.86267
18.7202
16.4535
1.93553
1.84275
11.4622
13.6825
15.0719
18.4803
13.2324
6.02516
17.66
10.1713
16.4197
5.82161
10.3301
0.0414154
9.62895
1.68846
7.8756
9.51071
1.46059
4.22948
18.3691
16.5472
12.7178
7.5606
2.37093
2.23308
11.9677
12.6326
18.9512
1.85456
5.41789
5.07699
1.5016
5.79404
15.9307
13.0313
17.0001
17.8093
9.13443
12.3418
14.8353
0.703178
15.4829
17.5563
16.5839
14.9187
4.98982
19.2431
0.164274
11.4776
15.4506
6.79948
5.80635
5.46255
9.17492
1.92669
15.368
17.0365
13.3576
7.93763
5.86614
13.4169
9.13335
16.7994
3.19918
18.3144
6.16359
0.933744
14.8429
11.6975
4.24247
14.2793
19.3488
15.1678
15.2378
17.6321
8.19336
7.93168
2.85407
11.8637
5.43424
18.6117
14.9508
16.2202
7.2522
8.05683
4.05617
0.6318
11.5052
18.012
17.4382
0.945528
10.9917
13.1991
19.0896
1.21088
3.02955
19.3264
6.17755
3.72202
8.73917
6.83638
7.48764
8.37052
14.6675
7.60178
19.6222
9.32213
4.52277
2.69514
7.68597
10.6824
8.78593
6.39722
15.3341
6.91392
16.5476
14.1872
2.08063
13.246
2.01444
1.99885
17.1445
4.86464
13.5631
13.9256
5.86501
7.74463
19.2655
3.17909
7.60503
11.0586
18.3435
16.5264
18.0204
2.87204
15.6378
17.0386
19.0635
12.0697
0.272079
13.2516
7.94857
19.4714
15.5323
5.62782
7.98957
12.4679
12.5705
8.57025
12.8306
7.59559
6.94441
15.0891
14.9636
7.01335
16.0996
14.9326
5.74622
3.0129
15.5377
12.6524
18.7201
17.5501
12.7114
4.85436
15.0966
3.9167
17.9903
6.65509
14.515
15.0425
13.8323
6.53862
6.36349
19.5747
17.3286
1.49629
13.7757
12.5455
17.3987
18.3328
11.8528
1.32894
16.0493
18.2344
0.558626
0.126843
15.5515
17.0562
14.4135
8.95635
6.03571
2.97267
19.8231
3.38725
1.08632
8.11657
10.6013
1.43168
4.17727
8.45362
11.332
4.41496
19.5922
7.16219
0.842512
10.0507
0.840806
5.23242
6.10254
8.1128
4.02362
0.822144
18.1819
3.85453
6.26396
14.2354
3.52926
17.8608
15.4045
0.336771
19.0082
2.37183
0.539047
7.17788
12.1326
16.2608
3.94117
17.6119
11.4794
19.0887
0.290407
19.3117
15.8756
6.24102
19.198
9.06896
9.78748
9.77421
13.0163
19.8416
6.68328
11.1032
3.94689
12.3651
4.89741
9.37695
13.1821
1.5441
6.21557
16.1648
1.11463
10.556
7.06091
11.7328
13.8163
2.45622
8.86696
5.34624
15.3047
6.38563
18.1895
11.6621
4.42152
19.29
18.4454
9.60696
15.8606
17.5188
1.21333
10.8359
1.04061
12.6996
4.72306
5.86636
8.5092
9.68489
13.6333
7.11612
10.2283
8.89644
7.37266
18.9677
7.49126
5.02731
11.9682
7.08722
4.77463
13.5238
11.2301
7.67004
1.41852
16.2127
1.61199
12.2501
16.6468
12.3889
3.57116
11.7977
18.7965
16.1944
8.01318
13.03
7.26738
0.469464
9.20818
9.66312
14.8968
2.83523
2.78593
9.18782
3.42076
2.86223
18.6745
16.7807
11.3066
1.36172
17.3937
4.23885
4.64099
19.6948
13.5599
8.22196
3.42102
14.2785
1.43096
15.987
10.017
15.5337
16.4892
5.63924
16.7243
6.60918
7.10017
15.93
18.8312
12.0784
10.4453
14.1202
16.8676
15.8771
9.10786
19.7431
8.3757
12.1879
12.2497
4.17259
16.2938
14.3129
11.9538
2.21701
4.00005
10.6413
1.08742
0.319858
1.47772
3.48493
7.09347
12.6271
10.0073
14.3461
9.19439
7.91133
11.548
3.12574
4.47003
14.3708
4.50292
4.48985
0.0444746
8.46121
19.053
11.9927
7.22781
18.7853
14.9427
2.22319
19.3125
6.6811
11.3592
13.9463
3.41409
13.7071
6.41286
12.4036
10.2598
18.1211
13.1753
15.3498
8.24305
