14.5027
17.7272
13.9284
4.61955
8.00722
0.308175
9.94453
7.72946
19.4595
17.4203
16.389
18.0702
0.667935
10.001
11.0246
15.3915
4.16593
0.00639704
1.37021
17.3514
3.46614
1.44105
13.403
13.0033
0.262702
2.74524
13.9862
13.9971
11.0682
1.14388
13.6613
16.6172
13.153
2.25598
5.57561
10.635
2.54265
8.51521
10.6837
13.4634
15.587
11.9066
18.6197
16.4774
15.9603
8.68721
4.99479
0.764477
3.92519
9.85552
7.65864
18.2103
7.40037
16.1796
17.2987
16.699
3.35762
0.190821
17.2522
14.9319
16.4688
18.3708
7.60511
1.07216
12.6685
16.7358
4.49182
9.89309
11.4167
15.2112
10.8744
9.266
18.8079
10.9939
14.5793
15.9186
1.25364
5.14566
6.77184
10.5325
11.8761
15.2738
10.941
2.87431
8.50568
10.7302
0.519121
10.7676
11.2707
11.0805
18.0893
8.67837
0.698634
0.165047
13.33
19.6991
6.21977
3.83332
0.962392
6.41171
11.4375
14.7844
17.7093
19.5323
19.0412
16.6588
15.4412
4.88253
0.209451
4.2217
16.2237
9.95161
2.32064
10.8865
0.568589
11.172
17.1936
3.74902
4.27122
11.1949
4.396
5.53037
0.391788
15.3068
0.0139674
3.30998
19.0455
8.03071
4.28443
19.0933
8.93663
6.58545
6.71468
8.04144
16.3873
19.9489
6.56683
18.9716
5.50718
5.03907
19.8296
4.66915
4.50627
10.7578
1.03056
7.54311
0.991782
17.0914
1.05856
3.10337
7.64369
1.34994
5.78428
11.9606
8.83072
0.250483
19.4037
1.50306
0.545388
2.55816
6.06802
14.3212
17.9792
6.23242
12.9796
14.4578
2.77743
11.0485
14.7262
3.14049
11.3642
2.1093
10.4065
8.05635
4.8357
0.185916
0.279602
3.76578
14.2603
6.81233
17.8754
12.0558
4.33679
14.2073
12.3068
9.24727
9.67488
4.19165
17.2628
13.4403
1.08773
17.992
10.1791
2.13179
15.8188
18.7218
7.49559
18.6283
3.80993
13.3112
4.39275
15.9447
14.4897
12.9551
0.722397
11.6868
1.25183
3.92146
8.78204
13.0738
14.2262
3.2393
4.35512
15.3715
9.54185
5.95127
17.7647
2.44482
13.0615
12.3704
16.6634
10.5836
8.00643
9.22978
18.9739
17.3799
5.88539
16.0603
7.56161
1.31154
7.88103
15.0374
9.67623
17.2607
4.79446
18.2224
4.53943
18.4052
6.79467
14.0969
6.83388
17.3488
11.7231
8.71128
15.9318
15.397
14.499
10.7256
5.65589
8.94415
5.45474
14.7906
0.962861
19.3072
18.1693
9.61649
17.5439
12.4098
10.8451
14.1182
17.2461
4.57724
9.93234
10.9302
19.8327
12.1165
2.08606
1.77725
11.1477
0.320889
7.5798
6.14145
1.00995
8.33496
13.7181
0.938766
2.40517
6.15674
14.8366
15.5014
9.87459
17.0404
0.548704
7.38306
16.1721
16.0029
13.809
0.911262
7.70131
1.72676
18.2292
12.0534
14.5207
11.7737
16.1942
15.1448
18.9478
10.1451
6.61223
18.1811
4.55339
11.0002
12.4537
1.28362
10.4672
18.9766
14.7276
16.8048
17.6508
18.0754
7.33743
14.9749
3.1684
1.95601
4.85197
3.52025
7.01867
18.0185
6.15895
3.16457
14.7946
5.54072
5.48148
3.78101
8.43403
17.3245
1.29604
10.2264
1.99441
4.58534
16.9167
9.74689
12.6398
2.01457
4.47428
3.29915
1.77062
19.0939
11.1598
9.72432
15.0278
3.9096
11.4814
4.99053
7.1118
13.4519
1.99663
16.2115
5.22067
7.76069
2.47091
0.0347345
14.8126
9.21313
16.7718
0.507002
16.137
7.31726
0.952629
12.2938
16.5116
5.9837
12.5373
9.93301
14.4485
15.3272
10.2094
17.1857
5.81706
4.26048
5.82338
0.589912
9.50577
13.1685
19.2595
5.75348
14.1044
17.3865
14.7837
3.17197
11.9742
18.0481
15.3177
17.6158
8.49842
19.3022
9.4314
13.5497
13.252
2.20116
14.3761
15.2985
12.1062
5.68978
8.79618
18.7835
17.1661
0.992058
9.32644
17.4124
8.25665
11.3571
10.4348
9.69981
8.46072
0.20461
15.0508
9.75738
1.93237
14.528
2.68513
3.86386
11.9463
5.26381
14.5997
3.87881
18.2852
5.84712
17.4089
1.43886
14.5218
17.2164
10.2602
16.5784
19.5844
4.19871
15.4468
3.72482
0.836242
17.1119
17.7169
11.758
17.8351
8.72445
19.9038
7.68045
14.1337
19.0103
14.9934
0.655522
1.84362
12.0084
15.8011
9.25473
9.7029
11.3092
12.3041
5.1387
14.768
7.05471
7.90232
15.5471
16.1013
7.437
3.57457
14.6099
4.39314
4.92855
9.23799
13.3089
8.04325
16.2659
13.1599
12.4561
19.9941
11.2764
15.3623
12.5692
18.0109
13.7929
2.63188
8.80749
7.34648
4.52017
10.026
19.2487
16.7502
7.41804
6.84391
0.225459
7.91822
8.3483
10.2453
13.1487
10.5888
5.54321
19.2155
19.8916
5.95987
3.15478
8.95449
8.14731
13.0177
2.59783
8.44005
0.839202
7.3699
7.07281
5.93517
0.850984
12.2317
13.8146
2.27029
1.97554
6.46751
9.56441
7.79536
16.6377
6.50474
9.03467
14.1276
13.395
10.2341
19.3526
16.8816
14.1751
4.53083
10.2907
8.70787
10.7683
3.37912
15.2112
6.49111
12.5745
19.0198
14.9703
6.56072
0.832634
12.7137
6.77464
14.0332
13.3979
16.8445
14.444
4.62183
6.48638
13.7438
19.4529
11.9503
14.1021
7.17741
4.04413
14.058
12.8441
8.98506
15.9601
15.7718
14.241
2.39722
5.1846
0.0386388
10.0296
0.745312
5.20685
1.09017
19.9964
14.5641
4.38986
7.03587
14.5811
19.8717
6.92027
1.74793
9.70773
0.642787
17.432
7.42222
19.8842
4.29107
17.4645
1.5581
5.80512
9.32168
7.59626
17.4599
11.9393
18.352
5.03802
15.5259
17.186
16.4996
10.2009
11.7037
10.9159
11.7507
13.5767
1.18172
19.5311
10.2744
12.6304
18.1069
14.1019
8.04723
19.2059
16.7469
7.8107
8.21191
11.9694
4.87727
8.07897
19.2744
6.35225
6.58623
0.985979
0.792626
19.7311
9.23828
7.5405
17.5406
9.5595
0.00892654
3.9789
2.57482
13.6424
1.22124
11.3424
0.136054
11.4932
8.05541
15.6293
0.452284
4.29175
7.46762
9.27581
11.5195
11.2443
7.97457
0.00562367
4.51241
3.92072
16.8416
6.72272
15.7559
2.25846
14.6289
16.0719
18.4619
7.12755
10.3387
5.54879
18.0935
3.95457
4.3205
3.7346
13.8138
17.1385
12.8741
7.07045
3.64126
5.78703
3.27596
9.07973
5.96546
2.15107
0.295851
12.7575
16.5968
19.7396
11.5812
17.003
8.82782
0.835438
6.00121
18.3644
11.8017
14.4861
1.79486
8.60818
12.5711
13.9065
0.359878
11.4673
16.1042
11.2279
2.4789
2.36301
11.4284
4.52761
10.7032
0.779326
4.76342
17.6994
7.00633
14.6461
9.01694
2.69316
9.20841
16.7563
17.4138
1.46571
15.8803
6.69965
13.3947
4.28415
3.58467
7.21058
15.7601
3.87229
11.275
10.4624
1.0959
19.7536
16.3128
15.4967
11.782
16.0151
9.09025
0.360396
19.5495
1.13429
12.2646
10.1304
13.7675
1.09408
3.70546
16.3485
13.0925
15.4533
1.54425
8.60639
4.46826
4.43055
4.59109
13.7712
9.91276
16.639
1.15893
18.1875
3.89834
11.1603
14.605
11.4989
16.5176
5.23032
14.4234
8.39338
5.61872
19.3567
7.8783
10.4448
15.8251
12.9284
8.6524
5.48982
17.1404
10.8294
4.45293
8.61551
0.213541
14.1016
12.8414
18.6008
4.50797
6.04111
18.6282
4.44982
6.15627
4.95413
14.468
14.0857
3.60547
1.78086
3.03136
4.69006
7.28071
1.88999
14.8616
1.59016
18.6745
1.58487
1.05888
8.31292
9.46338
7.69226
1.92335
5.48591
0.866421
5.85415
18.8633
19.539
9.89336
9.6343
8.3018
8.02966
7.15533
11.131
14.0275
14.9036
8.95282
4.13161
3.36967
2.6632
7.7434
16.2239
3.39826
19.6845
13.5329
5.39316
3.36389
10.449
1.09156
15.7932
9.23995
7.97657
13.3865
4.21244
0.046033
17.9418
6.61485
9.90437
18.0145
9.76782
2.30894
18.9934
4.35181
16.5201
1.22205
3.84167
16.2255
18.0546
9.38219
0.636038
14.6195
8.74201
13.0382
11.3857
2.81073
1.34952
8.84306
1.13761
4.85837
12.7901
10.8514
18.9729
12.7717
9.67152
15.4451
6.10565
8.63646
7.00975
6.43408
0.0844903
3.13408
8.01471
12.1726
0.733896
3.42064
11.9405
12.2868
18.4742
2.20317
11.2081
14.9923
0.41822
15.5565
11.6453
10.1597
0.164544
9.24816
13.049
1.18359
10.1024
9.93411
11.6006
8.69136
7.36512
3.02089
16.2742
0.592252
6.47691
1.1133
9.78009
18.4921
13.4009
5.82154
1.57758
15.4423
19.4592
19.4178
10.966
1.64897
14.2607
0.249697
4.53891
19.6506
6.07043
5.66908
5.90491
17.365
9.53288
5.70992
16.384
2.46372
12.3775
8.45918
7.93231
19.8477
2.47331
18.764
16.104
7.1556
0.227186
5.5577
11.9065
8.48435
4.91379
3.1796
12.407
7.00585
14.8976
2.15198
4.24241
13.7046
0.950008
14.8225
4.96294
18.4353
0.813541
0.035389
18.5424
0.0955635
11.1067
2.23913
17.4345
11.0615
11.7041
3.58087
1.99669
5.64396
2.95195
15.4042
9.03596
3.21947
1.93936
9.37757
6.49693
19.3802
0.907401
2.34122
7.04267
5.80792
7.99581
8.95564
3.38521
5.39039
19.9716
11.6932
8.73429
18.8161
0.356057
19.2902
11.8104
6.82795
3.84719
17.1776
7.95931
3.68899
4.46845
14.3824
16.7541
15.6787
18.7374
8.96082
10.974
17.9128
4.34146
7.58535
2.24526
14.7366
19.1884
12.2098
5.48795
6.09409
16.5128
0.318529
5.46626
12.0283
10.8489
11.4925
0.318533
16.2515
10.129
11.0414
0.461628
14.8755
18.0732
18.5081
5.1005
9.65653
7.37073
10.0111
1.81876
14.735
7.02442
8.30901
4.73651
4.44259
8.45049
2.96593
2.8235
3.90347
8.8674
0.149664
8.84836
13.2425
14.8276
16.4861
3.19479
11.8372
5.4053
10.8794
7.89178
10.3511
9.24551
8.71504
9.38465
15.4661
6.62266
3.51633
11.6675
6.61144
3.31081
14.7753
13.6256
12.4818
1.94482
8.1949
17.266
3.03467
1.56946
18.4493
14.6327
5.41221
11.5816
17.4412
0.708919
19.5183
9.05181
12.202
2.18169
8.25873
3.74258
12.752
0.676492
10.0516
19.8627
8.33403
0.230934
15.0475
4.28784
14.3199
4.1863
18.7367
17.035
7.32601
4.18384
18.5357
14.9444
8.16679
18.7894
8.38753
9.51014
13.7432
16.1857
16.3613
18.1581
17.4674
11.2817
9.35535
2.17108
17.2286
9.45314
9.34697
12.9841
13.3117
10.7013
19.4448
0.522699
17.021
3.43197
1.76196
11.4454
16.6524
2.6205
1.34746
2.90983
11.8949
10.7846
4.33566
9.53841
5.57868
18.4308
12.6263
8.04146
4.45245
6.02971
3.40431
12.9612
19.4897
14.6639
9.60835
3.54573
8.23757
16.6043
8.22692
16.3927
7.98097
6.49274
1.75892
16.7895
19.8011
16.4914
19.2333
4.47397
6.88582
17.9062
11.3695
8.27173
12.0567
13.637
10.287
14.5651
9.73141
5.64512
15.2379
19.951
3.7741
7.34978
16.8905
19.6726
2.66103
9.03305
19.3953
8.36332
15.7471
7.25067
12.6462
1.72203
10.3469
5.63853
4.97432
0.220091
1.17565
11.8832
15.6128
16.4113
5.26601
17.29
18.3447
5.82623
6.56657
19.6485
16.8241
13.3148
10.6979
3.54477
13.4995
16.7148
8.14717
12.1481
12.9295
12.5617
5.77802
7.24389
4.93325
11.6764
19.1388
0.22112
10.9307
19.983
17.5937
3.03268
8.13916
1.66511
19.2724
1.59558
10.4379
4.01126
3.74644
13.0345
13.075
17.0295
9.72184
13.182
5.65433
2.05995
9.47796
19.4156
14.4078
0.243942
1.96184
11.8738
1.48155
15.622
11.2616
1.94008
10.1619
2.25627
3.98996
0.302954
0.544735
15.2584
13.7885
11.7151
8.96248
4.30359
5.68703
16.5403
1.34485
12.8963
2.78323
18.403
11.949
10.3464
17.4249
13.7258
14.7882
3.85482
10.6169
10.1797
18.8612
5.69241
4.99262
10.7488
0.973263
12.9665
10.3824
3.41442
4.39042
19.8847
3.34649
8.4372
10.4624
14.7528
4.15793
11.4754
11.8091
7.11145
9.66527
2.15737
13.1238
1.59336
19.0258
3.54207
16.8647
18.977
10.9081
9.76156
14.6106
15.7335
7.41396
9.87958
11.7605
0.170582
4.5068
17.5542
6.97226
3.91887
15.3263
2.3334
6.64679
15.2182
4.89607
11.0107
1.43454
7.64515
14.4896
6.10608
17.5615
11.109
3.03485
12.8304
3.34679
12.6786
1.67244
6.48429
15.8766
3.70523
8.76765
9.10832
8.9138
9.22169
5.69132
14.5763
8.74044
16.5061
4.63245
18.441
16.9206
10.4098
13.0254
0.976397
2.67793
6.50865
2.14598
14.8626
0.535252
19.6742
11.1937
7.71037
4.04097
18.7626
18.1836
16.2611
14.2328
17.3386
0.637077
10.6497
10.2446
4.87234
13.6436
12.2897
15.8641
4.35255
2.25072
1.15021
13.9218
5.53825
3.49029
16.3937
14.0416
13.7096
1.48286
1.14849
5.55633
9.99253
18.8319
15.5456
3.84532
14.2709
11.7364
11.4649
3.81583
5.85682
11.1828
16.5633
11.7881
10.1431
13.4213
11.378
11.5224
13.4189
1.4314
16.4561
1.07336
10.7255
12.1592
12.2064
3.55146
8.85734
1.59603
1.46148
10.5284
10.3267
2.8076
17.6754
2.55265
9.92842
13.2892
19.4381
14.2411
18.8952
8.07452
16.7368
19.2714
3.51083
11.6424
11.6657
14.2895
18.0346
10.7113
3.14411
5.63406
9.83421
7.68888
1.74285
5.07045
8.67527
8.01227
1.21171
2.65051
9.60854
17.6674
4.90719
1.50631
14.4794
10.0086
15.0929
6.77183
12.9045
19.8706
17.6944
13.0275
19.8961
13.0806
5.79968
11.7077
1.1607
8.6046
13.4515
16.9342
15.8895
14.2984
17.9707
17.3144
12.7985
14.8905
18.4739
1.20522
5.0918
15.6116
19.8364
10.5261
9.90527
16.6887
1.48178
8.44943
16.5346
0.361451
16.6512
13.7905
3.13996
4.01929
1.81661
17.8259
17.6714
4.65798
1.60056
11.3878
8.90711
6.55507
6.41349
7.30318
9.57001
3.78299
12.1033
13.1922
13.516
10.8505
19.6299
17.4535
0.124202
15.5386
9.82808
16.5717
10.2435
19.8245
18.2656
5.02671
8.26074
11.2197
15.514
11.0369
2.37515
10.3633
11.5603
8.44831
5.20132
3.33664
10.1463
9.83626
13.1024
1.12672
18.0036
19.3567
0.650669
10.3477
16.6091
13.1609
1.57191
0.257311
19.2021
1.10454
5.03609
6.31731
11.0168
3.94097
0.16146
0.6092
19.1268
8.66825
3.23763
0.898205
1.97923
17.5452
19.2891
3.85855
19.3865
0.936261
16.2344
15.4127
3.91391
14.2885
11.3639
10.6426
19.3469
0.929966
13.5058
0.285289
7.00285
6.351
19.0371
11.5743
0.790666
16.8663
0.334946
11.3288
5.61635
16.9682
1.52622
8.73778
0.487656
18.906
17.1279
4.56801
10.2463
7.68963
16.8153
3.72657
17.3695
5.82455
10.0409
4.9914
11.7066
1.7874
16.725
16.6753
10.6558
11.2856
9.34058
6.63689
14.6327
8.62503
18.7857
3.58526
9.87075
12.2106
15.3644
2.19472
6.10625
2.28679
12.7982
12.34
10.0102
15.3353
15.2544
1.94235
17.1753
12.4779
7.93678
13.8391
16.8964
9.76648
7.98235
14.5745
16.5052
2.62944
7.29783
10.6928
14.476
18.7873
8.03802
10.9332
9.55381
15.2972
15.3046
19.2347
6.04588
15.5542
6.13157
11.9155
7.43276
11.1217
2.44489
1.11928
1.81061
7.17937
18.3769
10.0928
11.3217
7.37594
17.2606
1.65059
9.87866
13.1409
11.4371
5.02761
17.836
16.3244
9.73622
11.4922
4.69901
16.5675
18.9344
12.0136
19.5097
13.0358
13.9858
19.2225
15.4508
18.4154
14.0706
4.28691
6.06993
16.7611
5.2539
11.806
3.81479
0.072763
10.8533
16.3687
2.67474
0.93907
15.7488
1.00711
3.14832
18.6425
11.4304
9.13153
2.76412
0.0532314
10.6455
9.23285
13.1149
5.22582
4.04514
16.1822
11.99
16.072
1.57186
8.57347
16.5529
6.45378
16.1801
6.78017
19.4292
14.1278
19.8616
11.0689
5.088
10.0261
13.949
14.1947
19.857
18.1044
10.3689
11.8366
1.81235
7.76835
13.0365
1.1689
8.17728
17.8119
1.02539
15.0362
15.1947
3.70948
13.4162
0.112584
3.06221
13.4949
0.779365
13.8106
15.4642
1.30986
10.7145
8.36074
10.757
0.930922
13.427
2.08792
9.29105
18.3951
4.18686
1.4666
18.0892
15.5309
3.66837
19.0308
3.63892
1.1643
5.40675
13.0533
8.59071
7.3578
2.9246
13.2023
12.235
1.4716
18.5082
10.5521
6.86401
15.0037
10.4214
1.2482
8.39826
19.4049
9.04682
0.696695
9.07445
16.572
11.8757
17.729
16.981
16.1899
1.50071
13.2353
11.4875
19.5466
12.0324
9.40738
5.00198
13.9685
15.6568
2.55319
11.9538
16.7035
7.137
13.3128
5.28361
10.9919
8.56259
6.24023
19.831
9.50244
10.6968
8.13898
5.65881
18.0418
2.24522
8.70981
1.74731
11.1384
15.2933
1.14638
9.92555
10.192
16.7256
1.33911
9.00031
5.49289
5.16572
11.5757
12.9882
0.911637
9.81327
12.5403
14.8094
8.40376
16.6157
9.55224
15.2312
7.6609
19.6105
3.77587
17.7494
11.5809
14.1379
19.9901
6.34052
12.3744
13.6147
14.0009
17.5999
11.0233
3.06194
4.68593
0.311331
15.6956
3.17605
7.45029
6.24299
6.52219
8.70506
5.59784
2.33001
9.73352
16.7166
4.50477
6.36814
17.7813
9.74973
5.29586
1.00612
5.31924
10.5338
11.7173
7.18998
16.3973
10.8232
1.31482
5.75614
2.28957
1.59147
13.1837
4.99504
17.8388
7.22571
4.05654
10.3691
19.7106
11.3541
17.2603
8.2683
3.80269
0.659242
18.1461
17.3904
15.2271
0.0887569
8.48446
8.86779
6.30221
8.52534
2.44173
9.72853
16.2422
6.19418
1.11737
15.5134
7.30182
11.3141
4.37718
10.3306
16.5956
10.1219
16.2839
17.1984
12.6098
17.3097
10.0534
8.43467
15.3432
18.0288
14.0574
18.7966
6.07789
9.79374
3.0133
17.0355
2.05158
12.2265
3.48772
16.2615
18.2666
0.462209
6.98467
16.0947
7.84536
18.5135
11.8325
0.0671642
9.18303
17.803
11.6627
7.99915
8.28772
4.89331
15.8211
13.4248
19.8914
10.9534
10.6588
13.2899
0.596077
14.8672
7.39614
6.44784
11.2214
11.3216
9.60276
4.82281
12.1904
10.5112
11.9153
2.70037
7.99723
15.2193
13.573
9.84542
6.18185
3.61567
15.3008
12.0206
3.73728
9.96528
15.7445
16.2026
12.6362
14.2817
8.23661
12.4844
7.07673
16.3637
3.4046
6.67697
4.43637
0.189426
18.7124
16.8963
1.21307
7.16374
10.2694
5.8215
11.4488
11.973
16.3126
16.1066
10.6917
7.59945
11.3354
0.985806
0.610003
9.88075
12.5533
12.6485
1.94649
0.723806
9.13501
14.9893
4.38939
8.73287
8.61283
18.1406
3.86978
17.7879
1.29994
10.5204
14.1687
15.8576
3.91104
10.7681
9.64056
5.98896
11.7981
6.03146
16.789
14.366
3.38707
9.11035
15.3768
3.54938
18.5037
14.7254
11.1299
4.03253
6.9909
7.47041
8.82898
4.39423
0.358371
11.7808
6.68815
16.2134
19.198
1.84977
17.3417
16.8197
9.22835
5.18756
1.52236
19.6077
1.86324
13.4266
17.3139
16.1006
9.69282
2.25913
4.90292
11.7345
10.6222
6.55867
16.4186
1.27809
16.34
1.53721
15.2938
19.963
16.4462
2.09128
12.5238
18.916
13.7113
16.8121
13.1613
0.466892
17.9857
13.8422
3.15366
16.5254
7.37315
6.56718
8.8667
19.193
8.70214
2.90101
7.03344
12.3656
4.91475
0.77112
7.99417
2.20979
2.18345
4.01589
15.4383
10.1979
12.3124
19.5087
13.0895
6.21168
12.4658
17.8709
6.75371
2.51764
15.6537
8.69093
3.72895
4.09471
5.84224
9.35406
5.40795
3.53851
7.79114
4.9952
16.4978
3.64066
2.98361
10.034
14.8266
5.27929
17.1825
17.2138
10.5709
14.3135
5.5112
0.731711
7.28799
8.91117
6.11674
12.8544
10.9154
4.4955
17.5924
13.3081
1.69071
8.0558
0.654951
17.3763
19.4192
8.18756
11.7605
12.5484
19.9757
14.6003
4.8821
2.40204
10.4884
14.6908
15.4896
11.2488
5.01106
4.93563
19.2118
8.25861
18.2972
14.004
17.3136
12.4586
6.56582
0.332952
14.7678
9.52879
0.883065
14.5264
0.318304
0.133992
12.8784
1.3674
4.56976
14.6116
3.38727
12.0338
11.6704
1.49949
11.0951
9.93055
13.6844
4.89916
6.33552
8.13931
14.8547
14.5949
14.8584
6.78718
10.2234
2.89937
7.72187
2.52558
10.8174
8.46132
8.75019
14.6607
19.4112
9.16603
13.9332
15.1763
8.15859
6.01804
2.84304
15.9004
19.7883
1.56538
13.4543
10.8935
5.20833
17.9729
18.0791
16.3605
13.5767
14.9002
0.184398
3.37673
8.92408
18.864
19.8478
0.00208285
10.0032
18.3357
15.6789
15.8629
3.3013
9.62462
1.99482
19.2111
18.3237
6.9999
2.07446
8.27121
12.518
9.61517
1.72445
11.0481
13.6396
15.2032
16.6042
2.01635
16.6122
13.2803
1.59273
3.07853
19.5282
15.1353
15.8457
1.99071
2.77942
17.7552
4.45906
19.5359
10.2521
4.73082
2.49582
9.12005
0.174488
9.01089
17.3388
1.35592
6.66135
7.98764
10.4496
16.1931
12.3097
16.7326
4.38254
0.663812
2.77454
17.8679
13.2569
11.0175
10.3829
10.8016
9.45832
0.484414
19.6215
5.46914
16.8998
6.7657
6.73188
15.8714
16.0312
17.8642
5.4385
5.85691
17.7745
5.99511
18.6157
12.042
2.0836
7.12021
3.45969
2.06391
2.41149
0.421897
12.1514
13.1053
15.3051
10.4967
12.7759
3.4463
2.46
8.88335
6.64366
19.3094
14.3973
16.8482
9.15321
15.9554
5.15252
2.57315
16.3716
1.67643
15.421
2.07383
1.45284
19.9155
18.4454
0.371062
19.1106
17.296
7.35248
18.783
8.58732
15.817
11.4573
1.29936
0.324263
3.47942
1.48617
12.3853
6.91367
12.635
10.073
6.26311
6.58146
15.2574
1.11994
6.25113
3.80953
16.4491
5.01589
15.48
18.9085
0.63833
4.14211
7.52213
6.63669
4.28464
13.4686
3.72291
2.93406
0.260653
11.1592
6.67816
12.8162
3.41564
11.0669
0.0998718
5.05097
3.88227
18.8771
16.142
14.5053
2.4127
13.5892
18.934
10.764
11.6292
10.6532
10.6187
16.6224
0.256889
4.67758
9.35173
19.795
10.3589
3.27855
15.6423
12.1298
10.0388
9.63319
2.37319
16.5285
9.59313
9.4913
1.07448
13.2631
16.5583
12.4891
18.5177
7.92095
0.405145
9.58045
8.86185
12.2857
7.5285
17.4192
10.7586
0.602312
14.993
11.0594
1.44998
4.90875
4.3472
13.3616
9.96906
8.51925
7.63754
0.991163
13.0425
1.59904
19.4125
16.9916
9.80045
2.2339
6.52378
12.5565
0.555898
6.77675
4.90075
12.7538
12.4781
6.4547
13.6159
12.6607
13.1546
2.95987
0.335781
2.28929
15.0779
17.8761
3.24889
6.75975
15.0484
11.4482
0.339144
3.87141
4.69667
19.7977
13.8809
18.6081
7.51886
8.90783
3.46224
1.82935
9.50633
0.89992
1.4306
8.66031
6.48955
14.1748
7.07892
19.7422
19.7129
5.96595
7.44179
17.6834
19.2045
17.2429
1.42548
7.13236
7.17694
1.49041
16.1085
10.322
3.27836
16.6672
7.83635
1.03011
6.50349
4.74895
1.73418
6.59182
8.77308
10.5495
18.4452
6.37071
11.9879
13.9098
10.2335
9.4132
12.8171
16.7493
1.63106
0.518371
2.32733
13.4131
17.4443
12.842
7.04225
5.93549
0.344686
10.5197
10.5157
17.1425
10.6322
9.23111
4.4104
6.70395
13.7462
9.14904
5.73036
15.0564
15.789
15.4822
19.3469
17.5177
19.2348
0.0889485
9.7411
6.25782
10.3233
1.16364
7.2672
3.32378
17.3317
4.14064
1.41861
1.15709
15.8036
17.3445
10.8708
12.0102
18.6952
19.1296
9.89031
19.3884
2.36991
5.75624
17.555
16.6907
16.6293
13.1778
2.77466
9.08615
10.1685
1.18767
11.2465
19.3317
1.59226
11.2526
7.5618
17.8638
8.63152
6.73512
19.5894
2.43583
4.20272
6.52174
7.21852
0.514742
17.3609
19.3659
11.6888
6.02032
8.29695
18.7891
12.1218
19.7825
16.4929
4.66079
12.2153
8.23039
17.6754
8.59437
8.59311
13.2004
17.3113
5.60635
4.06817
13.0484
7.65213
2.16671
10.8476
12.2168
7.99731
19.9112
10.1881
15.5628
6.44317
10.8399
3.14486
0.0654065
7.93171
16.8321
4.63019
19.6876
10.0832
2.70926
5.08618
9.55947
9.90502
0.248451
12.6771
6.99126
7.45905
5.85452
6.06697
9.99855
15.645
3.07591
6.08103
15.2637
3.63831
1.62034
0.700177
14.4969
11.7741
6.24392
19.2653
16.1951
4.9921
5.46878
11.0026
15.5695
16.6273
9.5182
19.5903
4.41186
1.13414
6.66652
19.9493
10.5287
8.92766
18.2047
6.67051
0.266242
16.7758
4.75675
5.38622
18.3288
13.2588
14.3611
3.1979
2.49322
13.9467
17.3964
15.0171
3.41162
12.1015
12.2331
12.3872
19.2105
12.7198
13.862
12.3247
17.128
0.461515
6.01921
8.32063
12.1415
19.916
2.41313
3.92338
0.193616
13.2926
5.93275
2.88286
2.01223
16.4496
10.2445
13.2089
11.3114
3.03372
14.7144
1.57345
12.4797
19.032
7.08391
0.11612
1.89003
10.5567
14.7165
9.30826
5.79725
9.27509
17.971
6.60642
19.7399
12.9463
16.6653
13.671
17.2701
2.9323
5.69407
9.17325
10.8965
6.52362
0.943224
2.0553
8.91762
17.8415
17.1388
19.4957
13.8839
10.4471
7.13224
1.57487
17.3145
8.79695
3.96772
7.0893
9.01989
2.76481
0.505443
7.71374
10.9317
2.25331
4.61958
1.53636
10.0864
16.1118
11.1662
9.59176
17.3499
19.2775
18.2837
16.664
8.55565
15.2203
11.3949
3.17894
4.69712
0.138336
14.8211
6.10824
0.294316
3.08762
17.3492
3.2958
14.9044
15.4728
13.559
7.22868
16.2893
18.9958
11.4498
7.74369
2.97104
8.48317
9.40171
0.268243
11.2444
12.1449
14.4972
12.1748
14.8905
19.657
17.2564
17.8142
6.44952
16.4184
10.8786
8.49158
15.1819
7.129
0.0598839
4.28083
18.848
4.70949
3.42085
2.80648
5.34543
11.9377
2.72373
1.53828
0.1217
0.25425
2.46409
17.4813
11.4201
4.03632
3.81966
19.7574
18.2133
0.249053
14.8243
13.5076
16.6836
14.2403
3.08066
6.56342
1.03142
12.2379
10.0353
13.3491
11.9097
2.67442
9.3158
13.6602
10.0399
8.94954
18.5129
15.0999
3.63061
9.869
16.453
13.6941
11.8651
13.1254
16.0364
13.7611
7.59957
6.92557
19.3807
15.4175
17.666
1.01015
17.1259
3.03683
16.4998
18.29
16.5566
9.1987
13.5067
5.94495
9.93303
0.857577
14.2166
18.4042
7.036
4.09712
7.58457
4.73641
15.1125
3.60595
1.55657
0.912157
16.6456
2.08896
11.2961
2.3128
9.34521
18.6493
11.2866
0.538356
16.9054
2.181
19.5011
7.37915
4.56128
4.62125
6.48873
19.1576
19.0527
3.19997
0.533584
19.9209
2.40873
14.2261
15.4549
2.53291
3.64194
5.82308
17.6317
1.8841
17.984
7.03999
13.9415
6.98171
14.2511
7.83255
13.8954
10.8543
5.42687
8.40774
0.0809891
0.172007
6.06964
0.811711
2.99207
10.15
7.75841
4.18612
5.91967
12.1632
8.24347
6.12399
12.3333
11.0809
5.17754
0.586985
4.41571
19.6719
18.952
5.65201
19.9285
11.1115
2.33885
17.326
5.4068
13.1051
13.3558
6.40682
6.84002
13.8532
18.1901
17.5951
1.11783
18.9368
16.4409
4.88706
4.017
2.81006
1.91026
1.51603
11.1876
11.38
3.67937
4.37087
19.3946
1.96434
2.05855
13.8051
14.8352
19.2855
17.4834
5.3536
17.9685
5.91718
18.1459
1.43148
7.18517
12.1976
4.70132
4.10567
5.8882
8.93292
8.52295
17.3558
18.8912
9.60998
2.11785
7.64021
12.3876
17.5353
16.4817
9.51101
14.3735
8.76107
6.15701
19.248
15.0615
15.017
15.3654
15.8639
14.9478
12.7306
1.34634
0.0943215
1.64106
19.2006
11.9506
15.0448
9.61552
2.7587
5.04999
0.222879
11.1901
0.479494
16.5262
12.6768
19.5407
3.07011
7.37544
18.7641
16.5618
4.71047
11.4754
13.4856
1.14974
7.7652
8.65257
10.6503
16.2301
9.66524
1.68099
14.1685
2.18875
1.58716
15.9743
7.0239
19.1252
9.41586
11.788
8.51815
12.8271
11.6178
4.04509
8.30451
18.943
14.4391
1.01886
10.7392
6.13583
11.1651
9.68302
4.88321
5.35383
7.36181
9.42292
11.694
19.7685
19.3993
15.1989
7.94073
14.7724
3.56186
17.6058
2.30739
8.65417
14.038
16.3606
14.4427
5.8606
5.56571
2.18036
9.3809
7.74004
6.34967
4.37374
1.48238
3.55034
11.5374
1.99376
11.2786
8.41555
19.4648
6.03766
16.9561
12.9528
1.20073
16.9181
6.46926
3.35599
1.76053
5.64901
19.7784
13.3406
8.6765
2.29301
15.659
12.5715
12.8297
15.007
12.3778
2.6262
18.0502
10.3021
5.48006
1.67559
5.37727
7.12369
11.123
8.3598
15.9765
11.5876
14.1603
0.986821
6.24494
12.8895
2.43943
4.1538
0.782209
13.0502
17.7233
8.88414
6.66019
6.76279
1.03688
2.58939
5.37678
12.5115
8.79901
11.4804
10.7598
5.83597
17.7507
8.16498
8.25713
18.6791
2.02825
4.40817
9.88031
5.22047
9.79722
18.0997
8.04275
1.91215
0.632502
0.0205039
12.9893
15.2392
10.1577
10.5282
18.3885
2.58716
19.5706
3.82287
0.894851
3.86583
15.2139
9.69883
17.9404
2.02679
14.9323
2.30701
12.8845
18.0058
0.554267
17.5532
15.1528
16.6555
8.81971
0.804004
17.7549
16.6573
1.7475
16.9363
5.13191
7.37943
19.3703
11.647
18.7779
15.7308
0.606227
13.6424
19.4291
15.1708
17.2016
11.3617
7.40008
7.53234
12.0697
2.71784
6.148
4.59536
18.1004
5.20955
19.6829
14.359
2.41605
5.21255
3.53954
9.45445
5.30938
0.202806
12.0837
16.6436
17.1963
13.4502
3.61485
19.8161
7.84632
0.303957
0.274791
1.76615
7.73894
1.19522
10.4062
4.48188
2.42749
8.05361
13.183
17.8687
17.651
13.9697
14.1863
6.04377
1.80402
1.4341
7.49121
1.6928
16.9618
9.43601
4.85465
9.51405
10.7308
13.638
8.17684
15.4642
6.15974
14.6609
11.9472
0.860958
7.62977
11.6729
6.30927
8.96843
0.189418
18.2838
16.3114
1.05993
1.12421
16.825
0.33146
4.79852
16.5997
4.30625
1.78019
11.9307
0.359288
7.51787
16.0952
18.5935
5.35465
5.32379
17.2358
7.5887
17.913
16.7809
13.9068
7.34216
9.30073
6.5241
12.7568
14.905
11.27
2.53802
18.3083
13.2764
3.76433
0.610153
11.9228
13.7084
5.33509
2.24856
12.6181
10.7415
16.2029
2.4238
8.67214
14.3647
8.3959
8.92301
14.8097
6.25972
12.519
15.902
18.3064
2.54919
3.23309
15.8797
12.3899
9.99013
10.0599
15.5567
6.02639
7.46961
9.53985
8.56876
17.3588
5.41113
5.28421
5.98963
9.12349
4.74019
1.44985
17.4809
13.2679
0.304276
17.4006
12.2091
8.34685
1.14308
4.53088
1.49392
8.12502
19.8532
1.66046
8.29889
5.52007
6.23175
11.6134
4.4553
3.71036
10.0226
16.8091
1.8967
18.0975
7.88854
11.7599
17.3661
13.8049
9.02319
2.72685
14.5088
6.36594
12.0247
8.13334
13.8571
14.1365
1.6975
6.9209
10.3182
2.9182
2.17968
4.20746
8.95629
8.59494
10.776
6.63994
16.7031
1.07538
0.0719581
2.47021
3.09176
19.5163
6.22927
13.8997
4.05239
14.2791
18.853
0.73766
11.2901
4.69911
13.4881
18.0352
17.45
16.2685
1.92787
15.3101
14.524
12.8697
5.53391
11.5498
7.87665
17.0164
8.41087
8.37835
11.1198
17.7547
10.2804
14.4359
12.0788
12.144
3.21796
14.0224
1.17893
1.76219
3.61186
18.6277
6.73491
8.1772
14.8639
3.73747
14.5137
11.1809
9.13286
15.1995
11.4357
8.94921
19.8866
17.6163
13.0965
4.80068
7.42076
16.1109
14.4694
15.6143
17.8996
0.465571
5.1791
11.9824
3.02242
0.416096
4.58095
18.8247
8.49629
8.11299
10.5843
14.5532
3.19371
12.9825
15.6553
10.9035
12.3007
12.1045
6.83127
18.7308
17.0136
15.1286
13.4159
10.0885
0.434116
1.40415
7.66173
15.4745
15.9796
5.79043
2.76817
9.50474
17.1871
17.0099
10.637
16.1197
9.67391
12.2463
17.8142
15.1587
13.8558
1.36934
2.85247
8.67959
18.6281
6.22753
18.2802
13.3916
1.73804
1.16463
12.4668
11.4845
15.6698
7.79775
6.66569
12.0469
8.84677
17.5683
8.22052
16.2368
17.2696
8.89473
12.4489
2.37366
12.6554
17.6714
7.93566
19.0495
13.2568
9.75744
18.4017
7.27768
9.94379
4.62545
4.9358
15.7411
10.2546
5.82723
18.7222
5.41437
14.0015
3.25786
11.7159
14.6992
5.47948
9.58934
1.57435
10.8748
11.6711
8.55677
13.8038
13.7882
11.4661
2.93872
8.35973
5.97464
17.46
8.93931
12.5793
16.7653
2.57704
2.30937
1.96001
10.2325
12.219
4.15834
7.96128
16.7
18.9768
12.7679
18.4484
9.7209
1.42841
6.68022
1.40611
9.74394
18.4485
16.4256
17.1395
6.16221
12.3341
0.610937
12.3542
9.96163
18.7838
2.39285
8.23694
9.70087
9.99396
16.9306
15.8906
6.66707
14.3268
12.9999
11.5701
16.7578
5.9243
6.70997
1.06926
4.8226
0.830276
1.80361
10.0551
18.0195
3.31175
18.7719
1.9943
11.4053
2.51747
0.807879
2.58177
16.8601
6.55341
2.72489
11.5856
10.238
19.1823
14.1953
3.19534
11.9547
0.9645
9.79065
7.34445
15.9572
10.2968
6.45382
12.1339
1.37437
8.51925
19.1328
14.2651
16.793
2.70818
11.6831
5.08175
12.2946
11.3329
13.3761
3.66526
6.04531
16.2508
14.9008
9.67617
6.0907
12.8581
13.1642
9.81138
7.16022
4.01621
18.9452
5.09127
6.04583
19.4337
14.5363
2.29672
2.40766
18.4971
3.46567
15.0502
17.6526
7.11296
0.79382
7.86589
5.7335
6.44071
1.15604
18.8433
10.3982
9.36909
1.89118
15.7633
15.0577
1.08719
16.5761
12.8747
18.6961
19.4649
9.96057
18.118
18.4242
3.56086
1.63361
1.47767
6.22307
5.55268
9.80465
4.7614
2.47821
16.7662
5.28454
9.57311
0.240341
18.0985
17.2411
9.50401
0.790245
4.54892
11.4428
14.3417
12.809
11.3401
7.62163
6.48696
4.69513
11.2775
2.14757
7.73781
2.69639
9.86435
2.4878
7.26097
6.73379
17.3736
8.94274
17.001
1.85865
6.29838
10.9246
15.8774
7.57412
0.3582
17.3646
3.82437
17.6719
16.0888
19.1164
3.71312
9.47228
18.0248
13.9988
2.98916
14.7154
10.0183
3.01454
4.89464
10.8251
9.67649
15.2711
7.64057
13.4487
17.0701
13.6349
2.93289
5.7474
11.6576
3.97123
6.12124
15.7825
9.55974
3.25029
3.82249
4.29939
1.11194
10.9107
18.5638
8.50376
3.90621
10.0818
1.68441
15.747
4.57022
14.3679
3.35429
7.71696
13.8772
16.2577
5.85967
1.10875
16.0706
13.2859
3.63097
13.8623
13.0597
1.63361
17.0396
17.8034
13.4188
10.1319
7.74423
15.1955
6.75738
17.5342
12.5245
10.7616
4.90769
9.61651
14.8407
18.3414
2.43927
18.4008
6.48196
15.6903
16.6568
15.2863
19.109
16.8052
1.53567
10.3644
5.44461
6.64011
0.846523
9.44689
7.18049
16.2778
10.6949
1.36044
4.51941
3.57967
9.01144
10.2565
7.56401
9.08853
14.9624
15.6959
19.7256
0.441577
6.96186
14.8137
17.6929
2.44359
9.10749
13.8977
15.9274
0.985203
4.78637
10.8485
0.885146
0.367295
19.2077
15.2174
11.3109
14.0557
18.3858
4.50814
5.71069
4.39415
7.29616
2.2296
9.94331
16.5727
4.71277
10.0359
7.84617
1.03746
10.5371
4.69635
8.51519
6.3037
9.57108
11.915
3.22295
15.1961
17.7107
17.2911
11.9754
16.0541
11.6818
4.3981
14.9293
5.02087
18.387
0.861921
17.0555
0.558805
19.4285
14.3686
6.95413
17.9439
1.36022
1.32885
4.63633
8.00946
15.1438
19.4665
7.29637
1.24598
2.81744
15.9594
10.5009
14.3923
17.252
11.8143
9.59159
13.0475
11.1258
9.03544
1.59902
5.63231
5.28185
17.7907
9.73609
3.17045
18.7803
10.6135
0.962221
5.96868
12.2793
2.62523
1.84889
8.09795
10.1438
13.9522
1.97589
7.42784
10.3192
0.205844
11.5724
0.522854
15.0645
15.0678
0.143165
11.1176
13.5584
2.11995
14.2045
6.33116
16.7262
18.3106
15.3424
19.1682
15.9496
1.30147
7.03644
19.6682
14.4761
18.2934
1.62901
11.2117
15.1052
13.1124
4.97967
19.6333
11.818
1.58026
18.7606
9.13573
13.6548
16.1234
0.905087
1.43754
0.743895
5.72452
18.4876
16.0902
0.968533
13.3302
6.48253
18.9002
6.52877
17.5938
14.1055
3.96352
17.6914
12.9636
11.0863
2.11136
16.7588
3.17529
7.91418
5.93648
19.1614
17.605
9.41251
12.4483
14.0018
1.82749
13.6487
5.05529
19.6719
6.21491
1.19729
12.5248
3.68927
17.9004
18.5351
0.426886
9.57284
17.7839
7.92035
19.4495
9.11916
2.24575
11.1955
6.01903
2.1827
3.75832
11.3236
0.247552
3.11706
19.5224
9.59341
11.6904
8.64306
2.92118
11.618
8.85652
5.03563
7.125
3.26925
8.04383
0.285899
1.39238
11.6999
15.1788
8.40017
8.30368
8.66135
17.5144
6.22289
14.6229
5.44832
18.8303
6.19973
12.0755
8.27166
19.1205
7.44652
4.35139
7.21628
13.6085
18.0118
11.3442
7.69261
13.8184
19.6735
11.6236
4.19341
6.73433
7.88625
10.3202
10.3878
5.21701
14.4949
19.1367
4.6497
2.17104
3.56066
0.267431
6.55582
16.113
13.7298
13.8753
15.6857
14.7644
12.5147
11.3412
13.5866
16.4264
0.65311
16.3528
9.87959
7.64312
14.0783
9.3166
16.893
10.8833
16.8353
11.5667
8.49668
11.9453
18.4911
3.76103
12.6272
0.738583
15.5558
12.5426
11.9882
16.5591
12.6061
10.0297
15.6283
8.0243
18.0356
3.61026
16.5934
18.8918
6.22853
9.26487
14.2854
16.9568
11.4268
16.2638
17.7634
12.4916
1.40707
1.3706
0.259256
13.1516
0.510067
3.42325
14.0776
4.76387
8.81336
6.33856
4.96073
7.54772
10.1017
5.89395
1.18542
1.9506
14.675
1.1452
4.12164
6.46903
5.60525
10.0427
13.8286
11.5136
15.6388
13.8971
15.1871
6.89024
10.6173
7.89721
9.00359
4.16881
4.72183
10.5205
1.56402
16.1197
17.4766
2.37516
9.98379
13.3238
5.40625
9.83916
0.641771
2.272
12.0395
19.9339
6.81423
13.4018
8.3949
9.93545
19.386
8.48012
7.03124
12.8519
10.1566
13.2692
17.2799
8.923
12.8884
6.00624
3.86384
12.0884
13.4463
6.64169
7.23484
1.25194
15.5075
16.9671
19.6755
17.3756
5.93654
13.8251
2.75569
12.1708
7.23948
1.39586
8.74125
0.442618
14.5665
8.23969
14.0878
9.65695
11.0103
11.2001
13.5782
6.23222
7.36472
19.77
4.74441
0.212056
3.23676
12.4043
7.94826
7.07486
18.4931
16.6832
14.4957
8.50434
7.30822
16.4499
19.7897
1.63104
9.78047
7.86488
11.0265
12.8172
3.86535
16.4583
14.18
17.4705
1.19827
0.169762
0.63374
2.31604
10.6702
4.27268
19.1661
1.08837
18.1025
1.17146
5.20083
18.5697
18.556
15.6344
11.6182
4.3189
13.4094
15.7325
8.00069
1.37219
12.5702
3.50218
10.0422
2.28429
19.9912
14.1034
16.3534
16.18
5.06733
17.23
9.44085
18.4416
8.17377
8.38511
11.1464
18.6644
5.51194
16.3635
19.4853
18.7907
9.06921
8.35609
14.1174
2.32859
19.8973
3.27065
12.8741
14.9288
17.0939
16.7778
19.2825
14.0881
10.6768
19.0892
0.264451
10.0903
10.7282
11.2107
10.3878
6.87511
18.637
5.05197
2.45988
7.96518
16.3349
19.7411
7.70326
18.4792
16.8412
18.483
17.7165
8.17851
7.46657
14.7979
15.4716
18.6316
19.0214
10.4487
10.9974
17.6499
14.1903
8.54282
5.35712
10.9982
19.4359
16.1264
17.4791
13.8303
9.0694
18.1667
18.807
17.8311
17.3135
16.0972
18.7793
12.1367
14.1594
3.52899
19.5589
5.123
0.845169
11.3822
18.0966
14.7811
11.9164
1.32245
2.12289
18.1273
17.6741
6.98625
15.1051
10.7511
12.4731
6.02869
16.9486
3.43977
5.7388
0.973477
3.12001
0.143726
5.5292
2.78729
15.7946
9.63938
7.40831
19.8198
6.09695
9.26292
16.197
16.6883
16.6928
16.4873
4.82553
8.4194
0.510732
2.28636
16.4314
4.61879
0.366634
14.6869
15.1541
5.98212
17.7256
12.3543
18.2946
12.3047
8.13927
16.8898
4.55956
16.3972
13.8607
3.41383
6.70631
2.73376
11.3929
18.7364
16.8442
18.7837
19.8148
17.3952
9.56597
14.7583
11.7525
0.86247
14.9925
17.9177
7.38814
10.7642
19.2268
6.59644
15.9819
15.0254
14.7259
17.8575
3.55125
10.2948
15.7854
15.3219
10.7437
14.5965
14.4962
3.70043
2.20208
2.26625
19.5257
14.1959
3.42654
2.91005
3.30285
12.1386
0.377368
11.6735
12.503
2.66237
6.1054
12.4729
15.637
13.9991
15.833
0.113786
14.3852
17.7596
1.92385
19.2333
10.7741
8.17536
7.19634
13.0211
7.42613
8.13323
11.7584
0.172099
3.92994
1.62378
17.0398
14.0678
8.63728
1.93875
19.8247
9.59579
12.4104
12.9198
15.7267
16.5945
11.2643
11.7241
0.836967
5.20487
2.25712
15.6513
11.1171
10.0707
7.99392
0.433274
0.349936
9.42364
15.0747
13.5945
9.96275
16.5398
5.1053
14.6971
2.05325
8.39673
16.7222
1.57057
0.0955196
11.8241
19.8353
9.89136
7.77775
0.0727479
14.7908
12.992
11.8665
19.5081
12.062
0.898477
15.9048
0.828777
5.1367
2.76339
5.03639
9.97019
17.4749
7.35171
14.6466
3.12852
5.35762
6.69472
18.0644
18.7628
11.0249
19.0979
9.56367
17.2926
7.60945
3.18617
0.339163
2.71404
1.56324
7.65277
14.7968
13.5542
16.5401
12.3002
14.9321
16.52
0.423196
4.88835
2.27665
11.1037
8.26795
3.59828
6.78328
11.9605
5.3776
16.9893
3.0029
0.21817
7.30448
15.4952
8.08036
4.51305
4.17173
12.9946
17.5079
11.015
8.9268
2.873
13.8419
8.51727
3.55038
18.3976
2.75389
12.794
18.511
6.54976
11.943
5.16028
16.4049
17.0864
5.07106
12.8348
3.89239
16.227
4.89728
13.365
15.6905
12.497
8.47382
14.1347
7.68103
9.44254
11.835
0.88095
4.58556
18.2782
13.5292
8.36032
9.70008
1.20911
11.0016
13.963
13.0675
10.2446
4.05818
3.13235
8.96027
17.9512
3.58298
15.7598
16.4556
7.07745
17.9366
9.43831
17.8469
6.27345
8.52678
17.6119
2.3462
14.9206
3.44483
10.3287
11.7951
14.1847
11.644
1.03031
13.7398
19.6448
19.6398
15.8338
7.26966
15.4692
10.2421
0.978613
3.39151
8.07084
1.45718
6.56232
0.577814
2.96487
3.59633
8.24968
1.53465
19.571
19.3413
11.6769
4.92793
8.76344
17.0339
17.2128
14.2265
5.39457
1.6375
12.3055
18.2079
11.1119
1.88416
19.8527
7.40426
4.40329
14.6955
1.68748
18.4585
10.8452
10.7678
5.9712
2.95818
12.3321
12.8086
5.81576
13.4528
4.83602
4.67533
16.5146
17.0287
12.6093
2.03517
19.5877
15.1277
2.68608
8.49973
5.9765
12.4552
14.5564
9.27002
17.6239
8.53529
4.95368
17.2397
9.08401
9.40771
3.04633
7.27757
10.2467
9.57858
13.4935
3.11358
3.80873
17.6132
0.0739527
6.84574
15.8497
3.2846
13.8307
14.733
10.3673
18.7655
9.83755
9.24996
11.4545
3.80991
19.3168
7.57919
12.7944
13.1693
16.5483
16.7044
10.6816
10.5713
19.7447
3.5053
6.14725
19.7236
5.59951
17.1008
2.37529
2.46975
12.5441
12.7202
9.59386
7.69773
1.17215
7.90904
1.81254
11.6629
10.1663
2.92334
6.21633
19.3564
6.64671
6.1133
10.5007
10.732
10.0987
2.15741
0.720472
15.1806
3.27968
17.8712
15.3375
2.48663
14.9223
7.53778
15.435
5.20018
7.43162
1.65399
4.6085
3.56881
18.0996
10.8433
13.0741
13.1912
5.25677
1.92274
5.91494
17.4705
2.42683
1.92703
18.209
16.7321
9.31201
4.82596
12.1954
13.7667
16.8648
10.1569
8.40358
10.3749
6.50689
2.111
2.41417
8.41253
0.306147
1.40126
9.01933
11.358
12.0171
6.49382
16.7724
17.616
15.5895
10.3509
13.2768
5.62427
16.0939
12.2736
13.0073
12.3201
15.8473
12.3006
17.9302
2.7038
17.4552
5.67261
9.19639
19.2175
19.3933
16.713
13.1682
19.9169
0.565591
8.38137
11.0247
9.74967
1.02063
8.29706
14.9456
15.9498
9.61314
13.0342
8.97354
4.37469
7.39442
9.05976
11.9343
19.6985
12.5524
16.0459
17.0188
18.5936
12.9501
5.01966
18.3746
9.25057
14.9366
19.6997
19.3854
10.816
4.1352
8.77703
3.07568
13.3622
8.09341
0.198435
8.24346
15.9645
0.448337
12.7379
2.67911
17.3427
17.1304
12.946
7.78151
10.5989
19.0476
2.48268
14.9412
14.0426
10.4272
5.44445
8.3055
0.00196291
5.63501
2.94026
12.1622
16.8541
1.67773
19.5601
11.8099
19.4588
18.8277
18.4269
19.284
8.01106
4.72173
19.3585
18.3935
4.28641
0.118123
6.86627
17.6757
2.2841
1.8339
19.0726
12.51
12.081
16.8831
11.1361
8.56731
16.5094
16.971
9.57391
15.4762
13.6293
8.1784
15.422
14.6573
16.1727
1.52099
12.5752
2.58171
2.03708
18.6154
11.07
12.0065
5.40621
19.0202
7.63557
14.3466
6.97551
1.64858
3.11191
5.4694
11.0323
7.12341
5.07476
17.7225
7.0715
0.352659
1.13025
9.13505
15.6635
16.8201
1.76945
13.7268
8.54727
2.14643
10.5979
1.00247
1.53208
17.91
16.9217
2.66188
5.07414
8.66171
13.3063
10.8539
1.37617
7.23621
12.2551
5.53016
9.02344
12.303
18.6827
10.917
0.820348
10.0442
14.2035
15.5525
11.4641
8.70701
5.89727
15.5002
14.0861
18.843
0.918917
10.8024
16.9815
6.54377
5.23409
14.3565
14.2921
9.56324
15.3339
10.7511
14.2352
10.3016
13.2233
4.48101
15.596
2.52293
18.201
1.33499
16.5214
16.7306
1.36822
7.40186
0.629209
1.90799
17.0848
1.19532
4.64035
11.4775
17.6332
17.9913
8.87828
13.0913
18.8857
0.158003
19.4115
3.22336
2.83264
1.84102
3.98404
3.13519
2.56039
6.64186
13.614
9.10812
6.64663
0.0428988
14.0542
19.6994
19.1688
6.51156
18.6705
7.58818
10.0321
13.2913
3.50148
15.7638
15.0989
9.22155
4.11384
10.3872
7.19135
17.2738
16.0918
17.3913
2.19283
2.35069
16.0536
8.73736
16.2096
6.34026
15.9696
16.8575
11.9198
7.91384
6.55424
2.48762
6.273
13.8263
2.90167
17.6437
16.5865
8.31348
13.0381
19.7378
0.219758
4.42537
2.98958
19.1945
8.07635
1.15759
0.429725
10.8818
0.494645
10.8339
3.92566
5.94406
5.49028
6.78218
12.5612
9.10288
8.81026
17.197
7.19559
12.5376
10.6185
0.233887
17.0567
10.5083
11.6891
10.2039
4.14292
7.51777
11.6276
8.11742
15.4795
13.6159
17.4497
13.3837
17.5945
8.1364
7.27726
7.38579
14.7129
4.12074
3.86658
7.2465
14.7219
16.5215
8.62747
1.87178
17.3594
16.0105
5.21713
12.1189
14.9277
3.99623
19.2667
6.05633
7.64681
7.39558
16.1641
16.6247
10.0378
5.93454
3.66076
5.03021
1.16215
5.596
2.68856
6.42967
4.17696
2.80116
16.8773
4.39086
5.79002
16.2027
1.10652
9.3569
4.21974
4.37353
16.5057
19.9244
18.6374
6.57964
5.07949
19.0327
19.4484
8.26915
4.28539
15.181
3.60325
9.81894
7.45505
1.2002
7.35171
16.4144
19.7744
19.7901
3.32726
15.0635
6.84213
2.23228
12.6326
8.35132
5.23224
17.2144
7.67002
4.68765
12.6172
1.01433
15.9901
1.59319
15.8507
3.44698
3.97849
3.04796
15.9443
12.9645
6.32311
3.88693
18.4251
17.5987
13.3212
6.22402
7.33221
6.60746
4.82576
15.6033
4.5768
2.02678
6.97178
4.69188
15.5254
18.0828
3.87087
19.9867
18.1105
16.3714
11.7927
2.96962
0.815996
1.86348
10.3112
10.7924
1.93429
15.6347
13.7411
19.0452
11.3036
14.378
6.29115
4.89622
10.3721
8.56815
5.93741
11.177
15.4646
12.3907
1.07485
9.22729
19.0343
0.412116
4.04445
8.14528
5.33009
14.1689
8.08154
11.1623
11.0916
13.6646
15.5519
4.51819
15.9435
15.8732
16.0048
8.20572
1.09578
11.0448
2.26673
7.30869
15.9765
18.6888
6.04101
0.371888
16.6356
17.301
10.1976
13.4743
7.72014
18.0724
12.2486
11.2336
2.87078
10.522
17.572
9.62887
1.12826
1.18565
17.1666
13.0768
5.339
17.2804
14.7722
0.738365
7.12199
3.98946
5.02545
13.6227
1.00441
7.86111
6.22019
0.587615
16.6574
6.54283
19.0452
0.813004
5.26292
6.99981
12.4775
15.7741
0.70365
3.46564
2.30278
16.6223
9.52144
11.6457
15.6659
10.0437
12.1719
9.67213
12.2383
6.03993
16.2087
8.58095
1.98395
11.8382
17.8635
19.6921
8.16174
3.61553
11.3208
18.3315
19.391
17.1779
8.73454
19.6818
10.2392
2.89622
8.44941
1.61226
17.4043
5.18423
7.74028
14.0036
12.735
8.15631
14.5087
14.8044
7.98745
17.1251
17.8872
0.348477
7.18027
0.512628
5.58456
2.32584
15.8837
17.1976
1.4779
4.17029
8.27371
8.10475
11.3917
0.533622
14.7287
8.67056
13.8645
1.52109
2.45953
16.952
16.562
10.1105
9.21277
18.4442
12.8586
14.1448
16.9598
3.42318
14.2943
7.56136
18.1632
19.0749
12.1091
7.98385
7.37671
6.09725
16.6255
6.93751
5.53558
11.8529
13.7058
4.63182
9.71078
18.6804
5.73607
9.25249
7.94259
16.9011
19.8415
9.82978
2.78602
5.70376
3.18036
0.0750973
18.8365
5.37042
1.30698
15.4723
16.914
15.4008
14.3042
7.58498
0.431667
5.98653
18.9295
18.7832
14.6352
12.1407
8.22388
14.7875
17.7219
19.6244
0.41711
19.3146
6.49638
11.6607
1.09353
0.141248
11.1288
9.01958
11.2645
4.88912
16.9075
12.6508
0.791112
17.4123
1.91451
15.437
7.44166
0.780339
10.1506
13.851
8.88958
13.2411
13.1067
16.1164
11.2182
9.80391
6.31033
9.68465
0.878432
9.39587
3.44782
10.8926
5.05016
0.944991
6.12691
9.42726
9.22006
19.087
4.66469
7.6121
1.83039
5.34862
12.513
17.8775
4.40454
11.7506
8.80441
12.3533
16.5639
2.29925
2.40182
17.5053
3.58871
10.3675
3.22314
4.25407
12.1901
6.24327
9.81858
14.1658
17.423
14.8785
5.31674
18.0114
15.8689
5.54979
8.07573
2.81499
7.31558
15.1788
11.5217
10.1839
17.8726
18.6898
8.71069
12.682
7.93727
2.58917
4.33717
3.2118
4.85542
5.8765
17.6587
1.86368
3.54474
10.1612
4.46899
6.37964
10.7756
12.2203
16.7943
5.5066
2.19447
10.7407
4.5044
5.25934
2.96908
17.0462
16.8849
17.2642
16.0616
19.3232
11.1399
8.75466
10.5821
16.8713
17.0913
7.85944
15.6912
0.42435
6.88774
16.92
13.4278
1.31352
17.2778
6.01407
6.1823
3.15007
11.8454
12.822
0.524264
0.239632
16.0495
1.0837
18.0871
0.706444
10.5768
12.811
16.4219
19.3826
17.8249
8.45815
3.74273
11.4635
5.05042
14.2632
4.99375
10.9668
18.4823
0.157852
6.67202
17.5681
18.8467
3.29798
4.88314
19.2659
9.82406
5.53914
14.1367
5.48917
18.7019
7.58011
13.2813
15.1549
15.7128
4.92048
3.87505
19.3919
18.3261
16.3955
7.63718
6.3382
15.0683
8.01468
13.9584
0.543931
0.680535
19.2777
4.79696
15.0099
8.7343
0.856242
13.7502
8.73521
19.3795
2.25865
7.10958
13.9056
7.40015
4.74692
10.0683
1.72251
4.58527
14.5516
5.96974
5.42414
18.893
1.33747
11.8316
15.8417
15.4828
16.6828
8.55746
6.87541
19.3761
11.5929
18.0355
15.0486
15.0188
7.24051
19.3658
4.47106
13.587
12.1455
19.0906
8.58029
7.7216
0.189661
13.3974
10.037
6.09857
12.1358
8.70287
6.15438
12.4543
1.9675
15.4189
1.12941
17.8747
11.8681
18.4003
11.0638
15.6936
8.18654
19.3657
3.41725
8.30936
3.32244
9.58543
1.16507
17.379
11.4845
15.2167
9.03983
5.04903
11.09
0.644117
19.841
14.4748
6.167
6.03383
7.3722
8.49427
7.97645
3.93038
7.02168
0.905516
1.92409
9.01204
0.810868
10.8059
13.5393
7.69535
13.5479
17.6879
5.7046
5.52028
4.12097
18.8838
3.35324
12.3483
19.8273
14.6639
2.57904
3.51781
6.27689
11.9338
17.7876
9.70668
13.1229
12.0464
12.472
14.6176
15.5764
0.809991
1.91195
16.0139
19.7728
18.9364
14.9188
12.1544
13.9216
8.99008
6.33169
3.20341
13.9698
8.84097
14.8702
8.81777
1.73201
3.5922
14.0145
7.37707
15.1429
12.537
18.3128
18.4224
11.3401
3.93257
14.832
0.0417494
5.02165
14.7046
16.4785
7.76006
16.1108
11.2099
7.57147
5.08699
15.7034
5.85654
4.49347
9.21719
5.10407
10.3604
2.99527
13.922
7.31804
18.5905
17.4453
13.3631
18.8275
14.6257
11.3829
17.7039
3.03864
15.7915
18.7557
2.07863
7.10359
9.29139
9.13967
1.58348
6.42254
0.0635796
4.87494
0.755894
2.48784
16.7576
13.1131
13.7609
11.7431
18.7862
0.348866
0.740949
1.49323
7.13506
1.95516
13.7638
3.4852
4.30186
17.1839
13.6208
4.63174
10.1918
12.5386
16.3648
17.4432
4.14342
9.6618
19.968
2.2086
5.80049
8.37189
0.0696469
19.4153
19.9142
14.3417
7.48167
18.1034
17.8413
13.608
2.1026
9.13571
4.42099
16.4331
5.96451
14.317
16.4874
15.9205
13.1781
8.36881
6.38277
9.17814
8.90101
18.8634
18.02
3.3407
17.2262
0.660017
16.3619
2.34617
14.4633
9.02076
17.463
4.51482
17.8492
13.4107
11.1167
14.2325
8.52516
2.46745
0.0727092
8.54826
8.95615
16.9779
18.9984
9.57192
3.44423
18.9017
16.1483
7.8728
0.583916
14.2635
15.4501
5.54746
5.25031
9.38278
16.0288
1.47759
4.61063
7.52784
1.13013
4.4647
12.8015
0.898603
9.79694
8.4637
16.7771
15.649
6.70141
9.86976
2.32991
16.3571
5.62693
0.0481946
5.46568
7.11202
0.449455
1.63737
0.695003
4.35336
14.1529
10.8624
7.19029
14.5681
16.2858
5.23166
6.03687
9.78373
17.1054
14.7711
15.0604
2.70794
10.3706
14.6419
12.5908
8.45613
13.9182
11.0095
17.6139
9.776
17.9768
6.33714
10.8438
7.75647
16.6155
13.6909
10.0702
5.19551
15.7331
7.12478
0.114673
6.35357
18.706
5.81376
1.46336
2.79236
4.67666
19.0417
19.6793
17.846
3.21581
14.3285
7.2456
13.0603
10.517
13.0808
3.08397
10.2304
2.59337
11.9009
10.0354
0.478885
19.3794
11.0716
12.4022
16.0214
10.0589
17.32
13.7223
14.1179
7.14819
0.0765103
6.29553
11.1388
2.92001
17.6358
2.28562
5.46491
7.33722
7.94496
3.32017
12.2432
0.968588
7.87435
4.27739
19.3735
14.1692
2.90761
3.17509
9.89262
17.4692
8.00004
18.9085
0.78949
18.9088
2.77459
0.524618
13.9737
7.37744
3.38504
0.820975
4.48085
0.677764
3.24636
1.00282
12.7064
19.5725
2.84763
14.2457
1.42747
4.48302
6.96749
17.8923
2.07258
3.66571
18.3686
0.992144
12.1444
18.1949
12.0507
18.8962
0.201684
0.551641
18.5794
8.47594
17.7034
3.63835
13.5668
19.8536
10.2172
16.0282
10.7269
19.1327
6.65802
2.97772
10.7276
3.00273
15.7657
9.54505
14.6754
7.71911
12.737
11.6228
11.3708
11.9203
18.9394
14.9794
17.6739
5.7043
17.4099
18.2377
3.50585
9.75701
5.07166
16.1311
14.6496
5.8112
0.150501
8.99473
12.7513
0.614247
2.35028
16.3022
2.71339
4.19614
2.99533
6.73129
10.6785
12.4624
15.4902
13.0847
11.9712
16.8884
0.734952
14.2138
14.7541
19.2627
15.9235
14.0746
10.8156
18.3859
14.3981
7.38425
0.77031
2.90283
17.0053
1.52439
17.4809
13.1813
2.04865
9.74682
1.79076
5.59127
5.65606
13.8058
10.9226
16.3652
12.2322
2.24298
5.63763
13.7172
8.04612
5.82097
14.1982
9.65029
17.4198
17.3837
13.8631
3.27013
15.4371
4.75932
8.76649
3.29073
12.0264
4.20724
17.0188
17.83
14.3605
10.3833
3.97037
0.953164
19.198
13.6598
14.9343
2.80005
15.9064
6.87592
19.0472
15.8967
6.04352
13.7392
0.355414
4.78613
10.334
13.9231
5.3319
9.81335
0.90125
15.8111
0.62687
6.28105
6.19922
14.4676
11.5805
18.5951
0.262526
7.36322
17.4817
15.3273
2.93463
16.0424
9.71225
4.70968
8.38337
17.5236
0.569615
16.7841
3.3845
15.2924
17.3918
9.54706
7.73477
16.7762
19.7082
4.28919
16.3911
12.7417
14.8235
11.5677
3.63581
14.988
12.0055
16.133
3.36485
13.6866
18.0164
8.59708
17.5029
5.71963
11.1108
5.55772
13.2514
2.71695
8.41701
19.3374
12.7506
2.95992
9.41379
15.0404
4.31356
13.522
13.1346
4.17114
0.243352
19.2081
3.73493
19.6355
14.2776
6.25931
13.3612
18.2011
9.4757
12.0186
15.1865
3.11861
7.59028
18.1655
18.3157
3.10588
19.8995
15.4005
0.995393
8.96576
12.6371
12.7782
8.01407
13.2512
1.14843
17.6779
9.67975
17.9035
12.0049
15.7726
13.3049
4.59137
8.7892
11.3141
6.79503
15.1004
13.3396
13.4946
17.3398
9.2796
14.777
18.4004
14.3373
16.5496
18.1296
10.7016
6.31641
3.91116
14.3168
11.1462
13.3172
5.42249
18.0323
13.2396
2.86949
9.64209
4.87802
5.99396
12.5577
0.206764
13.2587
10.1752
11.9993
7.33677
1.41378
13.486
7.71499
12.1898
12.6457
0.352264
16.7059
2.33419
5.87976
14.9676
7.4784
18.8032
7.38545
11.1573
12.1319
2.35173
12.2347
2.99261
19.5526
3.68597
18.4168
14.8538
14.2116
9.26179
4.43304
2.97799
9.06958
7.31989
0.01829
14.7916
12.2572
3.19241
1.16569
7.93356
1.64982
8.00613
15.7528
15.2444
8.06645
17.1161
17.402
2.27527
0.501145
1.99623
16.3386
9.83683
5.82685
12.5445
8.08551
3.37413
9.54085
2.42391
9.96612
3.48525
18.842
3.28226
10.656
4.39033
0.275934
18.7751
10.7186
4.52954
2.31473
13.9541
16.0619
2.35078
2.93076
7.51141
1.29882
9.889
12.9028
19.1374
4.36336
16.4325
3.87839
1.87159
16.2228
7.37124
5.51574
15.3586
8.13795
4.09555
14.0949
9.05754
12.2089
5.08818
11.7533
5.18155
8.96591
3.32139
3.39958
15.4701
0.735508
1.97224
17.8184
16.1135
2.10442
17.3393
12.6574
7.06579
19.4637
0.613898
0.559069
11.5026
3.46915
19.3351
19.372
9.05363
3.5866
1.1634
10.2292
13.5085
3.39566
0.901567
6.76864
13.8035
10.1577
14.7428
5.63551
9.15575
15.484
5.45325
12.0347
6.90733
19.7619
18.3317
17.281
13.8381
7.8726
14.4762
9.38751
19.4447
1.03551
19.5918
17.9034
3.31455
18.1103
1.97522
6.1255
17.3989
13.2658
19.0703
16.7855
6.64676
14.5102
13.9848
15.217
5.17379
12.129
0.16975
0.83934
16.8021
15.944
1.84301
18.4475
0.865947
14.8662
0.145347
11.7345
5.65899
8.88329
17.4477
10.0868
18.2818
4.17552
18.9997
13.1141
9.53297
11.8905
8.51256
14.0367
16.4231
14.0624
13.3971
1.62817
15.0366
13.0238
16.5259
9.97974
18.6768
4.56416
13.2928
9.03827
3.71923
15.8543
19.1264
15.6396
14.6071
5.77044
3.27515
2.81639
0.492891
7.52423
5.76696
15.9996
18.2084
7.93705
9.07176
17.6325
3.38213
16.7341
17.6006
14.4381
10.6619
8.18163
15.3008
18.8158
11.3615
19.5058
4.38211
10.099
19.4092
11.5411
1.92712
11.2813
7.36071
3.93471
7.33609
9.5331
5.93721
12.9493
3.97182
9.58511
9.79868
12.1976
1.25603
0.313009
13.2777
2.35142
5.22894
12.9073
19.7326
12.169
1.89877
4.94218
10.9588
2.73888
15.0206
17.355
0.713616
4.81515
12.7779
5.56504
9.73313
14.8785
0.527446
8.83331
14.445
11.5458
7.35667
7.62047
9.37964
14.4922
11.2706
3.34602
2.99832
3.02049
16.108
9.04031
5.00514
8.71879
4.64532
17.4038
17.7247
18.8998
10.4882
12.5201
18.1849
11.8691
5.65794
1.40548
16.862
18.7255
14.3125
15.8322
4.2385
4.30599
15.8678
5.14095
16.1824
11.217
18.6402
17.9482
17.0393
15.0921
4.2461
15.2943
11.3977
6.12769
1.50881
1.14043
10.1803
7.1137
17.091
13.1351
18.2607
9.22156
18.3467
16.4921
19.9446
9.34065
7.65461
17.676
5.30177
11.402
15.2083
0.277423
11.4227
11.4832
5.63197
13.3364
2.06115
14.8079
11.0017
8.88695
6.73836
2.76072
17.1413
2.96549
19.0801
19.2973
12.8596
0.401516
7.74293
5.68535
1.2636
18.821
8.78633
18.0376
13.6644
5.75329
0.658566
3.25887
18.6889
4.87075
18.4592
14.2849
14.3078
17.5015
9.34571
0.232232
16.9283
3.00372
15.5613
6.93463
6.47112
6.27067
17.0383
14.1912
11.8935
5.8154
12.6607
11.2174
5.24252
14.8476
1.11617
4.36783
10.8452
15.2296
8.68235
0.574295
3.72261
9.34163
4.30892
13.477
0.409088
16.7008
15.804
1.7443
17.3706
15.932
12.7262
1.06259
2.95088
4.13138
17.3815
1.78826
1.93772
3.37965
10.0081
14.565
15.2618
19.9192
2.5474
0.72872
6.40511
0.337942
6.48721
17.651
9.51687
17.1028
2.27037
9.66832
11.1027
10.027
13.8427
8.44485
3.46274
8.38306
6.22264
17.78
16.7147
11.3112
15.3587
10.9249
0.540854
12.1347
15.5337
9.3313
18.3142
11.6853
12.251
12.1083
11.4733
17.7519
6.435
11.5633
13.5409
17.5792
16.2125
9.73985
9.78647
1.00503
4.90297
12.7507
11.1931
14.4241
3.62321
18.8574
11.2298
4.38269
3.20833
12.2617
4.7349
14.0349
19.6118
11.6893
1.94285
13.9869
6.18858
13.06
14.3365
19.7881
13.9599
4.07974
0.313459
0.611894
7.4692
2.86035
5.70407
10.7336
4.33006
5.69275
3.41401
16.5748
2.4909
12.8597
17.2784
5.73163
6.85879
10.9683
13.5576
15.1362
0.390762
6.60917
10.0917
17.5232
16.0501
16.857
12.8134
7.87502
0.788931
18.5655
14.1171
16.1128
16.9652
4.22521
18.854
15.3495
14.9773
14.8642
6.25402
0.81893
8.01091
14.4781
14.2234
9.73423
4.79755
13.3623
15.7425
13.4209
13.0281
10.2627
12.29
14.7504
6.60708
2.17222
7.27623
10.6593
16.8309
0.899653
14.7325
10.9902
1.55184
8.02007
7.29852
3.49369
19.9764
12.7795
0.607776
10.9813
7.32447
11.9939
18.5781
9.31125
14.2726
1.52711
9.98455
7.76204
8.77425
4.68894
4.73356
8.8865
11.48
6.40335
2.91645
5.20431
10.1755
12.5047
7.15436
9.76269
11.6869
8.33725
19.2494
5.83531
4.5708
9.96488
8.15508
13.3225
0.854038
11.432
12.7081
17.7757
13.94
5.52499
11.2175
13.7015
8.95873
19.601
3.16706
14.7185
9.0316
7.16696
12.2576
19.9158
8.86618
13.8619
14.2476
2.14727
0.291092
13.9855
7.21357
14.533
8.99364
19.826
12.4809
6.21669
0.182306
0.680407
3.46067
7.81706
2.19646
15.6017
0.704832
12.7549
19.0141
3.94639
16.2963
17.6571
17.1306
1.36087
0.536627
3.92671
8.28191
1.18818
13.9248
4.84896
2.9733
15.0442
4.23271
17.561
14.8659
13.151
9.0794
4.16946
19.2091
17.9252
9.93414
9.86661
8.46867
17.9389
1.42025
7.64111
14.0098
0.47858
15.1203
0.0594362
10.3846
13.9977
5.05853
9.19907
18.6761
11.1409
11.4561
7.25132
11.7338
16.8872
13.9385
10.4958
17.4267
8.51088
19.7537
5.98389
1.45554
6.16472
6.43693
9.57227
0.755581
19.2474
4.7161
9.29944
0.765636
11.7519
9.75143
6.26363
2.02394
9.87059
7.48629
6.82374
13.7099
2.80736
11.3311
1.72856
15.859
7.21437
9.05614
3.20895
18.8212
14.0498
7.34762
9.37733
2.86486
9.57049
10.885
9.17875
12.5586
17.1592
3.70148
15.793
12.6368
10.4567
0.997587
5.15889
6.87251
6.55599
14.7994
13.2655
18.2247
15.3437
13.4403
5.60279
10.4644
18.5777
7.17727
16.8467
14.0042
8.80888
7.28113
1.72454
2.74229
3.69479
5.32892
8.2166
17.0216
13.1193
16.6358
7.31921
16.1846
12.5858
17.0627
12.9751
14.5594
14.8478
15.504
18.0023
6.99567
12.5456
6.46681
12.5881
4.49503
0.287275
8.39401
8.48548
12.5541
9.19346
2.66862
4.12846
18.2197
15.9318
1.11447
10.0753
8.46421
17.3092
0.366722
6.63943
16.5321
17.725
14.4899
10.0962
10.141
1.85428
5.13678
11.9433
0.419729
11.4001
15.8472
5.95654
15.8594
9.52461
6.21455
5.51368
7.10498
19.7237
12.9265
8.60453
3.78693
16.912
9.97635
1.07814
13.9391
12.2817
1.81234
18.131
16.4951
16.3066
17.3173
6.74795
2.74558
8.40427
8.18303
5.17629
5.57338
4.26903
1.94131
16.2995
4.74242
17.6428
10.4679
8.68467
17.6534
0.618267
14.911
0.516012
4.96765
8.40017
13.2521
12.7018
10.3131
9.13663
15.9315
11.5414
4.43378
2.24135
14.7933
7.97215
16.5274
13.2199
0.138638
9.04723
8.34016
6.27188
13.4553
15.8611
16.7554
17.1859
16.0946
4.19104
15.3503
12.6048
14.6518
17.4266
11.7603
2.27033
18.1927
12.5947
16.4741
17.5517
17.8305
19.9059
2.56951
19.1623
18.6314
5.41201
6.89303
16.6273
7.02533
8.25403
14.5698
12.4249
9.24868
14.7181
1.30076
7.80413
1.66567
13.4004
7.57036
16.3506
7.59688
2.65147
2.38596
12.3356
16.7834
17.7471
1.02594
15.0136
6.50857
15.9977
1.7755
0.280542
0.414409
2.41505
15.2352
7.57792
13.2456
9.68701
3.79859
10.2182
7.19411
16.705
10.9019
6.96278
15.0852
18.1463
16.9648
0.00252422
12.8394
7.32624
3.49246
12.1029
16.0356
3.86247
7.22461
13.5613
15.6184
8.59274
1.99604
4.29591
12.5324
9.1629
11.4871
11.6585
18.1898
19.6216
19.2984
11.1215
9.34365
9.99346
19.4174
3.09635
4.33387
19.4864
6.60542
6.78978
5.48624
3.39415
11.095
3.3202
16.9891
3.19299
5.62043
0.808913
5.72976
9.3714
9.80634
1.20426
13.0122
2.8043
1.85718
19.4765
12.2868
11.1259
0.995888
10.2177
0.531648
3.86884
1.20755
9.52407
3.08901
11.5147
4.14572
9.7682
15.7284
3.09913
19.562
13.442
15.1103
19.0486
14.7159
10.8692
14.2933
9.00808
7.41585
15.1633
3.09561
11.3006
3.86123
1.17494
7.36487
14.1534
18.8147
5.73234
18.4333
12.5779
8.19139
9.34332
13.086
18.2136
5.82277
4.6951
9.80811
17.6329
15.2468
1.44448
5.50037
5.64015
13.6949
8.89329
5.81415
11.502
0.056992
9.64976
15.8638
4.17984
14.2437
18.5537
16.7544
0.716691
5.95222
5.60284
12.4063
0.133262
5.48051
0.548647
2.51274
7.2468
17.842
9.00289
12.0388
6.92447
17.4638
1.01145
3.28749
13.8755
4.26561
7.81724
5.62262
18.0257
10.3665
3.38921
8.41353
17.7487
7.99712
4.89114
18.9422
12.9443
17.6845
0.848217
10.4147
9.14466
16.5222
3.85112
13.3681
6.50583
3.53917
10.7545
16.6658
3.35963
15.0495
3.58458
13.7886
3.83965
16.0471
3.54232
6.07819
9.2119
16.7362
11.7275
6.89541
9.28364
19.7003
2.3755
2.74172
2.79172
5.70219
6.08987
10.3279
19.0145
0.875357
14.692
17.4404
3.18345
14.6879
1.68633
19.9469
1.98701
8.56771
0.247961
18.2311
11.5772
11.6271
1.89123
14.3296
11.7694
2.60811
10.2349
12.026
5.52364
4.45901
9.59073
9.72138
7.04292
0.163342
17.9315
17.4253
13.3604
19.3563
6.89613
17.8598
1.07288
5.25803
6.68607
17.8597
12.3168
2.04672
17.8119
6.0781
1.02523
6.88994
13.9675
8.52411
10.811
19.65
4.03777
9.81158
19.7436
5.05078
15.294
8.44063
14.1609
9.01043
16.6903
14.8431
15.8779
12.0948
1.12847
8.53452
10.4928
18.96
6.1906
16.2706
16.3585
19.8404
8.38365
17.8914
10.9841
9.77314
2.79419
6.6205
13.2065
0.341061
13.2725
14.1755
18.951
10.5044
16.6036
14.9051
4.91993
7.89149
11.5367
0.858204
6.91567
11.5369
17.7392
11.6753
1.24516
1.62466
2.19867
13.8925
19.7716
7.07252
4.69742
11.1667
12.1014
10.8263
0.937542
15.0667
17.7849
17.2321
5.2969
16.3717
10.433
1.94151
3.26144
1.51138
11.8783
8.95024
17.248
8.16448
0.0122675
18.9482
3.64515
12.6104
16.5478
5.04025
13.2854
15.0432
18.3344
13.258
17.7077
6.71304
12.0685
6.72465
19.7508
2.3014
2.91706
8.24522
9.257
15.6231
13.5473
19.7386
12.174
11.4103
5.51146
15.9434
12.7826
1.9992
9.56708
16.4914
3.06045
2.26305
16.2603
12.2747
12.6853
5.78856
12.6473
10.4168
0.834142
3.64331
15.8407
8.5105
19.108
16.6454
13.9167
12.1928
6.73041
6.68668
0.511539
4.08988
10.4675
3.61701
18.0925
14.8639
9.7165
16.8981
4.74482
0.938872
16.1064
2.09215
15.7756
7.44315
0.60394
14.5891
15.1548
9.2503
16.683
15.0747
6.78664
9.36376
10.7585
1.09044
12.6933
4.29886
9.18521
5.64847
15.1935
17.7273
2.79055
8.41923
6.11198
19.9714
2.24644
