6.81626
18.4087
6.53683
8.42587
17.069
10.7257
11.1348
0.531608
15.4106
2.27695
11.9732
5.46299
4.55002
1.8009
15.1084
16.7256
6.76791
14.5426
3.51632
15.146
13.1065
2.4901
9.0364
3.92487
6.44914
5.30085
14.3598
2.33197
4.86673
5.10207
0.864075
6.68543
16.1559
10.6257
10.1794
8.91832
3.16431
0.475127
11.9373
11.9649
11.6492
6.79587
10.4544
14.4241
5.79414
8.91128
13.8222
16.1789
18.19
10.9571
17.6697
10.2636
14.2452
9.34553
7.51983
18.4099
18.9605
0.265455
0.304059
14.2495
16.3472
14.0961
18.4448
11.3914
7.54556
0.637695
2.31018
1.75287
15.0174
0.755182
8.69517
4.84728
18.8266
11.136
13.9639
12.3993
3.49374
19.542
17.3424
10.3994
0.332912
3.44116
12.4825
5.96987
14.9464
1.26329
11.8871
9.16816
0.652239
15.0684
0.220219
7.81849
9.14048
9.4895
3.59518
5.76857
12.7481
16.8544
9.81984
18.3003
10.6325
15.2871
1.70954
10.032
9.28156
18.4348
14.7224
15.4324
6.31119
14.2973
18.7893
5.59502
9.13252
15.2182
13.6848
17.9825
12.9329
18.1537
16.0401
18.2297
4.54569
9.70781
9.05076
15.6051
0.724721
13.1689
5.04929
14.7376
11.3433
10.131
11.5834
8.13487
14.4315
15.4259
8.86819
15.835
0.950704
13.49
19.844
17.6726
3.5357
7.31919
6.50834
15.4477
19.3833
7.34248
9.35546
7.57543
7.27337
5.92392
4.26573
13.6577
9.24926
6.10502
8.06364
5.87867
7.12366
8.44667
17.7788
4.30033
12.1117
12.631
10.7446
7.03935
13.5589
8.71789
16.4287
13.3374
0.0942825
14.5451
11.0851
5.35482
19.5565
3.55619
15.8705
5.149
18.1231
8.91696
6.44632
11.0377
14.1643
9.04669
5.6892
8.5475
4.7026
6.0958
2.53191
18.3997
14.5284
2.12566
11.5317
6.98513
13.0424
9.91991
0.0102291
13.5801
16.4558
0.981562
12.5429
6.81021
9.94918
16.5786
19.9831
9.55575
12.4097
2.67382
15.4519
15.3703
10.0747
13.7722
1.08382
16.0819
4.05295
10.8603
17.0806
10.5948
12.3364
16.3486
17.0097
1.07565
5.49731
3.17869
15.8482
8.3629
3.68929
17.654
2.20267
15.9229
15.4919
15.7144
11.8132
0.932089
4.00363
10.9273
7.70349
6.46428
2.36238
4.5295
6.37362
15.4987
0.0403338
1.30281
15.8068
13.6912
2.2085
14.0852
9.84963
9.85849
13.6902
11.2855
4.06412
0.793712
15.7307
0.757845
17.2166
8.80724
8.14204
1.34784
6.11929
19.9648
13.7366
3.4031
4.851
5.47821
4.07313
19.7722
8.58764
5.99664
16.6576
11.63
4.13943
6.94524
18.6338
8.88194
2.03311
6.42073
19.813
6.57022
17.1508
2.81913
3.48661
14.3126
6.65475
19.9603
9.99693
11.553
0.266254
4.62804
4.17893
12.2717
4.26152
8.72137
17.065
11.8302
15.0087
19.4039
11.6855
3.741
4.98608
3.68386
7.0151
14.7301
15.8169
5.62835
5.33083
19.7306
1.14119
15.5125
2.06996
0.314962
15.2346
2.37377
17.583
10.151
3.15936
11.2383
8.62403
17.9004
4.92164
9.41576
16.2226
7.80872
7.66715
1.18279
15.2284
6.92856
1.0907
1.67162
19.7695
2.17709
17.7711
11.698
12.3156
14.4908
1.3326
16.2958
14.5815
13.517
5.70846
10.1562
18.8474
0.547182
6.27385
3.91397
11.407
9.82116
16.1588
19.7586
4.04232
13.3064
18.2621
14.7272
5.14367
12.9515
17.73
6.66942
19.3893
4.0904
5.42677
9.90532
8.15552
2.86884
6.6327
15.297
1.71591
14.4371
6.1897
18.2439
2.19643
9.34861
5.80876
5.94654
17.0914
16.1878
12.5851
7.26002
3.14328
16.2004
7.82285
6.35785
5.56908
14.5941
8.92927
8.81793
11.2131
5.75783
11.4893
2.11343
13.308
14.8568
1.15024
5.4526
12.0141
10.2012
1.33425
2.00867
2.6388
5.00756
8.27063
19.6407
13.4631
7.63878
13.7223
0.397232
12.2843
17.7271
6.83881
13.7837
7.19991
2.09693
5.92882
19.908
7.95515
1.81552
4.32218
17.7104
15.9105
9.7292
2.403
15.3965
19.1671
0.0816608
2.77138
16.4603
14.6734
0.44796
10.2607
11.8302
12.8758
14.3569
10.2919
11.2864
19.8455
5.0715
14.5512
6.13508
3.89702
16.8165
17.5984
5.63466
6.10697
1.92574
1.02705
19.1731
12.1821
10.0085
12.4557
15.0545
2.3089
18.5725
3.3585
10.0404
0.661498
8.9382
19.6926
17.0939
5.62605
11.6968
6.11133
18.3958
15.2733
19.0907
13.9455
0.112827
11.0293
9.13992
8.6274
0.384403
8.40548
12.7567
7.60466
13.4578
2.3263
14.203
5.64085
13.0775
8.90824
3.10549
0.892464
13.9231
14.945
3.60322
14.7706
14.3506
14.1072
8.1984
7.14157
4.23003
18.0564
11.0774
7.3444
1.1867
12.0546
7.61356
3.99594
10.6131
7.91824
4.40913
14.8014
8.67878
5.97635
1.00939
17.2703
3.40674
18.0335
8.69477
11.1383
12.57
4.89887
7.30697
12.0442
8.22488
4.72071
0.521982
0.847999
19.6309
5.21849
10.6162
1.36561
11.5331
0.72359
2.30959
14.7554
10.0351
19.8102
19.1829
11.0664
6.77601
9.70599
0.301178
15.7042
0.168827
14.7079
8.36398
6.85326
9.34744
6.61589
5.71933
12.7456
19.3074
6.07997
2.58465
11.1338
2.56971
14.1109
7.15456
0.985321
3.65042
6.23007
12.0585
11.5704
10.7639
4.05374
18.0785
16.1569
19.3205
19.504
2.2944
5.08055
1.56333
14.1064
16.4298
2.51504
14.273
9.59366
19.8062
12.7553
3.57549
19.5198
7.6551
1.8883
6.00461
16.3729
5.44037
16.1608
6.7093
15.8946
12.3308
12.4244
17.78
10.9298
11.0268
18.8578
3.81586
18.6639
14.0807
1.52146
15.2348
12.8409
18.3417
15.8451
6.96715
12.022
12.23
11.0574
19.957
15.9782
10.1654
5.42579
13.683
6.61601
1.67041
11.9369
11.4135
13.6595
8.06389
0.714772
8.41903
19.9
5.41549
3.35843
4.76766
1.64259
7.26866
19.0885
15.9854
19.1785
12.9569
16.1717
11.629
17.1073
2.85022
15.5191
5.24039
0.0431316
17.9059
5.39669
11.0982
7.89382
14.5156
3.04811
17.7255
11.7112
4.62921
4.21973
2.83426
17.9365
9.41395
10.0267
6.81774
8.13806
17.3941
0.97324
7.41819
9.27682
11.7598
8.77928
16.8592
12.2695
18.0546
3.47942
3.81987
9.61746
9.05372
8.2019
2.22187
2.47051
4.1197
1.33155
18.7275
9.33434
6.10904
3.42968
1.06724
5.93853
15.4557
5.14138
5.36504
18.1712
9.71235
18.1266
18.8763
0.408501
7.44596
3.70654
19.3611
12.7613
8.19251
17.6819
6.10206
15.2206
4.29843
4.15188
12.7729
15.4267
8.3694
15.627
0.012418
13.4351
9.26938
16.1034
10.2651
11.3584
16.6559
16.2022
1.21558
16.6793
13.3258
1.9194
17.3098
12.4096
6.57513
7.45976
16.7626
0.526275
5.63665
5.35955
12.3138
11.7824
12.3534
13.9704
5.14393
10.6686
0.745233
10.7174
11.4028
19.58
5.47983
2.79089
14.4478
5.99734
1.41314
9.49443
18.5034
9.90076
19.6597
