15.7919
5.1971
19.8093
9.49355
14.0845
19.593
17.4836
18.4006
6.48465
13.9541
13.8444
9.6046
14.7983
5.88303
1.76989
7.6314
2.44145
7.79738
19.6915
4.62493
7.2083
4.56219
17.9228
7.07917
8.98407
2.0846
13.7365
7.90502
8.93268
6.62749
2.23363
8.22282
4.35776
6.48326
19.8831
6.6691
16.4044
16.9885
7.86916
14.0621
5.0289
15.1657
6.82996
5.79359
7.65256
7.19417
7.43825
13.6299
16.1374
1.76419
2.37475
9.70601
1.74572
19.1625
11.7664
17.4695
12.2347
16.8977
4.7312
14.7813
19.425
13.3217
1.62175
17.4219
0.477178
11.949
13.6658
5.75075
8.27475
8.1484
16.3922
7.69552
17.5608
11.8356
15.1747
13.8086
5.18153
16.9005
4.69418
15.3423
13.6017
6.79285
18.3024
7.27484
16.1701
13.6331
7.88282
8.64931
1.13871
2.65861
8.54053
8.4881
17.9721
7.49334
4.59201
9.35012
5.05452
6.92232
5.19864
0.749052
7.16283
0.298479
4.51171
7.51203
15.6042
7.67912
3.20208
10.6507
12.5609
14.1107
4.65276
14.4889
5.35676
13.9043
10.9113
6.68362
14.0401
7.5211
12.0636
5.61145
10.8655
18.3797
5.61241
8.48229
15.2683
16.8153
1.88199
14.9127
5.57227
18.867
14.0741
13.2904
14.6814
11.2473
16.6154
2.63658
11.8493
14.8126
0.274709
1.98644
8.52471
16.9933
14.5748
6.43557
8.79645
12.5769
10.4838
0.130976
15.5677
14.5413
1.3559
12.1373
3.62024
13.5149
17.218
2.93022
2.04512
12.6656
2.28157
6.07237
8.35388
12.8749
14.8314
12.6719
6.20048
12.0619
1.65513
15.7978
11.965
10.0801
10.9238
11.4361
17.4293
8.86567
9.85466
11.4871
0.575749
8.54556
19.1899
2.03564
10.9966
10.4965
8.08357
5.07094
8.93845
16.1562
16.7125
5.80185
3.93886
11.9205
10.2996
11.0612
13.6942
13.4062
8.20217
15.5088
8.37817
13.2244
19.3786
12.8217
7.71132
19.8884
4.979
7.93349
2.16598
11.6429
13.2978
4.15323
1.82617
11.5195
16.8759
11.2568
10.5794
3.82963
8.25504
9.64766
3.14472
5.70334
10.5601
4.72237
15.9566
15.2992
5.5972
4.5008
19.8479
9.71642
7.82367
5.11239
5.42078
5.67519
13.0655
15.4678
8.40792
15.8695
4.58039
0.461268
0.653049
2.50739
1.81361
10.4659
7.84568
18.0915
13.1443
1.35316
6.83126
17.9641
3.11576
15.3279
4.52708
13.7496
17.4611
16.0063
9.74099
5.39572
4.1915
16.5161
4.28071
15.7766
5.81878
15.6098
5.30086
10.2636
3.5284
1.35454
15.6578
5.94049
8.11916
0.434841
16.5121
7.5329
2.19897
5.02486
3.34068
3.58384
6.36316
0.568571
4.26101
7.74566
5.27638
7.34013
12.4313
5.23055
12.047
18.8283
19.9822
2.22785
16.425
4.44118
4.38949
8.3581
10.0189
9.50353
11.7169
19.5453
11.7392
13.3547
17.7154
16.733
11.0073
13.3272
9.15572
13.8439
18.5877
15.1065
0.533599
14.95
2.12856
12.302
2.6497
14.8712
3.49674
8.57578
13.7628
3.82356
8.49409
17.0647
13.0764
18.1873
16.5832
6.52144
17.959
17.1801
16.5747
9.13795
13.3106
6.84973
9.20468
16.6704
10.8377
2.5857
3.41552
12.3172
4.0437
0.508253
6.00394
2.37534
6.93183
10.5383
1.33076
1.28496
4.81099
8.59511
12.0273
8.74009
2.10061
2.05498
15.9547
12.9671
13.3657
0.249825
3.4944
4.1351
5.60889
8.86003
0.962528
2.63294
14.0091
6.13955
2.97064
18.1562
10.1731
9.21571
2.39829
13.0618
4.25943
11.7811
2.72754
2.71617
0.300455
6.29241
13.572
16.3792
17.9677
3.21537
5.36607
14.1208
9.75959
0.32288
6.67754
3.78735
1.56003
9.53747
9.83022
11.7812
12.5872
1.57065
1.67416
7.21435
0.216388
14.9335
14.4422
11.2041
15.2933
2.32866
17.4129
19.3229
14.9406
19.4382
0.0902005
6.24351
5.22037
19.7333
13.1506
2.70084
18.3361
17.2513
0.0686444
5.00032
6.54952
18.2026
14.7311
14.5524
17.2637
19.9732
1.85986
1.82506
7.73755
1.71762
11.2049
2.58708
13.597
5.42901
10.9743
15.4447
13.7413
9.03725
12.0897
9.40887
0.015393
8.69957
0.467816
1.02108
1.90805
4.32109
19.318
5.9715
5.56931
15.9163
11.8283
10.0139
18.9735
14.006
9.52431
0.564737
12.9668
13.4051
11.9055
7.22274
3.68019
9.65743
0.564617
2.32396
5.09105
16.0624
12.093
3.14765
19.0322
19.3733
15.6811
12.9709
13.8163
15.5048
15.2229
15.9439
10.0616
3.29237
12.3545
14.8465
8.10085
19.0612
18.4883
7.15217
14.8844
5.42866
8.49543
10.6357
8.14793
0.536568
0.391428
14.759
2.27119
13.0401
2.77938
3.29114
2.62313
17.3146
17.7601
16.8977
9.98362
4.39505
17.8098
17.5919
4.28951
18.3543
13.9634
17.6008
12.3973
19.1472
13.686
14.8725
