19.7624
10.8264
3.71019
17.125
10.2982
9.37057
5.80458
12.263
16.6556
5.0795
5.0598
13.1121
6.35546
12.8217
0.75689
7.72378
12.4415
17.2901
13.1415
2.9475
9.46907
8.26053
14.0868
1.91119
18.3596
3.9881
8.76411
11.1087
13.5695
5.70498
5.96449
16.0938
1.24278
3.56543
0.240045
2.60095
11.9845
1.09313
11.7478
14.4758
6.07239
4.10996
17.2405
11.7345
0.495143
15.1707
10.8551
10.441
3.73946
2.28394
1.44521
17.817
0.7409
7.26066
1.16028
17.0393
9.61146
9.68352
17.2978
1.26075
12.5545
3.2162
7.58131
5.32041
4.78987
3.37034
2.64291
9.54533
14.782
7.22157
16.9922
14.1174
4.90312
14.1156
19.7001
15.3114
5.41832
14.9062
1.77493
2.87977
18.0272
10.8762
14.7147
8.67594
16.2856
11.6637
1.2884
9.37869
18.2227
11.0124
5.57958
7.14092
1.96215
19.0975
15.0734
4.99899
11.8565
2.95312
0.458552
4.00944
7.78942
8.26818
17.5017
17.2955
16.8795
16.0728
3.91737
18.8628
4.47122
5.69189
17.7788
12.1839
11.1446
19.3027
11.1818
16.904
12.0265
0.0458829
14.4418
6.47349
15.3857
14.9736
3.32841
16.8236
11.0771
8.16377
1.58682
16.2402
7.60134
6.93404
3.95365
12.075
2.26141
4.16442
17.2862
2.54129
0.000586393
13.514
16.6122
5.75091
18.3414
15.5213
14.4291
10.8531
14.4409
7.67394
19.3912
0.551373
2.53455
1.89094
4.38474
19.3413
8.28404
7.33304
18.5502
9.752
18.5616
4.03927
4.69873
16.6213
15.5087
6.48104
13.1964
16.7223
13.614
8.87435
16.02
6.84745
13.1
2.35543
7.28597
14.8269
7.95518
1.1892
9.14651
9.3377
0.413494
16.92
3.86094
13.4225
15.2326
3.10483
2.01331
6.98885
7.54755
14.3402
6.83785
5.1223
17.0704
0.74733
10.9089
11.9913
6.16569
17.1099
10.9367
8.48284
11.0409
18.259
1.961
3.09987
14.48
12.6506
12.9068
12.0758
4.69527
8.6573
15.3856
5.96751
14.6422
0.825633
3.89506
1.18179
13.7229
19.4855
15.4418
14.1826
4.25399
3.8194
10.0451
1.68592
5.41572
3.9324
15.1649
5.87056
16.76
19.1718
11.7989
19.2438
3.71299
4.8961
12.6096
19.1937
11.236
4.92822
15.7027
10.511
5.8877
16.7089
16.4728
7.75145
10.9875
14.0701
11.9131
11.3382
12.8468
13.7592
5.40905
8.96929
8.31047
8.94096
6.46946
0.311226
13.3857
10.5486
9.96164
16.6669
19.7585
12.1426
14.7068
9.20776
12.7902
18.0811
16.1776
3.36226
4.47915
4.43977
3.55535
12.5796
17.9644
13.5359
13.5816
7.24995
17.4985
14.4689
16.265
7.6835
9.02715
18.5673
4.34109
8.10277
9.72124
12.3041
7.20955
9.05603
8.02771
18.4144
10.6897
19.4232
1.00359
19.6935
10.9584
12.2693
0.413679
6.98046
5.55657
3.2903
19.2761
11.7997
14.7043
9.12638
1.00326
18.2009
3.66013
2.77248
16.3334
18.0034
8.35562
7.55995
18.6015
17.6908
15.8282
7.08147
4.50843
18.93
5.70994
10.1366
15.613
12.3288
5.18856
5.10306
18.9818
17.6019
0.0660571
16.2087
12.3831
8.52082
13.1958
9.96162
8.86465
8.7706
14.2181
18.5612
7.22617
1.80432
5.30759
6.48958
5.02908
12.978
3.04185
6.37702
7.06041
6.4247
18.2319
19.0466
11.9251
0.727158
6.51089
16.4755
2.42551
3.24323
2.87431
12.2998
11.9643
3.54898
5.9678
15.3511
1.3534
15.7013
5.63339
0.715588
5.24706
18.5822
14.0771
12.6048
3.96496
16.6137
0.053735
6.97422
18.7835
15.8382
2.67405
12.2404
13.6686
9.97828
19.3281
8.52716
16.0849
4.44714
13.6885
14.6761
11.5166
5.43095
9.76836
2.32417
18.4121
18.4179
12.1425
6.15288
1.92151
18.6203
15.5037
11.6996
0.89921
13.6995
18.5902
8.20673
3.06874
7.37621
12.7517
5.63189
5.21994
0.111514
19.7915
13.5484
16.7874
11.2132
18.2596
10.8754
8.51279
16.6323
17.2653
19.1515
2.84726
6.03431
10.6746
17.3268
1.51045
8.90477
10.9565
19.5526
17.2611
15.5334
12.3957
19.4353
9.52259
4.40954
3.95923
0.333358
19.1835
15.8733
8.40922
1.25519
17.8247
4.35986
5.06847
4.33621
7.54791
7.62645
0.565139
3.1022
0.919919
14.5134
6.63517
4.31176
14.876
1.49761
0.113345
7.09128
19.2649
10.3481
6.73477
14.8513
7.62173
0.627186
14.3909
14.8255
7.62076
2.70134
8.93914
15.2126
4.96727
19.1178
12.5992
3.43415
6.36895
18.673
12.6281
17.3179
5.53392
14.7822
17.3005
18.6656
15.4906
5.94518
12.9166
18.7953
6.35871
3.38168
15.821
6.50774
11.4833
12.0491
12.9741
3.39895
5.15566
15.7464
9.78882
3.56514
19.6794
4.81985
10.5208
5.03898
4.9775
13.0226
0.0788864
7.50575
11.9312
7.38097
12.7912
6.06296
5.94598
13.1885
1.52671
7.8723
8.41315
1.0115
8.34577
0.86476
19.384
8.42399
16.8486
16.5883
13.6196
10.4214
18.2332
15.3243
3.53412
16.9186
7.39584
11.7383
7.97912
12.9492
5.61842
19.5706
5.53909
10.1502
9.99396
0.253188
16.225
10.2781
9.10398
16.159
0.465025
7.78081
8.27546
12.7159
6.80718
8.09572
12.4896
6.65596
6.20384
18.0827
3.71019
0.975595
0.821009
6.79893
14.503
18.375
5.21822
13.0868
18.314
18.9258
10.9916
1.48779
17.4812
1.91922
18.6448
10.7892
13.6094
3.1646
7.22418
10.3106
14.3077
5.53011
13.8205
1.83697
8.21
19.9173
1.20807
0.928269
14.1022
16.107
1.88477
1.57514
18.342
8.67041
14.3673
15.8131
19.2266
13.7318
6.54123
6.48456
4.4504
17.0153
6.47906
12.7753
13.9615
19.5093
9.06052
13.7272
8.25804
6.73861
13.2242
13.7423
13.9533
12.5507
8.31343
7.04234
6.81589
17.6976
8.17387
18.6728
12.2032
1.68728
12.1914
0.704771
4.66625
1.63922
4.50441
10.6393
14.5355
6.3843
0.592004
19.431
16.3979
2.63325
10.8874
11.2567
19.8893
11.4951
10.8858
13.4351
18.3961
13.0527
19.1195
6.22744
11.8324
2.6814
9.75127
15.3078
5.07404
4.11015
12.5103
13.0071
12.7945
4.09638
14.5023
6.76627
0.461326
6.67455
12.4831
0.447714
15.8498
9.37923
12.1094
16.5171
4.73741
17.352
16.4784
12.4202
14.8557
3.28519
15.4458
17.5202
0.0716399
7.22471
5.83272
15.9695
19.8014
0.955232
14.9282
11.5124
4.78005
8.77292
16.6023
0.757095
14.286
9.29495
15.5996
7.06362
18.191
18.1888
12.3727
7.69895
12.4422
5.02516
11.1344
15.746
11.8749
9.40469
17.2569
9.72911
11.233
14.1093
1.75332
9.25878
16.6282
4.62419
1.52321
13.471
11.473
19.9235
17.5684
18.5801
2.24194
18.0418
17.9851
14.4471
5.17804
3.24564
6.07051
2.72696
13.2077
1.64894
6.31328
12.673
3.43983
12.9648
16.7891
13.1756
8.5708
4.23988
3.46058
14.8949
5.26377
0.274774
1.49926
0.740376
13.0196
15.6029
17.001
17.2156
14.454
4.30679
6.85853
17.0698
10.7718
1.96328
1.31639
0.368235
12.6587
6.44394
0.764231
16.9646
15.2325
0.0105851
4.95875
14.4038
10.8552
18.3097
4.91257
4.19592
14.7492
6.38988
2.18648
9.78045
1.91621
13.0943
1.39494
0.464831
17.3295
4.32812
18.1574
16.465
7.31753
3.34478
18.979
2.85921
10.8316
7.20692
12.1277
3.55317
15.7433
15.0858
16.408
17.4906
0.151966
10.6156
12.0719
2.12099
9.02415
18.0263
18.881
16.669
7.24914
4.4216
17.8967
0.328153
8.98164
13.5949
6.74891
13.1564
2.701
9.47304
17.3004
6.56571
9.774
0.687897
1.01329
13.029
4.06676
11.2513
11.3696
16.7717
11.8354
5.87132
9.63709
12.7319
7.42235
10.2282
2.80993
18.8362
11.5571
3.12361
4.44668
11.938
5.46856
14.3665
8.58131
5.55162
2.6146
8.0512
10.2852
6.98279
8.02032
12.5432
9.0731
0.837934
19.277
3.1747
1.323
6.15605
5.01207
1.23538
15.8912
5.31721
15.3214
11.6725
17.2242
15.4632
16.6726
13.5521
17.9793
6.21483
10.9189
7.9007
3.10133
1.93646
4.97014
19.4635
3.38529
17.0313
16.4708
16.6294
9.61409
12.3948
13.6214
11.0786
6.61412
14.156
13.8911
3.55821
2.82304
4.52243
15.0873
8.89524
10.8538
0.0684143
5.44704
14.7516
8.27958
0.805711
2.61552
14.7055
6.61339
6.66212
2.76987
2.91981
15.7316
3.79305
12.8055
6.12098
15.9119
19.4847
7.61752
9.21327
19.6642
4.85903
4.10141
17.3594
7.16043
8.11428
19.4022
19.4727
12.0253
6.55574
19.1587
13.4441
3.27461
17.3643
5.19367
2.45019
2.46936
8.59184
18.6641
18.7829
11.8081
9.69058
6.77203
0.947313
12.1511
13.2139
5.48786
4.85415
19.4383
9.90007
6.20582
6.38961
19.7319
7.64748
4.03835
5.84615
4.68451
15.2468
15.8723
15.8181
15.4578
6.17265
2.54705
2.04155
14.1534
18.6891
6.845
17.29
15.4664
8.53544
15.3002
16.296
19.733
10.5037
7.26659
7.01893
12.9794
3.51812
4.46218
14.0828
7.87612
6.3977
6.63365
12.149
8.73839
19.5307
5.64386
4.81999
6.64862
0.0110866
13.5446
4.42259
1.25376
10.6405
13.4203
16.2842
19.2764
10.4852
8.74263
13.5093
13.9482
15.8804
3.32299
13.1621
2.51504
16.7883
17.556
17.7128
7.60296
17.9132
17.8277
18.3287
3.42391
8.46029
19.4739
7.00757
6.24507
9.19481
5.1394
1.59105
17.3932
15.0253
16.0893
0.589794
1.35904
8.49952
13.152
16.3366
16.8626
3.89494
10.8643
18.4869
0.548222
5.69323
19.6326
14.5026
1.36961
3.98643
6.33372
9.45998
1.31622
5.05532
17.6555
2.10381
18.7575
2.17709
1.94174
7.91922
9.62858
13.7398
2.24689
11.2369
9.4388
19.0822
10.6097
9.47654
4.99966
10.9726
14.9995
13.6856
8.10976
16.9418
3.46058
2.73618
19.9148
8.48121
10.3738
19.1838
16.2981
6.12708
15.3111
18.8407
8.0556
2.41433
7.19741
13.6019
12.2551
10.9805
13.3477
14.2841
19.4756
19.6888
1.62668
15.4448
2.16441
13.9392
1.01863
16.7566
15.7376
9.48239
17.7073
9.2189
4.88889
11.8527
19.0251
3.11837
15.0993
16.8427
14.4643
17.8603
0.0563792
7.36443
9.3506
15.4971
18.837
10.9569
13.3504
16.0034
13.2131
13.3742
17.1558
7.91536
19.1261
2.49783
15.5058
19.4699
5.66474
17.5342
14.071
0.317261
18.2167
15.1524
6.82555
15.0932
8.49805
5.26068
9.77401
11.7392
14.2162
13.7932
5.46998
9.22246
9.49779
7.86127
12.9764
15.5394
2.47584
14.6341
6.66832
0.575923
12.1256
17.4074
14.4681
12.9218
6.52758
2.87713
14.3989
2.73062
11.315
12.2319
8.5628
12.031
4.49919
16.0543
15.8255
1.65627
15.5257
7.25229
19.5731
7.65232
17.546
15.397
8.628
11.1526
5.30531
10.3832
13.2602
1.50536
12.8192
14.5447
7.44357
19.1041
9.69102
15.4475
0.0508291
11.8885
17.5326
15.7225
2.19133
8.3827
17.3147
2.84701
17.2586
16.8302
12.0717
5.92387
12.6432
5.41851
5.89578
9.65586
7.8736
2.55267
14.026
11.3917
14.7648
9.99208
2.69771
17.5435
0.523735
0.184372
8.32967
2.77757
18.6301
15.694
3.12057
11.6056
1.3894
19.4357
15.3156
14.002
11.7371
8.73396
7.91067
12.8576
8.54446
12.4525
19.8834
6.23941
0.551773
16.1515
12.8603
18.674
9.96601
7.30084
8.61487
8.34716
9.36666
16.5489
18.3685
16.302
14.1432
6.63984
11.3673
1.10177
5.19358
7.74693
14.0613
2.6914
19.5514
2.13274
18.326
6.95837
16.1269
10.6464
16.8143
16.4099
16.2987
4.02305
13.6948
13.0976
0.328894
2.57179
13.5895
19.3048
0.786492
4.4561
8.12515
0.457207
2.89237
12.1765
3.71201
3.53414
1.51108
4.80874
6.28623
6.1663
16.3882
3.9348
10.2016
11.2908
5.18362
13.161
2.94212
0.631468
17.804
0.335723
8.41226
6.01199
5.0786
9.48314
11.0709
0.539774
0.254892
11.063
3.22125
12.3355
4.33711
8.3354
0.212536
8.30669
13.8848
1.25297
15.6417
12.3372
10.2479
7.53213
18.8341
10.2381
4.19883
1.58848
2.37218
12.6792
4.48542
18.9967
16.4147
15.7752
18.8414
14.1909
7.3227
13.906
0.892519
9.75211
12.7613
1.21949
3.77504
0.369564
13.4081
1.53967
4.43682
11.0378
10.5694
3.74805
17.8903
3.32081
2.86777
13.0526
0.943567
5.71896
14.9293
17.4905
5.2848
6.45663
5.9097
8.02818
6.51313
4.19796
18.6515
12.0645
4.92369
9.45716
18.42
12.4609
10.2407
1.93594
11.7917
8.87655
5.40019
1.78764
13.0691
18.9133
6.41324
7.97071
1.28036
14.7268
4.50158
13.4487
2.75537
7.81849
16.4249
16.8842
0.872749
16.3671
2.43551
16.3342
3.46499
11.6972
19.2619
3.76646
5.77081
17.0998
5.96523
8.02354
14.5549
10.4163
9.13214
16.7013
6.7459
2.72403
8.99637
6.55848
7.52227
14.6601
10.6938
18.8065
4.15726
14.3763
15.9991
6.83693
9.0302
3.87475
18.741
8.07492
7.44712
18.5337
0.829858
0.203554
16.813
14.7062
6.75917
12.3856
7.8037
9.39752
9.72725
6.02726
3.73297
2.18522
14.4312
11.9321
16.8177
6.63228
14.132
10.6208
4.85846
17.3828
17.5832
11.2095
11.007
7.20176
1.00859
12.7086
2.90069
16.2123
12.2775
1.20052
9.96527
16.1184
14.1545
2.64743
10.864
6.26026
6.57163
18.8256
4.26582
11.9617
13.5699
9.12759
14.267
18.7852
2.21119
1.32863
14.5613
19.4049
3.35751
1.76978
17.0802
14.9335
12.0242
9.69901
19.1538
13.2643
10.6394
13.0348
4.43126
16.6373
3.75798
1.39745
14.2183
19.0761
15.4925
2.38043
9.35527
3.68687
19.7621
0.459745
9.74329
19.3739
7.33317
18.7324
7.76767
18.685
13.253
9.51878
0.189922
0.504689
4.3943
0.897406
1.14012
1.13015
16.35
16.7241
12.4889
17.9094
19.6013
8.77682
12.0701
12.4102
6.99983
2.09468
11.9564
3.24904
12.393
3.11479
15.2072
12.3135
15.5301
14.6369
6.31557
16.1927
14.9281
3.14229
14.8568
12.0911
13.6461
17.8982
1.58788
17.6739
13.834
2.82201
17.0993
9.82899
11.4456
8.31316
10.034
13.0623
5.97187
17.1681
16.1747
4.37255
18.7395
17.1251
4.36079
1.5898
12.1206
3.35778
17.8899
6.4166
13.9409
5.14273
10.0279
19.4941
0.708351
11.0444
18.7171
13.9313
6.53689
12.3915
7.17281
18.5532
7.37357
15.8718
0.249728
7.26655
1.65014
9.87169
0.488
14.5071
18.5788
13.8343
18.953
0.562713
1.64841
17.8051
19.9912
11.3692
8.00842
5.78859
5.93707
14.5701
5.7812
19.0416
1.38853
4.8112
16.8888
7.05236
6.0221
1.03425
16.5632
9.95541
18.2377
9.2059
3.0703
7.72674
9.82655
3.78476
9.69666
9.32874
6.53995
16.0042
2.31615
6.2185
17.7562
6.30302
13.1873
19.1541
13.9272
16.7541
1.35381
15.6582
7.32166
17.6515
0.195567
14.1772
2.82654
14.152
10.3655
2.91686
5.79401
10.3117
19.6142
5.90767
6.26914
18.4303
10.8754
2.36438
12.1968
7.58049
1.99007
10.6818
6.73184
0.603306
3.33559
6.68614
3.20381
2.14022
7.5267
2.71486
19.5519
3.15249
3.56754
12.0936
1.12425
4.64861
18.2858
4.18608
10.5918
6.61444
13.1245
14.1048
13.3311
17.783
14.8236
13.3862
3.09015
0.558882
4.80937
5.63627
3.12834
19.0869
0.114039
11.5982
3.92842
8.73401
16.171
19.9729
5.277
3.59127
10.3851
9.65859
8.40401
17.3559
4.74446
8.58763
17.5915
12.9223
16.0787
3.07012
14.5173
19.1658
19.6348
5.31593
10.5662
8.16791
13.1226
7.86577
2.24216
10.9642
19.6933
8.79182
2.11117
3.64779
19.2559
10.1485
3.26016
8.01043
18.3475
6.55735
14.7131
15.7178
5.16537
15.1831
4.70679
6.30642
12.8731
2.04318
10.5631
14.2425
7.09222
6.54756
14.3211
16.4106
18.4518
14.1577
1.77008
10.8777
0.671807
8.54355
7.29238
17.4143
19.5463
12.1733
2.98402
16.6744
4.40981
0.179221
15.6844
9.92745
7.36835
9.47204
13.6595
16.5769
13.4778
11.1274
10.4232
12.9878
4.89133
18.6278
4.38343
3.27258
2.34965
15.1333
19.9924
2.48111
7.27426
16.5407
14.532
18.1837
2.11206
1.06611
7.83251
7.95754
2.14137
3.93117
10.4725
3.1326
0.34029
9.78195
3.23942
14.9309
3.79424
16.3451
9.84318
4.94342
9.56574
8.08033
3.20192
10.0263
4.77764
14.4314
14.7405
4.96006
19.8218
18.2238
16.2628
1.98933
14.6271
8.72495
0.38373
14.3005
4.48673
19.4694
10.5905
8.66648
15.8352
6.97491
5.99208
12.3757
1.52895
17.7236
11.7442
10.9183
5.20633
16.5133
12.9921
4.36586
18.3252
16.1417
5.61535
9.16076
17.6182
16.7225
12.2917
13.2599
2.23767
19.6277
19.0948
11.8514
2.52646
13.651
14.7136
13.4017
16.5729
14.8313
8.14644
12.4958
18.5712
13.1537
0.326329
5.86037
13.5586
7.49733
10.4295
10.3171
0.278723
1.34375
11.4183
17.9992
14.1278
12.0329
12.911
15.3777
9.76621
3.86807
11.9454
13.945
17.9293
18.4399
0.836081
15.9974
19.4597
18.3695
13.575
10.864
10.2246
1.92322
15.513
15.1568
8.25436
16.5862
8.44431
3.44699
15.5643
9.99002
19.0611
1.4234
0.537386
5.12674
19.9268
9.6469
19.4949
1.56633
0.761082
18.6274
14.5947
9.78661
16.1083
17.2859
8.83488
17.5035
12.9491
2.95074
8.06505
19.2987
7.95609
14.4464
13.157
17.1712
12.9302
8.81982
0.321911
19.4492
8.7142
9.72632
13.8031
19.8701
1.22536
2.52134
7.78125
18.1184
7.75669
9.10767
12.0357
4.54187
1.64525
1.64227
10.2756
4.62429
2.11808
3.37117
4.35625
16.805
9.94323
0.618772
0.0494619
4.72113
16.8115
11.3579
13.22
10.5867
10.946
5.53094
10.7572
1.09294
8.69267
9.25156
11.5392
4.33177
2.68469
0.69943
1.51671
15.5043
11.3973
18.6057
17.2447
0.632815
14.4846
7.17556
1.93113
14.5424
4.5018
1.78108
0.0739847
18.8936
2.12402
3.95141
11.8202
10.6726
2.30113
4.34507
0.78198
16.7273
12.8559
12.8241
14.7794
2.42771
7.77772
4.3116
10.1459
13.5744
5.9823
18.4934
5.87761
13.4259
14.3899
13.7714
3.81844
3.96303
7.67052
3.08229
2.12858
13.4752
8.95203
16.9793
9.42655
11.481
13.3243
9.55434
11.4497
12.4893
18.9117
18.7645
17.4486
10.3383
7.48467
8.58809
11.5318
10.9706
15.4733
19.2291
4.43505
12.8763
18.3657
7.28072
17.3132
13.7391
16.0045
19.5437
18.4922
12.0726
11.5574
18.736
1.70554
15.0787
5.23473
14.2949
19.8776
1.29902
0.647913
1.17329
15.7251
13.3028
17.9873
11.9136
15.5994
16.5459
10.9041
16.2241
7.09445
19.0339
12.459
0.467605
2.9782
1.9253
11.8203
18.6231
7.63352
14.2689
12.6604
4.55338
9.95147
13.7412
5.58867
9.69614
16.798
3.4043
10.5357
6.02301
2.60668
9.76159
11.9055
10.6073
10.2564
19.6064
3.06325
4.27989
9.36798
18.4327
13.6041
17.7341
9.8405
5.52221
19.9756
9.78635
8.35809
0.930794
0.120991
0.255979
5.64347
10.0437
14.6264
8.12476
1.12892
14.8749
4.28165
14.9972
11.8075
7.00504
13.0466
17.5856
8.01983
4.47701
15.2398
8.75238
8.77704
18.0761
6.76837
6.86587
4.03244
1.222
4.33774
18.6838
13.4502
13.7092
19.5515
7.15732
11.5427
8.12115
7.53068
10.9997
8.85773
0.353291
16.1137
19.147
16.7163
14.1846
11.817
14.1607
5.30522
12.4256
16.0402
7.85076
8.36929
14.9527
9.96589
4.96812
8.19535
10.0741
9.26852
10.6851
7.54699
4.37636
12.3709
6.41056
9.56339
7.05351
16.6452
9.75472
18.0722
12.1031
16.6683
7.18041
0.923695
14.731
17.1613
15.2965
6.0006
10.4487
10.0025
0.670476
15.2396
11.5438
4.22364
19.8787
3.82888
4.26289
7.46248
3.74939
17.9566
4.18954
12.3813
1.71609
4.05333
2.41609
11.497
9.7553
0.506138
7.72356
7.11953
16.1791
15.56
18.6302
11.1872
0.911592
3.65219
14.3379
9.85416
8.85705
1.33483
4.2782
18.795
1.39397
6.14263
5.19694
15.4
4.60086
18.5651
16.9841
2.66192
15.9494
2.89725
9.35099
4.43056
13.6464
18.5193
18.8063
0.203007
4.46894
15.4211
6.05381
5.72238
8.86717
4.03148
11.1549
3.80639
9.77637
17.5357
9.26798
5.85261
2.38312
6.11443
14.8561
7.52866
3.86901
11.1866
0.623229
18.6412
8.86201
13.2851
13.8816
1.3042
7.3866
12.6196
16.0704
18.4712
7.65026
7.54675
4.91331
6.87542
8.76201
3.69648
12.564
10.8237
17.4535
10.2678
9.86821
16.4107
15.7017
9.52666
19.9159
5.35138
1.38831
18.3458
17.051
10.3415
8.8113
5.23288
15.1193
12.156
18.8613
0.144787
6.31194
2.55974
10.1797
1.92207
2.75749
10.519
18.4716
4.56648
19.4802
4.18801
13.4225
17.9547
0.467279
12.6743
18.2575
16.4501
18.5125
17.2142
13.0845
3.36984
2.90873
8.24298
1.8118
15.7575
4.81058
10.4962
8.46347
6.9965
12.4796
8.14082
19.5781
19.6213
11.5021
0.215897
13.7209
3.22907
1.41993
8.74742
11.2112
8.78194
6.24309
15.3144
18.6216
3.89313
17.5081
2.98809
3.45044
19.4886
17.2437
5.55215
7.40251
5.53431
15.8345
2.88144
2.57548
11.1681
2.79152
15.8943
10.2483
5.23373
14.3318
14.3474
12.8997
9.53845
10.8089
1.09637
12.3977
15.8032
17.4241
1.36364
12.1524
16.5633
6.50619
10.8037
15.2796
5.73498
1.14234
5.68112
10.5369
14.8344
3.27148
2.78386
2.46429
0.324071
18.5947
10.6668
17.5779
3.94377
7.39346
3.71278
7.82978
15.8106
2.46637
17.0417
13.2328
12.0128
10.4338
11.9541
9.48531
1.07276
19.3935
5.01729
2.66587
3.95528
3.97616
9.05442
11.7352
3.11794
18.3999
9.56779
2.26219
12.1615
6.82239
19.7375
8.72555
6.16626
8.8509
12.5783
11.0081
5.0205
15.3621
11.6494
19.604
13.2897
9.33557
5.93573
0.9445
17.3269
15.5825
8.70027
19.5767
16.4685
11.7227
14.7714
7.14108
11.3939
10.8499
0.465246
19.6077
5.10666
11.2373
6.67732
14.5331
19.7124
19.3474
3.74307
17.0523
4.37272
14.2808
4.36647
14.2158
6.91368
5.44292
13.5763
6.31701
13.0547
15.8666
0.558182
4.44499
19.1054
12.6113
0.5508
1.31842
17.1152
7.7241
12.1845
6.6495
11.9893
12.5549
17.3025
11.2473
14.8965
19.7466
14.2312
2.93789
19.5937
7.14138
1.56082
12.6429
18.4679
8.03996
2.95144
5.80487
6.07162
13.428
15.1113
10.3654
15.2186
17.3199
0.996659
14.8433
3.93767
15.8165
1.18268
11.016
19.2835
5.76716
19.1895
1.73688
19.9868
5.96795
11.26
13.8772
19.6816
8.39692
5.95127
7.32191
5.99288
5.55421
15.4241
17.387
5.07323
12.4776
1.12234
4.6133
6.1063
13.6175
15.179
0.241025
4.45508
10.3793
12.4967
9.18479
9.09905
17.9006
7.1589
15.6642
1.02472
17.853
1.04946
1.64107
8.93286
6.72531
13.2806
9.98406
16.8322
9.91415
10.3008
4.70809
18.8151
17.7522
0.296348
12.1041
16.1066
16.5354
13.2152
18.4988
10.1429
4.2876
10.7492
19.2384
10.1269
9.00896
9.87612
6.71248
3.58124
14.4435
18.699
4.17676
7.05898
6.73769
7.74661
0.33441
18.6322
14.3472
19.4033
11.6815
14.9096
7.57744
15.824
14.0674
10.2768
15.1216
11.9254
19.0277
17.9496
17.9674
3.23259
4.6725
12.272
0.652262
4.92976
13.2155
10.6126
9.11582
0.685875
11.2317
13.114
15.2374
8.69125
2.68363
10.6755
12.9781
12.648
19.4117
7.6216
17.1699
16.5034
4.36974
8.57493
6.39552
0.486717
19.5387
9.63286
8.89359
12.3925
16.1771
0.355564
14.7006
18.8624
11.1386
9.29814
7.73969
18.8518
0.536205
7.92639
13.546
12.2208
14.5017
7.09405
15.9756
19.1884
11.2788
19.8064
11.5502
15.3282
3.79336
14.1335
0.488331
12.2874
1.73713
2.62399
1.59112
8.74729
19.1744
9.61805
8.17407
15.1989
9.3522
19.4803
12.5118
6.31834
15.7875
7.03966
2.70097
7.34809
10.9875
7.07493
2.66437
8.70923
4.94993
11.0602
16.0058
9.81302
15.7925
19.2826
14.0414
19.1735
3.94014
11.0602
15.4203
13.0685
0.867426
9.16686
1.22384
12.9647
7.61534
15.9764
0.455258
5.02372
16.7387
1.94331
15.5236
19.2493
3.85913
14.71
17.4638
16.9714
19.1158
8.09359
2.64739
12.1895
2.13155
8.26777
8.6932
7.95136
15.8529
19.6768
4.46378
15.4281
5.21997
15.5357
17.7391
2.11288
10.959
18.8941
16.4011
13.9227
10.1996
17.7993
5.25228
4.35157
16.7079
6.27723
9.43973
14.663
15.2907
17.3258
2.97684
11.3938
15.0595
16.3493
18.0629
10.7387
12.6857
9.42766
19.2206
1.18866
19.6936
13.971
13.086
5.3615
7.59796
1.03574
3.20928
2.99393
11.7878
4.62439
17.1592
3.5105
11.3391
16.9325
7.40596
13.5722
15.7246
12.4702
6.09228
10.7525
11.4738
11.4585
6.94756
2.29492
9.17854
4.52424
15.6676
0.195879
1.85538
3.55258
13.478
19.357
13.9582
5.7345
16.6136
4.67712
19.1603
0.453279
8.17155
10.1461
1.99129
16.9571
4.74976
18.0363
10.8191
10.4847
17.9954
18.0634
9.15155
15.8472
12.3406
4.58789
12.0015
19.9728
5.34995
18.9372
14.0828
14.9156
7.60492
18.3649
15.7164
9.19278
6.19731
8.62206
11.9557
7.63592
18.1875
18.9248
11.765
10.8031
12.6198
12.7046
16.1514
2.94353
19.5265
4.15074
0.894379
9.71962
12.1127
3.13846
15.15
6.28334
0.996164
3.36055
7.30169
1.67217
10.2166
0.584708
10.2214
5.07443
6.20677
11.5127
0.786073
15.2005
0.979742
16.5189
15.751
18.4783
14.5399
11.6369
10.9027
9.29416
19.5487
4.46989
18.8077
1.96705
7.12929
7.94252
9.87237
6.96689
10.9135
17.6762
10.6376
9.87294
10.0474
15.3022
12.775
8.93726
8.11668
9.36959
13.8209
18.4304
16.9275
10.3109
4.43228
5.26157
15.2891
8.57226
14.9418
15.9732
10.4456
3.9182
1.18318
0.628829
18.5928
8.61401
4.86587
9.14875
8.70887
5.69112
16.1175
11.1297
0.06336
15.9264
15.3984
5.74859
13.1576
10.5801
6.54139
3.92992
0.21468
1.89651
14.0414
13.6922
5.06571
10.9697
13.336
3.24311
3.75984
3.22758
3.66585
7.05169
5.60325
14.5544
11.8516
0.32415
14.2268
2.50045
11.9778
17.5318
17.6164
0.614978
14.5088
14.611
14.3066
12.2346
6.81261
6.49619
11.4648
18.2867
11.9239
16.4468
0.902428
9.13558
0.491066
3.67994
4.21178
8.94777
7.34666
14.5998
2.41932
8.08549
17.4477
19.0923
9.30566
10.3245
9.44596
0.901519
4.54135
16.8439
7.91317
11.6304
19.3363
6.55989
9.24225
17.9605
12.962
17.2888
0.629759
0.644913
6.14296
15.2938
6.62251
3.82067
14.5048
15.5136
6.83004
7.57193
17.5502
4.72338
14.6852
6.93537
12.4223
7.3096
9.67794
3.80675
14.5852
15.3371
3.6028
18.402
1.79114
9.3237
2.89395
6.01556
11.2267
14.0668
10.8436
14.8724
10.0817
19.0639
18.7388
6.97148
1.09122
14.5842
8.65176
12.9934
17.9833
9.70793
2.95209
18.2584
3.1159
15.218
19.7926
2.84489
8.52885
2.46757
4.48997
0.270275
15.5894
1.74915
8.03475
7.10486
16.7277
0.683911
14.5597
0.737398
3.69172
12.4437
7.88753
1.68499
3.20921
3.96371
3.86051
13.6843
4.6873
13.4228
5.16786
6.93523
11.0669
1.12847
19.8638
8.46398
15.6066
5.17367
12.3769
5.01595
15.3805
15.3547
18.0047
4.20527
11.737
14.2752
7.5818
3.94595
10.998
15.3118
15.287
0.236247
7.90866
1.87661
5.98172
15.6583
11.7383
12.5841
13.3314
18.4916
18.5205
2.0588
14.9378
2.15505
12.1076
9.51205
11.6278
7.49459
0.71135
15.1781
10.4041
16.4419
13.3825
2.24302
15.4934
3.18733
8.13743
19.6142
8.49057
8.47214
3.60465
5.47166
4.16009
17.2894
1.85985
4.74762
8.82686
11.6084
15.7238
15.1535
4.60906
6.98851
1.06076
1.06368
19.8537
5.67377
4.00886
18.6136
14.3923
3.24725
0.467191
17.4899
1.45143
6.17309
19.6898
17.2118
0.269755
16.1415
18.9452
1.66937
3.08884
10.3444
7.35871
3.11094
11.1883
12.6265
19.4535
16.0311
0.890402
16.6916
19.7258
4.02441
0.279433
17.7124
5.636
12.7531
0.712037
9.62025
7.50674
4.5914
7.50514
17.7257
11.4237
19.8575
10.2075
8.35378
18.6743
6.00455
17.2325
17.9411
5.67819
7.10078
7.63237
5.39245
3.0601
17.7622
17.2473
9.94977
4.51695
12.0568
17.2888
10.2184
14.4129
16.3047
10.4782
14.4888
5.43998
19.828
3.44186
1.28033
5.95027
4.29492
9.78598
19.624
12.6728
13.0727
1.869
1.98401
4.63853
13.0896
17.5095
8.37619
15.1278
16.8168
6.51799
9.82776
11.5896
9.77823
8.83085
1.27855
9.798
3.50581
7.07907
0.920913
12.763
13.5201
5.5322
12.4813
3.83574
13.6029
15.1627
10.3245
1.48039
13.7178
2.52646
1.78436
6.0535
12.1653
9.70243
13.2051
1.65418
1.97409
0.156478
6.5697
12.0791
6.60761
3.47654
0.664046
2.73633
16.9208
8.65186
1.50056
3.2944
13.9328
6.80487
16.0934
19.9769
18.5032
7.52633
6.00485
6.15709
2.16799
13.1356
13.6496
14.2793
9.62328
6.54086
10.8808
14.1878
8.49703
2.46761
13.2339
4.64387
3.99451
8.83921
4.06234
19.6953
11.5917
4.66905
13.647
1.2208
18.0564
7.94767
19.3862
3.85437
18.4389
14.275
5.32937
2.44286
1.67322
5.60821
9.11333
17.5643
1.11359
17.8238
17.4827
15.4914
6.49885
17.6825
7.98199
18.1446
3.00261
4.87587
8.57755
19.3802
18.1562
11.7122
14.458
9.02292
0.00525143
9.64646
9.69694
14.4661
3.43918
6.83182
5.82843
17.2846
3.23372
11.7081
8.95957
0.93399
12.7753
4.09439
16.469
5.02491
15.4479
19.3126
8.30995
18.445
1.04411
16.7611
2.10627
6.86849
18.029
18.596
16.8246
7.77605
4.67122
6.15017
16.822
12.5728
11.7465
0.0675828
8.69766
9.8752
10.8557
13.4944
2.23316
2.5988
4.03952
12.3555
18.2783
9.72616
14.8349
6.2392
