18.7748
12.1486
18.207
9.54894
3.7017
5.45893
18.8781
14.5594
14.5799
5.06843
17.7909
0.34919
18.4188
0.186699
14.8986
12.928
16.6796
13.424
15.0825
12.2844
3.13836
1.53304
2.0854
11.4647
4.58375
9.39949
19.5406
14.2173
18.7513
12.4764
8.71676
1.84651
3.49529
19.1354
4.63142
11.6434
2.94334
18.2526
18.4821
5.01044
7.65154
7.04232
12.0508
9.07575
13.6816
4.73236
19.7936
11.5863
10.5872
14.1046
6.42693
5.13247
18.5718
8.40725
16.6325
7.42995
9.1706
5.9266
3.98341
12.2071
8.8148
9.23737
8.72753
13.8443
13.7809
1.13468
9.74707
6.458
11.7917
4.4873
4.30652
8.893
5.5001
15.4274
10.1336
15.8231
3.22602
8.2544
7.07546
17.2685
19.0201
16.5393
4.72679
5.93019
15.4979
2.93028
11.4744
15.2421
18.8955
8.31667
19.2837
15.7936
16.2128
19.3042
9.89515
8.67854
14.5194
0.864685
10.9415
8.65592
19.4902
10.8898
13.9544
15.1837
11.5826
12.8333
18.1721
19.6319
18.0279
9.04341
0.0497891
4.8328
13.9205
13.1552
7.53214
11.4666
16.6293
13.8874
15.7676
10.9425
17.8871
9.65113
3.99044
7.85801
7.28245
4.302
15.314
16.7389
9.73287
4.29561
14.6725
17.4804
3.81639
10.5104
13.7397
7.17689
4.33028
7.47348
11.9669
19.8337
15.6354
14.7942
14.1153
2.39319
8.45928
18.9528
17.5829
13.1686
7.48257
0.601398
12.9103
17.0144
8.57015
15.6862
10.8434
6.73655
12.3797
7.5653
16.779
14.869
10.6133
11.7908
15.2101
11.4565
0.987528
17.0195
12.7774
19.3932
14.078
7.80085
13.8896
1.52593
2.94058
11.1974
6.76149
15.5398
12.6579
19.8437
2.70803
4.46061
0.269012
8.40066
13.6422
10.3804
17.9927
8.10861
1.05298
6.88942
2.30509
1.74114
0.0977971
19.3415
3.38599
2.34164
4.14973
10.7982
2.26159
2.73066
6.72613
11.683
9.17034
2.79548
7.16916
12.9605
5.72925
11.7591
5.83779
2.78956
12.3507
11.8896
10.9219
13.5426
18.2755
6.01421
1.47115
8.6265
16.1689
14.302
4.38507
10.6996
8.4656
17.6777
11.815
8.54541
12.6248
12.9708
19.3502
8.84569
0.0446461
14.9198
9.569
5.43571
19.3027
10.5557
3.64486
7.56613
2.09276
14.6115
10.733
18.7171
13.5692
18.3017
15.276
10.0306
19.8795
14.0395
19.7046
11.6178
19.9122
7.95518
16.1042
12.4176
0.949808
15.3769
5.17254
0.614068
8.18146
14.9605
13.0584
0.0991578
0.329974
19.4197
2.97788
2.88144
8.92089
16.4946
3.95708
11.0733
12.8975
9.56516
9.25037
12.4662
0.951374
6.35072
3.92132
8.99979
3.16638
10.684
18.711
18.1067
5.01613
12.4347
1.33246
6.45973
13.1488
1.92988
16.1437
7.75644
17.3073
15.5645
5.92482
15.2113
6.75575
19.5832
1.15956
9.82806
6.07791
7.33383
8.28678
5.81076
15.335
3.55112
15.5424
3.92349
0.68748
18.8592
0.684756
6.01438
8.51217
14.0603
16.3353
8.71557
7.3384
18.1582
1.54404
16.9605
18.2675
12.048
13.3906
18.6072
8.03574
10.3806
1.61113
15.5963
15.3411
0.381915
18.7824
4.01868
1.15505
10.2923
1.10068
3.97399
5.87597
10.155
7.68275
9.36978
0.975153
3.57984
11.0697
6.76292
11.3407
13.5291
17.6691
7.20297
5.91591
12.8558
15.4618
0.693259
1.99777
5.56232
18.0003
3.25534
1.09575
3.35931
1.52657
4.3919
1.24089
9.70235
3.40098
8.39783
6.55879
10.38
2.14039
9.63033
12.7533
6.50763
4.53352
5.49866
2.27387
13.2152
11.5063
14.3772
16.4714
14.9517
5.24424
4.69441
5.1547
4.81894
5.27775
0.00919152
17.9588
6.40357
9.03265
11.9117
12.1817
3.92136
3.0432
3.2866
11.7549
17.5191
2.8744
4.88384
4.72953
1.10119
19.5336
11.6353
8.38816
6.29435
12.007
14.2812
7.0957
19.1458
8.80183
6.06389
0.969417
7.95641
12.9842
5.26717
9.80078
13.7536
7.53203
9.78769
3.44024
3.33381
1.46468
6.20183
9.29711
4.52488
12.0233
5.16876
16.2382
14.9331
9.38875
3.95814
2.04479
14.8831
6.57392
10.0652
6.66886
5.87714
4.24136
16.5388
14.7185
18.5575
4.67929
2.93518
0.423177
18.3151
7.16367
4.97089
4.33918
12.8712
13.3625
1.53979
10.4882
1.52303
3.94807
1.60977
16.0931
14.2063
1.8895
1.35907
18.9693
7.32619
16.7944
18.8082
4.77568
3.07869
3.27006
18.5796
16.1809
14.106
19.55
15.8852
18.8092
16.3104
14.9895
2.54588
4.31095
14.4686
8.2046
11.9253
19.9485
4.57981
11.4123
14.0656
11.9219
2.63722
17.8225
9.84186
19.8993
15.7298
16.3662
6.37685
6.7145
4.50427
19.1251
0.261547
1.26609
19.334
5.95431
12.3195
17.7553
5.74399
5.70352
13.896
16.173
4.19073
5.82407
14.3608
4.09392
6.72467
6.20352
16.5826
16.6681
11.792
19.1321
1.81461
13.1318
11.1953
17.5153
3.38889
15.161
10.4018
10.5182
18.2019
3.50831
5.51979
6.87593
0.639869
3.27512
13.1145
6.54838
11.1408
4.46735
5.0352
3.72774
8.48129
6.61737
9.5445
15.6846
17.0775
11.7517
0.504953
10.7981
3.066
0.614562
18.5118
13.4221
2.28195
0.68619
18.8154
18.1567
15.8312
15.7876
9.84501
13.7267
18.2092
3.42938
16.9533
8.34242
17.0408
12.6116
3.8899
15.0501
11.1855
1.6555
9.20037
4.50512
12.0106
4.17992
18.9323
10.6108
11.453
1.72141
13.1677
14.6286
5.73311
12.3468
3.05071
12.2116
4.95107
8.17508
1.40057
18.1092
10.709
13.4281
15.4511
17.6087
5.21987
9.75062
4.39955
15.0629
3.23035
1.74139
15.9377
0.222647
5.06442
10.8598
5.97369
12.4175
7.12949
6.06592
16.2703
8.2756
8.46364
9.16358
11.0159
8.79128
13.2258
4.30189
1.08977
3.02592
0.776522
14.7055
0.110453
12.7523
11.8136
0.618533
5.21428
16.8865
12.486
0.0904346
1.59817
1.10988
0.139028
2.51522
12.9417
7.34327
16.9045
2.53347
5.78859
16.4142
15.5816
5.93536
7.33544
16.7435
10.6616
8.83617
7.94655
17.6791
12.304
16.7128
11.8819
14.5296
10.1309
11.8121
4.49204
5.87403
1.23643
17.8574
8.83206
16.9823
6.13219
19.2298
8.25782
4.42907
14.3084
11.6951
19.8693
7.14553
14.9985
1.27766
3.4533
18.0971
15.1418
7.02852
14.9076
3.17479
14.5895
16.9367
2.64459
15.8305
2.83883
0.865427
1.25743
17.5537
5.96333
19.6351
8.10038
15.2584
5.61147
11.5868
2.99944
12.3851
19.3283
13.7006
14.7706
1.27719
0.74546
10.05
0.386576
12.8282
5.94385
8.81036
14.5605
11.5864
17.439
9.83831
13.4427
10.2781
16.6917
2.79927
10.3867
8.70095
9.26332
4.70281
17.2018
4.19223
18.4649
10.0259
4.68601
11.6323
18.0216
11.9186
5.80528
18.6438
12.269
15.3183
1.57894
12.647
2.12989
1.68534
18.6885
19.5802
15.8883
1.0499
0.35519
6.20202
1.90559
0.0150415
2.43834
6.13286
6.47993
12.2268
9.64608
1.50355
15.9179
18.8611
10.8015
11.002
19.1832
7.46388
5.21047
18.588
11.9255
8.38675
7.41918
16.1069
4.45355
5.98535
9.13647
10.7683
10.2832
3.28413
7.46322
10.6998
0.75663
13.2327
1.12277
19.8765
18.2046
3.71453
9.53423
3.98038
17.2394
6.61456
12.7048
15.9761
7.77398
2.35928
17.7289
14.2828
8.8917
2.98419
7.40582
3.13707
1.26293
4.83376
16.2499
19.7765
10.2621
8.33064
3.48424
7.06637
9.6733
16.3882
6.54798
10.7378
16.1897
14.3761
17.4719
15.5224
13.7813
19.8132
12.8204
1.51506
5.5662
10.2157
11.8042
11.3031
3.10716
16.3078
4.61753
16.1815
4.14633
2.03552
11.6463
16.2508
4.17881
17.708
14.6832
13.1681
4.27993
18.5774
14.9285
6.06401
7.21335
0.192078
5.85755
10.0385
15.719
5.45582
9.45022
9.76019
11.4352
8.12741
9.81738
7.23634
13.3932
19.7391
17.4395
16.0666
5.62215
1.37385
17.728
4.5467
10.0364
6.40469
15.4863
9.98388
19.7747
13.2092
6.76696
0.889928
4.95375
7.04738
14.5407
7.60973
4.37114
8.32515
7.12547
12.4639
6.6754
1.80647
2.27884
10.4575
1.66846
19.6573
10.3406
2.63065
11.9426
15.0776
18.1188
6.51623
12.7906
8.15467
17.5903
1.8267
14.7054
2.0444
10.087
1.87917
4.59215
17.8928
10.0416
7.39219
11.9389
5.61549
19.8327
0.0576437
15.7665
14.0475
5.45736
10.347
4.4118
5.25683
6.24
8.13106
16.6566
8.40615
4.88198
9.23024
11.5979
6.94732
0.923022
19.7252
6.83933
18.6537
13.449
15.7625
1.17339
5.04508
2.10194
13.7336
5.57574
12.8705
6.19448
8.64191
18.2797
3.12396
11.5379
16.7438
11.2951
0.044516
10.2692
10.7534
5.22863
5.73831
15.7981
9.91845
2.09872
14.6552
14.3885
19.1419
12.5374
14.0066
1.80315
11.4459
7.72505
3.2361
0.46032
18.563
9.84851
9.30086
2.58067
3.57069
7.08947
9.47983
5.62401
19.2875
13.7838
19.7023
5.98467
9.12172
4.24411
10.6606
1.59116
6.04125
8.68788
12.5041
9.67703
8.12318
10.5429
9.79558
6.0786
11.2951
5.57429
11.0868
16.1591
15.3048
15.5377
12.0986
11.3645
10.9784
13.2985
1.61049
0.741398
13.139
15.8679
9.72483
19.5149
1.62825
1.99447
2.716
9.28711
0.516399
7.66432
1.09993
14.9715
3.84209
11.3519
14.1898
16.7273
2.41786
14.9953
17.8682
12.7798
1.96135
1.08048
9.16558
12.6365
9.59934
5.74469
17.3135
1.32499
19.8736
16.3287
7.87967
6.34864
18.3455
11.6694
18.7423
6.25922
0.364316
18.8325
13.8389
9.49427
6.81799
19.4057
5.06351
5.621
18.7516
9.29393
14.364
16.9711
2.4142
13.3353
1.232
8.13459
8.87109
2.91648
7.27213
12.5743
9.87703
16.3804
9.65519
15.1187
8.93242
15.1668
11.5733
19.4676
9.42933
1.36483
7.59383
2.07427
13.672
3.63584
8.70296
12.0487
18.6614
11.5975
8.17364
12.636
8.0239
4.62169
2.26797
11.4328
8.81883
4.60857
14.543
7.86148
4.86379
17.269
1.46093
7.72756
17.3642
7.58533
14.1645
6.56218
2.19236
2.38413
14.0991
14.1265
0.470353
5.48023
2.24259
2.43988
7.60096
16.7193
10.3681
2.88905
10.3746
9.74984
11.1429
7.19171
11.5574
0.482014
3.1073
6.23182
4.42406
8.14098
9.4817
4.19139
5.11604
11.3995
15.0467
11.7388
16.9655
10.1617
18.5786
11.3139
12.5298
8.29502
1.31432
12.5788
0.105947
3.12232
0.275373
4.15577
16.9307
3.08137
17.331
12.5535
8.62882
9.55988
18.2289
17.0302
10.5951
0.24979
11.8128
19.5123
7.17174
17.2895
14.8296
6.21663
6.30324
17.6882
12.1773
18.7317
11.5701
9.11101
0.382578
13.4689
8.57421
12.6583
17.0486
11.771
18.873
14.8152
5.01518
5.71132
10.673
16.1687
3.20182
12.9646
4.91164
1.46535
9.01822
19.0669
16.1697
8.15357
2.22502
11.1934
7.37289
2.27522
18.7999
2.93492
1.99953
18.915
10.0625
4.81168
5.93501
16.2961
14.5734
2.80569
5.51658
11.6685
3.95242
11.909
7.30304
2.52446
11.5359
19.3337
12.2631
19.9161
0.810451
17.5268
15.0489
15.2151
1.81564
2.24073
0.968166
18.2746
4.32966
1.8638
2.98719
19.4722
4.52969
11.6013
18.5023
5.40175
12.8419
13.8711
12.7879
16.66
9.14648
4.62506
18.0382
0.884865
15.0434
14.5305
1.85276
13.0449
10.0951
16.3278
4.83345
5.92588
9.27591
3.31081
0.681218
2.97394
6.94079
7.76067
6.26949
7.66794
2.44792
3.25588
6.5105
16.3963
19.1991
15.2838
0.185269
12.7869
18.4215
16.991
18.4749
2.57531
19.7939
19.8962
7.96265
16.2636
3.1715
14.6831
9.07458
11.4174
10.4833
1.93839
9.11994
12.983
15.3992
19.4752
16.2714
7.82675
7.81311
6.7675
18.2076
2.47559
7.87839
12.8324
9.16734
7.60561
7.95225
16.2401
18.1453
16.4871
6.59191
15.4194
16.7221
13.9491
18.0417
0.577436
10.5058
18.7414
8.64199
13.5392
2.32976
16.6922
16.558
9.99689
4.91972
2.49051
8.86592
4.52096
11.3257
3.98598
14.9094
15.799
6.12864
18.3663
9.82703
3.29253
0.222873
3.06318
11.8747
4.2585
2.93053
2.53242
5.6143
16.6557
12.5416
13.7607
1.56567
6.293
11.6898
6.45908
2.61121
14.2573
11.9235
1.96583
19.1965
12.3732
11.2396
9.25877
7.17595
10.9267
4.40557
8.53802
3.36925
10.1699
6.4057
12.5147
19.2944
14.6233
10.6978
14.3705
4.09051
19.446
7.43893
6.89358
15.7436
15.1741
5.2588
13.9338
10.3014
6.14098
17.3305
10.9382
14.9748
12.2442
16.839
8.638
8.85519
0.453534
10.3005
7.99264
11.8194
2.71606
3.69108
13.9375
5.18833
5.35465
18.5571
9.23517
19.5747
15.9883
10.9768
13.9647
10.0337
19.6056
9.60523
12.9391
11.6632
12.1717
15.0451
3.88407
13.5451
17.906
10.6008
18.5075
10.1521
0.181343
7.12484
14.6332
4.40476
3.13165
12.33
12.2803
19.6853
6.69623
14.797
0.128209
13.3037
15.3663
17.7094
3.14509
9.40463
18.0899
11.8688
8.45567
19.6339
9.88949
4.4399
3.65703
9.56981
9.4133
15.834
6.90271
19.2942
16.1185
4.82338
1.83675
7.82354
19.6663
0.0714767
4.6326
3.23657
0.447359
13.7774
3.73994
4.87631
19.7738
10.6877
17.546
2.58834
6.66754
19.9572
0.172642
4.94476
10.1063
1.36632
3.21254
10.4842
2.2397
3.31025
3.59109
14.2683
5.39816
5.91417
13.5391
12.9471
15.2342
17.4754
14.3851
19.0266
16.0268
1.69426
5.1038
10.3394
8.91058
13.0072
1.51685
1.63355
9.78524
7.07326
13.9681
11.7218
15.8734
11.0649
19.9775
13.9936
12.4911
3.155
5.81785
0.30878
14.16
18.3669
15.6076
11.8768
15.3737
7.08933
2.20302
8.34508
4.47258
4.92602
6.15449
3.58983
6.22793
3.80628
3.93371
10.9942
15.1474
6.97271
3.41144
18.2675
10.9008
0.0982194
8.95764
15.589
14.2546
17.0795
18.924
18.0301
16.7879
10.3793
14.0978
17.9729
8.91637
9.38463
18.2473
8.44891
3.07587
11.6196
13.1051
15.2398
16.7558
17.9353
18.6301
6.86036
16.1452
6.39221
2.49393
11.024
17.0751
7.48581
9.98002
8.87646
9.94437
0.660673
14.943
5.77079
3.90757
2.48151
14.7664
9.35634
5.14773
17.178
6.2163
4.95451
19.6001
17.8846
13.2106
7.02594
17.7476
6.85677
11.5708
16.6499
9.30551
0.782154
15.8936
2.07157
0.409121
7.17921
8.09805
11.0722
7.12158
14.4145
12.0112
0.961218
3.94291
8.12162
19.0756
18.6554
1.35047
8.29609
11.6897
18.7014
11.9239
1.88946
12.0063
5.18119
0.114541
17.1997
16.0365
9.64708
1.60109
17.1938
13.9861
3.98086
4.478
17.8516
2.38902
10.7543
9.31928
15.2927
16.6272
16.4085
7.89734
19.8286
6.27625
9.22578
1.92971
16.4488
10.0193
14.2964
19.4957
0.983431
2.42322
15.3906
8.79773
19.5885
17.3563
7.78188
7.03177
2.37047
3.98669
2.51536
10.296
12.9023
4.759
15.731
14.2992
8.92247
11.3353
11.5276
19.9773
9.39638
14.6884
13.4558
8.64143
10.6805
12.7072
6.51648
9.70218
2.2509
19.6846
14.6369
12.4746
10.7085
2.65453
15.1533
16.6483
6.41006
10.7456
15.5028
16.3493
0.992718
18.9595
4.45716
3.3841
6.59433
6.76988
2.50423
1.63746
17.9539
17.6404
18.3529
6.60477
0.125533
12.8191
13.3341
6.94161
16.1332
13.2684
8.22709
8.34477
15.886
18.7142
7.99136
7.81528
11.5499
14.4827
2.39697
1.05289
13.7853
16.8078
14.2927
13.0501
8.21277
3.67972
6.17237
4.52453
12.8067
9.76509
9.3574
9.78414
2.98371
16.4844
16.8893
7.63302
5.65547
10.3608
3.07423
9.83435
0.0617414
6.08478
12.7292
18.0704
18.8605
13.7981
16.0169
9.84171
16.2922
17.3575
14.1318
14.3934
14.213
13.0317
17.3533
12.9435
9.0457
17.9139
11.9887
4.20492
13.3455
5.94073
8.71817
8.39345
3.4546
7.58309
2.32271
9.75787
2.85822
11.4004
14.5487
3.00117
9.46165
14.2246
16.193
15.5462
0.209135
17.5494
4.21539
6.63455
3.84305
13.1782
1.09744
2.53118
10.5062
16.0715
11.1876
12.15
14.2362
6.22431
13.1268
15.3727
18.5588
2.93557
12.1286
9.72332
18.2766
16.7744
8.61414
4.28104
3.34683
12.9353
13.645
10.9966
6.88719
15.8613
11.1777
7.65352
18.2596
18.7887
5.46446
4.87221
2.71375
2.5066
7.58188
2.89158
19.0229
2.10838
4.76765
0.301154
4.69495
14.6477
10.4914
10.4647
11.5041
8.81592
19.1907
15.5238
16.9844
15.1883
18.0926
1.83235
16.3256
7.61191
2.55167
11.8196
9.09461
15.2189
9.50214
13.0522
13.9902
8.90068
5.39476
3.34543
11.8138
7.87568
16.9083
3.54169
16.7264
12.09
5.22224
7.01027
0.551164
0.376365
2.53455
0.269908
15.9205
17.0327
14.6808
13.4554
3.60937
8.1981
19.9567
13.4837
7.28893
12.1078
14.7743
16.9509
13.6795
16.6939
11.2187
8.5931
13.9987
10.6372
9.96413
17.4271
12.3368
18.1828
7.17222
2.63517
0.471941
8.52985
17.3931
6.62626
10.5162
0.114502
2.91015
0.41072
16.7212
10.8236
14.2253
10.7078
19.6343
8.20013
14.2596
16.3763
7.78172
2.79528
15.551
0.393986
7.54203
0.593558
8.41978
2.81223
0.985701
11.2768
10.9923
18.1133
7.96243
6.76004
4.56644
17.6312
9.42252
0.798756
4.98984
17.9261
3.95368
19.0977
4.20619
18.05
1.99935
0.563197
10.6629
18.1087
9.43546
16.1202
1.4598
17.6891
12.4685
16.8292
5.41791
16.4395
5.67866
16.7548
19.2898
8.36457
17.5194
4.75022
6.7434
14.1242
8.79484
9.04381
3.73348
5.735
10.6906
18.8264
15.4261
17.1191
12.2727
13.42
16.1887
1.79673
7.24176
5.34103
6.58967
17.7382
14.4158
13.3636
14.5235
18.3414
4.49512
1.84488
6.55805
10.8601
14.3598
3.73361
6.44597
19.7217
18.9462
6.31772
14.3963
8.10776
13.4791
6.45052
6.02989
5.39398
7.94995
16.7048
11.3629
6.80949
7.23441
3.27708
19.4413
2.59067
13.5275
13.594
16.9551
15.0105
3.10222
9.42532
2.83348
5.2937
0.427271
4.55121
10.9415
5.39807
17.4456
1.64044
16.1379
1.48546
12.9028
11.7654
13.1978
12.2654
1.57684
9.10408
4.29535
3.47383
1.99963
9.44953
2.32541
7.58116
14.3929
18.0656
10.8806
15.9845
1.06188
2.5926
16.3272
11.4075
5.83531
8.2094
4.05903
15.2398
17.104
17.6601
14.574
9.01122
17.3392
8.38745
6.04823
14.2469
3.69097
3.37143
19.7585
3.2108
11.2507
3.10627
12.7176
5.18427
12.3164
12.1601
12.9151
1.37211
17.585
17.0987
8.65997
12.6035
14.0857
9.17905
17.5452
13.5194
18.9896
12.2469
16.4395
8.64803
3.50723
15.9226
18.4741
17.5489
3.14819
8.77769
12.7853
1.85026
2.39928
18.4463
0.537664
2.34134
1.02621
1.66642
1.67759
0.906945
13.3791
1.91903
13.9551
12.9023
7.60362
11.0532
16.184
0.791758
18.3072
16.385
12.3441
13.9286
0.653754
5.70682
1.66903
14.2689
19.7934
6.0814
4.22953
7.85701
9.23464
17.1494
18.1681
10.4781
1.42229
7.08461
1.44103
10.1514
4.56937
4.79478
6.69566
7.50031
15.385
14.5874
11.3259
17.2887
12.0668
14.6536
2.03124
0.70217
8.66649
10.9955
2.64189
3.84705
19.7835
5.96243
13.7141
10.9409
14.7119
4.47251
2.03838
12.7042
18.8245
19.7081
10.7734
4.62604
4.84262
5.11862
6.28098
13.4622
0.104208
15.8663
12.938
12.2203
18.8855
19.9188
19.3075
18.4497
10.1658
16.2215
11.8908
4.40317
19.4616
14.4057
12.6483
1.52997
8.46844
6.25465
11.0631
5.76625
14.0424
6.35106
7.25673
18.0162
3.61989
18.9239
19.3782
11.8448
4.59999
19.0749
11.8975
9.9567
4.24789
2.25034
0.870745
12.633
16.1374
2.20792
4.99251
2.28165
15.4214
3.81155
12.1405
12.5828
17.564
14.2742
14.2154
6.33169
8.46186
16.6264
3.76834
16.3254
5.33108
8.48206
17.8107
3.91119
15.0279
11.4082
15.5798
12.7939
1.23544
14.0918
19.22
0.288978
13.2884
14.7066
6.51558
6.25698
10.5293
1.11909
18.0246
3.06359
17.9733
11.2982
10.2173
4.38477
13.0539
17.5836
13.9274
5.074
10.0823
10.7835
10.0684
10.7376
10.6543
7.44598
11.4298
7.95731
3.21256
5.08908
3.54794
16.8465
19.1068
9.64572
1.65054
17.4369
13.7944
5.62725
19.0618
8.56222
19.2812
5.56335
15.1877
15.2431
1.36502
16.3479
0.906068
1.29086
9.84557
0.234876
0.242707
16.7766
13.4803
1.40002
15.973
18.5952
17.9658
19.7841
14.4553
15.6506
14.3575
18.2313
11.3312
11.8418
0.0672572
11.6963
8.92093
19.0796
19.1018
5.52583
1.82436
19.4255
14.9978
10.998
2.843
5.35404
14.1764
1.15225
14.3154
8.10071
14.2014
3.43181
12.2772
3.73153
6.55082
5.68225
12.5762
11.8986
19.2634
2.46277
3.32682
11.1941
5.69323
7.43311
9.61633
9.74806
3.30754
17.9787
6.40703
16.6597
16.5551
19.9667
6.89354
18.482
18.0346
15.4035
0.00674698
9.41296
18.7223
12.3307
0.694432
1.40139
8.82411
16.4747
17.5398
3.28928
13.6077
18.9893
0.867072
10.3595
5.9354
10.1251
11.1111
14.6321
13.9434
19.964
12.5166
3.13517
0.227498
4.03308
6.10575
16.3288
3.63568
12.3196
6.09334
14.7715
17.8753
11.777
5.67536
1.26308
12.8355
11.0598
2.1405
15.804
12.5736
17.3668
6.10921
9.80867
12.9414
4.69353
3.51036
13.1206
18.5334
11.4918
6.5755
19.6293
2.19102
18.7401
3.73276
13.5491
16.5659
3.43481
8.23309
7.17733
4.96049
18.7779
5.51073
17.2629
4.87009
1.96958
2.89748
0.379698
11.8067
1.34346
9.84549
1.3392
19.9167
16.2663
6.89004
15.6571
13.5648
11.5024
16.1637
13.8275
6.46365
8.84003
10.9666
19.9728
7.70296
1.84753
0.873045
6.50647
6.07075
18.7775
15.8862
17.7349
13.1067
14.6962
17.7167
3.43538
4.5106
8.50952
8.2609
0.761591
12.9256
0.88436
10.4719
8.54254
12.6097
0.678855
18.6672
10.9692
14.4147
11.8014
19.1913
0.735561
4.90475
3.40546
6.01409
4.26657
5.7356
11.2097
12.7882
1.74081
9.52468
10.7351
19.5074
17.3775
16.7755
14.4747
8.68232
7.35961
16.0738
3.89247
2.90755
9.65055
7.0251
13.593
3.67835
15.4764
13.5338
10.71
16.3182
7.04577
0.177104
16.8352
6.63817
17.2136
8.77524
11.6784
11.7185
4.50924
3.30623
9.42784
1.3584
9.64662
6.54758
3.99201
15.4479
15.5834
16.6241
18.412
9.21056
10.1336
6.68083
6.27214
8.18328
6.30478
11.295
13.7842
18.6865
11.9566
4.40852
10.1156
11.2349
15.9647
8.56482
17.8915
14.5436
8.01511
0.184715
4.52934
14.1121
8.01977
13.4721
11.547
5.94617
4.92753
14.2604
3.46233
18.465
16.5134
10.4453
5.08462
2.53291
12.6052
6.645
0.240706
18.6509
11.2336
5.75807
8.028
15.5909
2.26691
6.42898
4.39198
7.13289
9.3081
7.81927
7.79787
9.18308
2.88433
17.5282
8.48481
6.79351
17.067
1.43619
16.3732
10.27
19.022
0.680753
15.2488
19.3132
1.81653
