10.0772
0.755622
19.1606
0.203234
14.1086
7.46286
9.82077
2.0404
7.71752
15.4962
12.0049
5.75836
12.6569
2.25617
0.323929
3.50609
5.75118
12.7205
9.18208
11.4556
1.85837
16.9011
11.1278
11.2821
17.0659
3.26002
7.19004
0.997484
12.4211
5.99064
19.8641
15.1303
4.54089
16.0402
8.86579
4.14853
6.33313
2.98902
6.53032
15.3533
8.10148
8.19352
0.0958212
6.15507
8.86665
13.2413
1.48965
7.88976
12.827
7.86244
8.8027
15.3883
0.827864
0.324387
10.7382
17.6413
11.2235
6.7548
19.1758
0.43505
15.4904
9.82055
5.89647
12.4584
18.1249
7.59368
9.63112
13.3116
4.61586
11.077
12.6174
18.1087
0.335773
4.77959
17.0251
4.04474
16.2425
5.92733
5.23436
7.02011
6.31269
4.63702
17.5899
5.91024
6.09188
18.2857
2.20573
6.16095
6.77295
10.2285
1.34528
18.142
15.8537
18.0842
16.5222
8.79102
0.00581565
1.21902
8.5687
1.27359
1.07645
18.1341
14.221
16.4681
1.92373
19.9176
13.569
19.1591
14.2206
10.9418
19.2711
7.29997
16.5873
18.2499
19.612
0.394797
1.62737
2.57672
17.5803
9.285
17.7957
1.01361
14.7605
10.0222
11.2085
18.3447
16.3203
10.8157
6.74316
2.00414
8.04577
15.1507
2.84569
1.9761
5.32616
12.3692
12.9348
5.38202
17.0229
3.58841
6.10246
4.84551
6.65083
14.2929
15.4231
13.2086
12.2065
17.5763
12.1625
3.16766
8.8415
0.221862
10.7178
9.72107
14.7933
13.2286
1.81933
19.728
8.52196
9.72975
11.8276
3.55417
4.76053
3.50608
19.5915
0.782087
14.2787
9.13616
4.20446
2.17542
8.71632
4.09413
16.4999
5.44335
17.6683
12.5296
9.90494
0.293159
6.51018
12.5619
12.6895
14.8804
5.28082
3.99401
17.0872
3.36279
17.4705
9.54716
11.3491
16.9851
11.5566
10.4201
6.55814
17.2934
13.077
16.5928
18.3318
2.65384
4.07549
7.0077
10.0704
1.65229
14.1457
18.9672
13.9146
9.83916
13.1988
3.11843
6.66355
15.0125
12.4353
17.5333
9.72601
16.7009
13.8956
18.3586
7.39826
4.26929
15.7449
10.8973
8.57076
17.1218
13.8299
18.6337
11.4615
19.8411
17.6039
1.67675
19.8336
8.89484
8.40982
8.32956
4.67666
0.967644
2.31085
11.3526
17.8644
3.55061
12.4448
19.9039
16.2588
12.4174
9.79991
5.8847
15.5222
5.7551
12.9101
7.98025
3.00928
17.1299
13.5791
14.1286
16.3643
14.3217
13.1171
1.53717
5.17095
19.2976
11.6578
5.38207
7.23376
16.4153
17.9044
10.0515
13.3224
3.78459
2.03867
1.31484
14.5329
14.989
9.35645
14.7244
8.94144
7.38126
7.98493
10.5217
7.17977
9.08812
15.6957
10.4578
14.4418
1.90976
17.5735
12.4419
5.15528
13.7272
13.919
9.28768
15.1474
