14.8851
1.00681
15.5844
3.721
0.966823
8.0736
10.3073
18.4527
4.45198
10.6851
16.0269
7.75258
1.15746
18.3098
19.7985
3.91635
12.1498
8.8508
2.88784
17.8969
7.79318
17.8249
8.03809
10.7054
13.8528
8.53871
10.6956
1.14133
10.9968
0.121776
7.21504
0.399168
14.8252
16.8786
5.6015
16.4764
18.8742
15.8968
4.02049
6.24567
6.95617
13.687
9.77787
18.9461
1.56975
18.2654
4.02163
17.6358
15.8007
4.05607
4.6557
0.272632
0.717923
1.36492
14.1241
17.5012
18.6246
17.3653
0.854835
11.9092
0.286033
3.83085
17.4312
11.4514
3.94405
0.584172
1.43448
1.64588
2.52963
10.2865
8.15286
12.9129
13.6675
19.4399
2.36335
2.21093
13.9534
8.24892
8.27704
2.14955
1.37999
2.29471
15.4138
12.607
0.0214805
4.22302
13.7005
18.7347
10.6194
19.9162
16.5601
8.82052
5.5624
2.8455
0.512523
11.4895
7.97867
7.47653
15.7611
8.43316
19.067
6.1142
10.7725
0.984107
6.94913
5.63427
0.0900374
2.01658
8.05779
13.1398
8.68289
5.58293
19.879
19.1232
18.2198
6.25418
17.2757
4.65465
7.74131
18.0142
15.0035
19.2403
3.44331
0.797513
17.3111
4.43963
15.5211
19.1765
3.42084
10.5787
11.7675
16.3634
16.4491
3.13143
16.0691
0.16228
3.25372
11.7755
4.57762
7.38042
14.1806
19.0714
1.00934
1.02864
7.13538
2.53355
8.70262
4.22615
18.1128
2.05915
0.491687
19.597
10.6823
8.37355
5.31347
3.6619
6.30032
19.8293
3.32583
10.2471
1.97605
13.3151
4.31883
6.10667
17.8712
9.20384
4.02558
14.892
17.8503
4.96466
11.9152
1.81719
8.80474
5.16015
17.7229
2.18465
9.96019
10.8582
8.79409
5.61298
18.2304
11.1685
15.4332
3.62277
6.15471
11.2562
3.1383
14.0884
11.1011
3.47442
3.34161
11.6407
16.7491
11.4776
11.1674
2.60874
6.99307
2.73026
7.24083
12.1323
11.1402
6.24133
16.9087
19.806
19.6512
5.31996
0.399377
18.1249
7.54946
18.4537
19.7706
1.61632
2.71872
9.10131
17.547
7.61115
8.57335
19.7426
19.9046
11.3186
13.993
17.7063
13.431
10.7747
8.36336
7.18525
12.6192
10.9376
16.837
8.06497
8.15152
5.55388
4.15476
2.29373
11.667
13.6356
17.3756
17.6225
14.3996
19.4398
1.50979
19.0981
15.9827
7.8388
0.591753
9.81189
16.74
9.64768
7.27187
16.9317
19.3296
16.9189
1.2623
11.3629
2.1779
4.23342
4.05101
10.8114
13.6865
13.3486
2.06658
19.1042
18.3465
6.81843
15.6297
9.88967
19.5109
17.2331
11.4328
13.1138
1.8362
6.78758
4.03224
9.808
2.49199
2.39168
0.94672
7.06412
13.783
8.33557
12.2073
14.6173
5.64146
2.37495
4.25617
11.203
12.501
12.7235
17.5844
3.04939
14.0111
11.4328
7.22356
5.12958
11.6991
16.6779
14.8577
16.0569
1.29291
19.39
17.0745
14.481
16.4939
19.2638
4.67781
10.0672
3.85713
7.73218
15.0175
16.7943
1.07217
11.534
14.312
0.855077
12.9527
8.80317
10.9123
10.4661
18.5998
6.8955
0.610844
15.7742
1.66357
10.3392
13.7931
5.818
12.0647
19.319
1.11021
1.13546
19.3776
11.8301
13.4841
16.5085
6.61244
1.70815
8.77929
16.5505
2.56137
12.8781
0.527211
5.18365
11.1002
11.4661
2.62474
10.625
8.09078
17.7365
12.2922
10.6717
5.14827
18.4627
18.1086
6.64555
10.4117
10.7191
6.57473
2.07637
6.29639
10.051
7.6606
3.97589
14.5388
4.12917
8.34318
6.45095
6.1078
6.31752
5.15976
4.498
3.85469
0.204327
19.1285
4.90697
14.9008
16.7762
0.849003
2.63922
5.94489
7.01813
8.11294
5.94457
17.8351
12.2532
14.7795
5.33181
2.56753
1.64727
13.2535
10.2376
16.0416
16.994
2.76771
17.2048
6.2287
2.0704
16.8903
7.18432
15.6098
9.84687
19.1114
1.9714
4.05324
9.86601
18.2457
17.5631
19.2901
13.5574
10.1908
2.63064
5.95163
17.7125
18.0953
3.08794
19.1206
6.40734
13.4749
2.79612
2.86845
14.6965
9.18643
11.9194
0.455666
19.3669
11.1735
13.5713
1.5498
14.1099
17.4488
9.29271
14.0875
3.21468
14.3744
18.0414
10.78
14.7952
9.32037
5.09293
19.5761
13.5176
12.086
17.3873
8.20156
3.29503
14.9049
6.84709
16.958
4.11393
17.2207
19.994
4.97979
4.84935
1.41717
16.1147
9.2601
1.56784
9.34205
13.3234
8.81482
16.9737
2.44912
1.08015
15.6856
11.5024
7.3043
9.92701
3.22742
10.4598
17.4927
10.7731
10.6908
16.1941
1.1538
3.92494
14.9059
11.2158
2.53137
2.87949
6.32058
3.5238
15.4618
6.39672
17.6408
17.6947
1.87927
4.25199
4.68833
17.2528
15.4736
14.353
5.48653
2.14655
17.4238
2.32988
4.00415
1.05011
17.7615
12.4223
11.9268
2.6634
14.7261
4.46599
4.99631
17.2616
6.64103
19.2027
0.190204
5.38641
0.844408
13.5072
17.3626
11.8275
19.0212
17.1867
6.235
19.2413
1.11972
11.2113
1.46362
17.8954
6.65439
19.1901
2.05859
1.44019
19.3511
5.91807
6.6243
5.59617
9.30613
5.19061
8.32788
15.0891
12.9682
3.88622
11.8063
5.73236
18.2755
8.81813
7.69826
0.531281
0.327299
15.7306
11.4968
9.29771
18.1174
18.262
11.9436
11.0613
3.17217
1.13299
11.7006
8.85287
7.86129
17.1779
4.7765
15.545
3.69071
19.7584
5.1924
8.04496
16.3664
8.55429
17.4919
11.8977
18.2303
0.554711
17.8505
7.85768
13.7358
9.172
8.78448
3.41349
14.4424
18.8639
4.2911
0.40986
13.7631
13.9248
8.58142
17.4013
4.48457
3.53944
0.820485
8.37377
9.17659
15.865
19.7504
5.7901
3.25656
15.6377
2.6847
2.83085
13.1789
15.5088
13.0867
1.39159
17.2599
16.8136
17.9002
1.3303
3.97913
16.975
6.27606
19.341
4.14814
17.9258
15.8147
4.33072
0.328375
12.2797
3.12585
3.31106
13.8893
11.1714
6.97242
14.5086
15.0317
13.1191
19.1135
16.6399
7.79386
8.00368
9.00655
0.590495
19.2074
10.5574
13.481
18.9567
6.75486
1.55565
7.754
3.18585
16.239
8.6209
17.6882
1.53917
6.91798
16.289
14.9974
15.1378
7.61804
11.9588
14.55
11.3438
13.7033
12.3827
9.4166
15.6629
16.9146
18.5017
17.9614
8.17783
1.38782
9.06873
10.6009
7.01356
16.7528
1.25039
1.07961
4.15049
8.57779
17.0993
11.4079
16.3138
2.58048
1.42035
11.0004
10.081
6.5547
1.34861
6.88198
4.52279
4.08178
16.6076
18.6856
16.8314
2.08491
2.57599
6.02663
19.9005
12.4571
19.4893
2.49726
15.4478
13.8274
19.2131
13.9574
3.75103
15.3481
18.124
19.2874
5.26648
14.478
12.8249
9.87748
1.25772
18.3576
18.9798
19.7258
2.99302
0.278503
16.7156
16.8644
10.9284
1.67938
7.77787
2.48513
11.8559
9.32274
15.2955
2.39133
9.21676
13.5927
1.24897
9.78254
15.2088
7.32902
15.6128
6.8679
17.24
16.3957
0.867832
4.58167
19.5806
0.602287
19.0035
4.9169
2.10457
17.6335
11.4894
6.12352
2.71153
10.5409
10.1882
12.8619
7.46574
4.9854
5.46571
11.2743
16.3376
4.01553
15.405
10.3203
9.65653
8.7848
8.14356
18.5346
14.6618
1.18946
7.64048
11.6435
1.08995
18.9945
11.3591
13.5783
17.5759
2.97253
4.45075
18.945
14.5146
14.3781
17.6264
0.833482
7.01085
8.22886
18.7519
17.0195
15.1519
10.1718
17.5139
7.64924
17.3445
5.48677
11.4458
1.67604
17.4007
7.0567
16.8673
14.7518
7.13687
1.14417
2.89648
12.2239
18.9911
3.23248
11.9339
10.3107
0.832995
3.12311
9.33567
15.8208
19.4179
12.2186
5.2801
0.0227399
9.51208
17.2336
1.00978
9.21021
18.9044
17.3771
13.6257
5.51425
6.5042
10.3904
6.57742
3.25047
5.90114
16.2553
17.833
10.5434
12.3598
17.7656
5.24842
2.90986
17.5225
7.22391
10.8277
6.47228
12.5046
19.1281
6.00784
19.9115
9.5703
0.984353
15.5442
9.04024
0.902751
1.33962
3.97594
10.393
9.32265
4.13002
16.2852
12.5946
2.35271
9.51436
13.3367
5.14181
8.69158
14.101
2.01197
0.48041
3.76806
12.5108
7.41432
10.3342
15.4008
3.88256
19.1193
10.1008
5.24615
5.01296
19.8373
17.861
14.5453
7.48812
17.4904
18.9256
9.33158
2.72109
15.1518
1.68027
1.66257
10.6299
4.4525
15.2987
6.63824
7.93792
14.1461
11.5642
5.04577
6.94634
3.42855
9.40835
15.584
18.6385
0.780208
17.7973
8.56683
13.2833
14.6447
9.51665
1.0345
17.8536
14.2134
5.73795
1.42799
4.94964
12.8073
14.0665
14.8482
4.33407
18.4896
17.8512
13.5745
7.89747
7.61943
13.1612
12.2717
3.78645
5.0469
12.7106
16.2397
1.57524
2.98761
15.1313
4.1404
15.1879
2.92174
17.899
13.2752
8.90789
13.3727
11.8262
9.75579
9.51786
4.83369
11.8728
19.9461
4.44506
2.85125
6.8515
4.66611
17.7741
12.951
16.6969
18.6397
8.08564
16.7246
0.998625
0.222388
7.47186
10.7026
4.63117
5.60364
3.76966
19.0458
11.0773
8.66362
19.3976
10.7689
2.69539
2.07146
12.4368
5.51667
5.06033
2.76801
13.3181
18.1775
17.0734
8.10125
19.7084
18.372
13.5671
2.52799
13.2339
10.0663
8.36632
12.0638
4.76819
3.22058
18.1952
15.3914
17.1511
16.8665
13.3912
19.7866
10.9964
6.63247
6.27094
17.7586
0.0663502
4.56792
5.24166
16.5544
14.6402
12.2035
5.48905
6.11851
19.6606
6.37983
17.5643
13.5278
3.66792
12.3275
19.3743
8.85028
3.00304
10.013
15.9529
19.6752
19.0262
7.92386
11.3326
2.25678
0.872553
0.180642
0.542163
0.959029
13.3642
3.85808
2.89222
7.02093
11.4464
17.77
12.2843
9.16398
2.09733
5.75228
0.605065
17.4734
8.29643
1.7425
16.2999
14.6564
4.48125
5.1236
10.89
2.77237
7.53849
1.16893
12.2332
12.3164
12.5067
17.0777
1.12279
9.33531
3.16147
15.8875
18.8989
14.4487
12.3042
0.277277
12.5772
12.7754
14.777
14.0544
17.5811
2.737
0.769814
0.413933
6.11486
19.2886
17.574
6.29894
10.6692
7.62933
16.4467
15.6691
6.40265
6.41998
16.185
2.80545
4.34668
1.06263
9.70165
18.0745
12.7801
10.1358
12.5991
15.3308
11.259
19.9097
13.0106
17.7787
1.07967
12.061
14.5749
17.6944
4.11133
3.51223
5.36861
2.86521
15.8023
1.44971
14.0251
13.8851
4.80886
3.82793
12.9393
16.2721
4.40215
7.99341
9.34518
4.2517
0.518438
8.8127
16.9907
0.575159
8.45818
17.6419
13.1322
2.0405
17.0341
1.74661
2.30488
3.52765
8.26364
14.1175
16.7113
17.2789
11.2231
10.1764
18.8075
2.45261
2.97562
12.3752
13.3111
12.9872
9.66143
17.8643
1.96791
3.19034
9.65105
17.9611
8.97631
17.4918
0.853414
17.5328
13.5903
11.5511
6.9231
13.6089
7.81488
17.4545
5.2282
4.26258
0.840566
5.36331
17.4855
8.46835
4.93101
5.3524
10.4348
0.606881
1.15276
18.5059
13.1511
10.8968
3.75626
18.6477
7.40301
13.408
17.8421
1.17508
5.85776
9.86457
19.5597
3.01079
4.55365
9.01328
18.5846
13.8619
3.22943
14.8061
6.96201
7.20567
13.8017
12.7641
17.5235
13.477
17.3596
3.02422
15.2544
10.1122
0.236211
7.13973
15.8488
16.5146
19.488
13.8478
2.30222
0.95546
15.5135
2.6088
12.3246
0.255839
7.86789
18.1236
8.13825
14.414
6.0432
8.71891
4.34824
6.43664
4.96598
18.2392
8.80365
11.8276
12.1319
0.981004
4.64144
6.42246
18.5992
12.9118
15.8423
8.04319
15.7807
0.748193
17.1645
11.3876
0.468935
9.73756
4.13652
14.0841
14.7584
4.97802
14.6459
7.92599
3.18733
14.0631
12.2915
0.412803
19.3577
8.16489
18.7531
19.4608
9.89144
12.2782
12.0905
17.5889
3.21486
15.4374
18.7438
4.1677
4.47825
5.45589
4.73521
8.65516
6.58654
8.38606
8.64082
10.9099
10.1412
3.29467
14.3152
11.5955
9.90443
19.2577
18.2841
3.98424
11.2706
17.1464
17.2248
6.75852
13.4759
14.7987
15.248
5.4027
7.52207
2.57191
1.41937
5.0314
15.2161
13.1493
13.8867
12.6649
9.5118
1.99977
0.396125
3.03833
10.2403
16.4632
18.0408
2.57444
4.78889
16.6109
13.9594
5.78123
1.72806
4.74915
2.94579
5.60562
5.14534
9.55249
3.77222
17.7276
9.74955
4.22618
16.3269
13.6348
9.5944
10.0005
7.70303
9.3449
2.06133
18.94
13.917
16.5805
6.16627
12.6041
9.4528
12.3794
1.12635
12.252
13.2351
4.26689
9.1924
15.4552
17.9572
17.1897
0.0402376
11.2763
3.56249
17.8635
2.65967
1.24721
16.5778
0.134694
6.43361
5.38793
13.8347
17.1002
18.3772
0.9993
14.6309
6.61942
10.8855
10.7442
14.4639
11.4934
8.81255
12.0468
19.1756
11.627
14.8832
14.4445
2.99537
11.6634
8.1344
19.4342
4.28666
10.9557
4.68037
18.3829
18.2195
6.85153
12.7479
7.95716
5.79695
15.6503
6.85283
16.0836
13.0478
6.64533
4.14487
4.38795
8.26288
7.33884
14.4252
2.92101
17.5732
7.19603
11.4069
11.8292
3.01248
12.2354
11.8328
5.197
2.1141
12.6332
1.63528
9.0221
16.6927
5.0409
0.185726
14.7646
18.8257
1.61324
10.5871
5.71713
13.806
14.3374
12.3133
15.5355
1.32377
15.4896
8.4049
1.11761
8.73173
8.30641
3.00207
12.6234
19.4492
7.96582
16.2837
16.4627
19.2237
15.5226
16.3088
18.6249
12.9503
13.0211
0.65115
18.2894
0.0314514
1.79143
14.8523
9.78448
18.1088
5.1341
4.77109
16.89
2.39939
14.943
11.559
19.7428
14.6581
19.4176
12.4595
3.54996
8.54895
19.6939
18.3458
15.7851
2.85964
9.52662
4.19301
4.74426
12.175
5.8523
14.988
11.6722
12.1098
19.6547
0.131575
4.34839
14.7298
6.77628
3.56711
3.88869
7.11417
7.78941
18.696
7.2288
1.63158
17.073
5.22621
11.355
13.0918
10.3316
9.2156
0.583706
3.71648
18.4647
4.50041
16.508
18.3281
2.15554
9.5598
14.2487
2.36571
13.8506
17.9714
14.6789
17.0251
14.1142
2.61351
3.62219
1.36602
17.3647
9.38699
6.60533
4.16058
1.87201
19.5929
2.11367
16.9834
13.7796
11.1644
11.7849
13.9863
8.86408
10.3279
14.8931
16.2214
1.31742
7.72831
4.40338
17.5891
8.43451
12.7458
3.13489
12.5846
8.15905
14.203
2.98742
5.89175
2.69193
10.9988
15.6353
3.86893
3.69191
15.8072
18.0765
13.2865
12.3197
1.98262
14.2878
13.1094
14.7183
10.8015
14.7344
14.2774
15.2142
15.2406
12.9759
19.1398
12.8348
16.1368
16.2477
1.88349
5.87159
6.64449
5.86458
14.0903
1.25206
6.78491
1.11216
16.7515
15.0738
1.06523
2.83993
15.5101
2.03606
11.1915
0.154273
16.8887
6.32069
6.265
3.80387
7.58056
9.49115
7.93951
6.09596
19.4673
1.76653
11.6306
3.0568
17.1243
10.2266
6.27743
5.42821
7.18216
8.89115
3.08105
5.4677
4.94494
10.631
0.530303
9.89507
14.0376
9.66501
11.673
7.45542
0.251186
9.02398
4.56886
14.0527
4.13513
11.2006
11.1821
14.4167
11.7596
13.8316
8.1193
6.31016
8.48902
14.8302
8.05614
4.38669
1.58793
19.5637
7.16455
18.3915
12.8303
6.77761
18.1049
15.1338
2.29139
11.7236
4.40137
7.7543
8.95277
15.5998
17.6297
16.7193
15.29
10.7896
6.22739
9.04072
16.6587
2.22845
19.847
6.28009
12.7882
5.27875
8.5263
9.89426
13.9295
3.45715
18.028
5.36536
1.59956
7.16916
19.4233
6.49261
3.68349
12.8253
0.781304
10.2459
3.46292
5.07863
17.6181
17.6196
19.7797
13.7882
18.5181
7.36417
5.48405
11.2045
11.8909
14.6239
8.51088
7.21303
15.2317
18.8222
3.40657
0.760827
14.3179
1.22805
16.148
0.366582
11.9393
16.5265
14.6748
16.3602
1.89807
4.69261
13.3095
13.2381
6.11155
3.07806
1.4141
14.8103
13.652
10.5653
10.3096
2.8796
12.8922
8.18103
10.2826
3.9146
5.9552
2.0065
7.44838
5.35326
0.729045
10.5258
10.0406
3.62183
10.6565
17.4689
15.1295
16.0199
7.73105
11.5152
0.470522
5.00036
3.41735
19.2574
17.2935
3.5825
19.3724
7.47472
12.5999
12.3892
5.96589
17.6492
10.4201
3.67036
7.82094
0.575653
16.8616
0.322005
11.8573
2.67362
12.5577
0.11152
4.76242
16.9013
5.91102
18.3853
15.1559
9.43353
6.7553
11.2233
9.01688
7.88542
11.3668
1.58149
14.3422
12.7599
19.9712
15.8757
18.0201
8.48173
0.254718
11.1945
18.9931
11.8698
17.9212
12.1765
4.42843
17.7099
0.821084
0.047312
13.5344
6.33811
6.51467
13.7659
2.28627
16.1335
8.05609
0.58684
2.59346
1.69306
12.8125
14.824
6.48817
13.4668
15.4927
10.3413
13.7211
18.1605
2.91769
11.4498
4.73932
10.0151
8.13209
13.2092
1.35386
9.74683
16.4735
6.5658
14.3157
17.6333
9.57846
11.9819
2.83099
18.2999
3.37536
9.51265
8.85302
8.83904
5.90644
6.90856
15.9505
18.4746
3.64237
10.862
0.967799
3.84613
2.64433
12.1376
17.9372
10.0308
19.0629
11.2581
1.17092
14.8573
14.2128
1.48061
12.9887
17.8298
6.28803
10.3339
8.2313
16.1476
19.3762
2.32698
6.48711
4.28557
7.20023
2.39682
3.48123
6.05069
11.6975
6.40939
3.46859
15.148
15.0916
16.2853
14.8169
5.15029
0.746533
19.5459
1.61724
5.78057
11.0487
1.51208
5.81814
12.3014
12.6073
1.02871
8.61016
18.5955
3.91038
8.46208
8.50024
8.11747
2.30283
17.2892
6.08207
3.66702
4.00384
15.343
16.6767
3.51757
1.52834
18.475
18.7073
4.72801
16.0283
15.0776
3.28656
19.409
14.6938
9.9572
16.5353
7.27465
17.2885
18.3727
18.1908
12.8722
7.08136
17.8718
12.837
7.694
6.67511
7.9098
8.44038
5.81141
8.12451
18.8639
13.9805
15.9266
1.91289
3.50641
15.5162
10.0549
16.6055
18.085
0.110286
7.84878
1.68824
1.26917
4.62238
5.16499
5.27309
5.8809
10.9855
12.0209
8.08533
2.33991
16.5828
14.5637
10.9485
3.02623
12.7176
18.8024
12.2665
13.2521
18.858
18.6821
18.7434
5.7071
4.32231
2.32785
6.74653
1.65409
6.60896
8.96276
13.5113
4.86951
9.86002
17.1221
12.8827
15.4269
16.9286
2.05083
7.96487
10.1823
4.93431
11.9216
12.2808
7.36204
7.7855
0.260712
4.30027
4.24966
12.5336
4.10509
1.16192
12.5067
10.4521
9.38264
15.4815
12.2466
9.92823
11.6818
3.63661
14.7728
11.6393
0.774185
16.5097
2.04148
10.3783
18.5395
19.8906
13.5576
3.42848
15.5047
9.78825
11.5372
16.411
14.0048
8.12485
15.8836
13.6203
10.8157
17.3464
13.6373
12.2224
1.10733
9.71855
7.83164
9.50828
6.00278
9.6496
4.91499
15.1998
7.31264
5.29305
13.2776
16.0499
9.17918
9.52005
9.71292
7.45906
7.16945
19.253
5.37512
3.27212
19.1482
15.87
14.0327
13.686
7.03382
10.0492
2.21161
3.92279
12.6764
15.9713
4.95809
6.99916
17.9271
19.0134
19.581
17.5461
13.558
16.0022
10.887
16.1758
3.89427
1.14706
7.49807
11.2815
12.4548
5.28588
19.9322
16.4009
1.43896
12.8309
19.9939
14.6806
0.71155
17.0276
18.8894
17.4286
17.9987
6.18798
13.8555
12.7085
0.495959
6.95789
0.668732
1.94098
12.735
5.22093
6.73141
14.8591
11.5
13.035
18.2189
11.746
14.8647
4.31018
5.89332
3.20155
4.99118
11.0425
0.801907
0.276991
14.2166
19.1514
0.214214
9.99691
19.4427
6.32946
10.9854
16.765
5.53894
2.60777
8.63657
14.6705
3.2471
5.98216
6.13143
9.17051
7.21399
6.58203
15.5343
0.43657
19.3703
17.9207
0.24184
4.06231
0.81917
12.5617
9.61014
3.9146
16.9098
16.1338
5.86473
0.812569
14.3905
6.17192
8.82895
13.5953
13.4394
14.3665
2.53806
17.3295
12.4375
3.47364
7.62796
8.80195
7.36526
9.47678
18.8607
4.91382
5.89576
1.40492
1.82536
14.5242
3.77152
17.6823
10.6587
12.8494
14.2074
17.9312
3.47959
9.57275
2.24365
4.92711
7.63156
2.4725
11.8485
14.3653
12.7572
1.84497
17.3363
9.77403
11.0767
8.01486
19.7188
6.35793
0.891567
6.7672
15.7417
6.37575
0.216209
8.92091
8.03405
6.2497
11.1128
1.89696
8.6376
7.94582
17.0282
7.0443
15.9121
7.67094
3.12095
16.7494
1.30785
18.1416
3.90529
16.5246
12.5542
2.38046
2.19953
8.10196
4.58061
19.2652
12.4801
10.4526
0.491054
13.6085
4.02363
6.29609
13.4633
7.051
7.57086
8.87616
19.2147
14.4212
17.2586
15.4859
4.1198
8.07778
10.3722
14.0106
8.76698
3.45237
0.11078
11.0618
13.6307
10.7144
11.3214
16.4001
14.7478
0.83391
1.09065
4.47812
11.3124
12.2226
7.70778
8.96153
3.42423
4.19106
17.3153
15.8719
14.0072
14.2196
2.31324
15.0529
14.506
1.89224
6.3061
9.75059
3.10699
13.1869
16.0491
12.5444
4.70827
13.374
10.0866
19.3086
17.5306
19.0652
9.87335
5.71605
12.4054
0.173492
17.4818
8.34459
11.6731
4.85284
12.9627
0.686602
8.88628
4.88093
16.0036
0.668498
2.14992
19.869
12.4776
8.87619
10.6325
3.99915
6.54682
19.1265
17.909
2.11298
9.38992
18.1161
5.83445
15.2268
11.043
0.635377
13.678
1.39098
5.52765
14.6034
8.38724
11.198
8.37463
16.3901
12.6357
8.80094
11.2673
18.406
11.9841
6.0767
7.64689
4.03974
4.52442
10.4572
0.897181
6.28434
15.4383
4.76109
19.1885
15.9383
0.341792
17.9675
11.5179
14.7545
19.4698
15.3488
13.6264
13.4953
8.71554
10.8954
8.77185
17.0791
15.4222
17.2408
0.577061
14.2376
0.449355
1.29718
16.5052
17.2174
14.3
11.3205
14.1023
11.9353
15.0907
1.83304
14.1007
14.6691
4.41637
0.450548
2.83569
7.40149
8.81654
6.76116
2.01046
3.01426
19.1139
12.2499
1.54202
17.4838
14.1083
8.90886
13.0308
15.2371
1.28408
12.5853
6.55278
2.19254
18.5738
12.7119
4.72237
6.1173
14.9248
6.31738
10.1685
7.10082
3.42175
13.139
17.4046
7.23925
19.3738
9.02776
6.08587
0.0781431
11.8826
7.13126
8.07926
17.3775
2.5854
11.094
2.49226
4.69001
12.0892
11.6633
15.4898
13.8825
12.5311
16.4482
10.2635
13.9738
14.1082
10.4222
1.20708
8.02231
9.23129
15.6882
16.8973
2.27389
0.244427
1.21534
7.37532
8.0856
18.1384
18.8775
16.0882
14.449
10.9141
1.37649
1.00973
6.38165
9.06152
10.0443
19.9689
18.9559
9.57943
19.3437
4.3662
17.472
7.62699
12.7849
1.59279
13.4106
7.2225
12.0279
0.173721
15.9744
18.9578
7.93415
0.551586
19.2966
9.33208
14.2564
9.07345
17.6027
2.72532
4.0505
16.6891
15.6014
0.368583
14.8169
18.9997
0.849607
18.1986
15.6843
1.17531
11.5697
2.21182
19.8295
6.07695
8.84186
10.2264
1.54885
3.14404
1.4962
12.6745
19.5646
8.64235
6.13995
13.6246
14.2467
12.1757
11.7793
17.3396
18.9756
5.82818
12.7717
0.944771
15.8045
0.361339
6.85912
12.048
3.87729
16.4006
6.42804
5.70734
15.0306
8.96247
5.95621
1.01123
15.6298
7.74108
17.256
11.675
13.8245
2.15428
2.74798
8.56038
4.58131
8.35452
18.3376
18.5861
2.17002
3.13208
14.3949
5.73321
10.2499
19.9631
12.7762
0.571715
4.64613
15.4876
0.0579264
5.47275
8.62103
15.0206
6.01944
1.66608
9.55008
17.3131
12.7145
9.18792
11.3179
11.0892
4.23201
3.0694
5.04796
4.38406
2.91981
13.0812
16.0538
17.9913
19.1329
9.5923
15.4235
13.6927
18.5224
5.62063
19.7521
0.431752
2.53311
14.6586
7.3487
14.5977
5.22892
14.2211
15.3703
0.474471
9.62876
6.22293
2.24992
18.8504
16.4334
15.3723
6.64507
15.8769
7.66251
19.5675
16.814
9.41537
12.4107
11.4274
0.0485908
10.4278
8.61709
2.14419
3.1481
3.6007
19.6882
15.2717
7.50965
19.2052
1.12753
2.8567
11.2551
6.29721
0.901416
13.9864
16.5594
12.4265
14.1625
9.90231
16.3476
10.6689
15.4901
11.0658
11.9531
13.2372
19.6542
7.23965
2.55001
4.69192
4.75749
11.2485
6.11693
19.3757
16.5263
18.2922
15.1185
0.23254
4.51996
17.8466
8.98661
7.11839
3.58748
1.67678
6.62093
15.7467
12.5619
6.36083
15.068
1.57744
5.73137
2.07346
10.0849
16.7637
6.40981
15.6079
7.37047
12.1483
9.49918
10.2647
7.74668
15.502
0.182615
8.70362
1.33561
5.36705
0.860156
3.56277
7.77906
10.4525
2.33496
13.1136
14.0019
6.53925
2.17134
0.482597
2.93426
11.979
8.70066
7.80508
19.1672
15.1723
18.0158
19.7974
17.9315
5.50348
14.5538
10.7779
0.987403
17.8292
9.1614
11.3038
8.36366
17.063
10.6288
7.85917
17.884
18.7679
18.5952
6.49063
8.97748
3.44917
3.91084
0.0126694
11.1258
13.9523
16.1819
7.30144
19.7542
0.357483
11.4368
15.7596
2.25212
8.41478
10.6121
6.74752
3.9289
11.1328
14.0365
11.1311
0.931276
2.16272
8.57755
19.9002
9.55247
14.0972
2.57137
4.08254
10.9902
19.6177
2.58216
19.4912
5.35349
18.1326
14.9068
8.61941
1.19471
10.5104
19.1062
7.4766
16.2443
13.7945
2.60907
15.041
16.1191
12.8851
1.72464
17.3086
15.1429
9.0532
9.09242
19.5185
9.27707
8.70398
17.9844
18.4475
2.33452
1.47712
2.54486
8.1004
8.92648
13.9383
15.9252
18.9572
13.1769
8.93975
15.9031
8.88133
12.139
18.9683
6.64809
9.89348
11.0956
4.06661
15.1963
3.15263
8.26726
2.50741
10.237
17.8637
3.46203
16.8979
14.3032
13.2249
0.10201
3.02004
8.57435
9.97474
9.85453
16.618
9.24382
19.9922
4.1936
3.35744
2.35439
0.357591
1.36434
12.3033
0.780262
19.816
9.23466
7.5538
6.53273
18.5565
4.21408
12.3098
1.56716
6.35119
13.7003
11.3087
12.0983
15.0393
11.072
8.28505
12.4828
8.8974
16.6524
13.3475
3.39384
4.4182
6.62053
16.6893
8.88296
1.25551
19.7302
12.3495
5.78797
16.6911
11.3395
3.92469
13.7027
8.33105
13.7079
10.8604
10.3857
12.0123
11.428
12.9274
9.25441
11.7748
1.05275
3.98066
11.7675
5.34493
18.4507
4.36306
2.38014
5.34882
9.26749
9.85206
12.6886
9.93035
17.5952
14.5897
17.0698
11.7482
15.1142
15.899
1.00424
18.9327
7.51868
14.5997
4.67636
3.69575
4.65437
6.02405
6.53986
3.51605
4.60091
3.29173
10.3043
15.7888
0.341619
9.39971
9.34492
16.3921
9.31777
9.13761
18.9686
9.73897
19.355
12.9633
6.71383
4.28446
9.18653
1.87493
11.4326
14.7175
2.77967
17.4412
6.60337
5.2238
5.26144
12.3676
4.74921
17.5982
10.9536
18.1608
2.77008
2.74926
12.8845
19.1279
7.48494
12.2983
16.5813
4.32485
12.9338
7.45522
19.5091
6.34494
9.73504
4.72545
0.477734
18.3725
5.15982
12.1942
14.9608
16.5201
3.06374
11.4679
19.8652
15.9625
5.13141
4.58401
9.10217
16.68
0.485214
9.02843
1.12155
13.0519
10.625
5.28829
13.428
4.36141
7.51876
5.03437
0.579653
2.60732
9.59739
8.91444
18.0814
1.71904
15.6211
16.3792
17.2284
18.2285
0.566408
19.1635
2.41769
15.4507
7.24224
19.8524
9.13214
18.3729
12.54
7.99996
6.77264
15.2198
11.8962
1.65301
3.36346
11.7581
12.1267
0.31638
7.25692
10.5373
15.8355
0.381412
7.84948
10.0963
4.39564
16.5367
19.3769
12.0205
19.5834
14.3289
17.9374
2.26439
12.0022
2.50189
3.28419
8.47192
10.4448
13.9154
5.35414
17.7135
10.539
18.9224
13.0475
12.3221
14.5771
19.4111
8.71254
18.8219
10.5407
10.3891
15.3834
18.5174
16.9474
16.7656
11.3595
7.27213
3.53996
14.4669
1.561
14.3052
7.11312
18.2209
5.86772
13.3912
8.00113
6.04027
8.26174
13.015
19.9467
3.05905
15.8451
15.3961
2.43159
3.07504
12.6249
6.80902
19.0238
2.9484
6.62902
2.70111
8.17335
18.2023
12.6163
6.20868
6.92212
15.5642
15.896
2.39631
12.048
10.0981
16.4374
2.54208
1.73737
7.11844
16.5944
4.73887
12.0731
1.30241
10.1983
15.3072
6.27965
19.1523
4.48005
17.85
11.8356
6.04134
7.66164
14.5852
11.272
4.27541
15.8324
7.60413
15.6688
9.6203
6.88353
9.41653
8.75792
19.886
11.2654
19.8234
17.0008
9.54153
14.194
2.41158
13.6148
7.20371
17.6789
5.09615
6.51154
11.3739
10.6453
1.59212
5.52116
10.3085
18.6434
16.1306
1.86513
5.28084
1.46661
9.9818
19.2081
6.45321
5.86249
2.0835
1.52237
7.80135
5.80373
10.842
6.49741
3.96592
14.2894
19.7989
3.00474
9.33768
16.1498
12.4867
18.7829
15.0852
13.6065
16.5129
2.54918
10.489
1.52816
2.25824
1.00289
13.0683
12.7313
11.0079
13.3138
4.92926
18.8978
13.7414
16.6337
7.72705
14.4175
7.3258
9.57359
4.64392
12.0659
19.5279
4.79358
9.24362
7.2556
8.86509
4.27358
2.18059
1.61818
2.77919
13.9022
13.2651
11.2847
9.8005
4.7567
0.135355
8.13659
19.6214
2.05715
10.3405
2.96796
19.2441
4.8411
15.7534
10.971
5.97195
4.3117
14.1554
4.17384
7.81731
6.24874
18.5848
16.5032
18.0094
12.0964
8.98163
18.4009
13.3915
14.8897
3.48687
12.0125
3.56024
15.0213
1.88112
14.8925
14.8049
1.50723
17.6403
17.7201
1.7526
5.42916
2.79358
18.3107
19.9969
8.95243
13.6273
15.4413
19.1633
4.54819
11.563
19.5927
3.04276
3.59486
5.211
7.866
3.92123
10.0656
12.9412
11.0028
15.5167
3.71762
2.76142
9.29885
3.2554
7.41897
8.49961
1.83826
8.39428
13.5847
6.92911
6.57974
18.1456
2.0478
12.2144
5.81307
0.495407
6.08855
9.48482
2.36208
13.207
12.292
3.0144
0.428373
2.45295
18.5841
17.6743
16.6942
12.2338
9.84189
16.669
8.33594
4.55341
14.3445
0.193042
2.29239
0.346098
16.2703
19.1822
10.5679
14.3948
12.0003
16.3039
8.29771
0.572824
14.5753
18.6475
17.4444
10.7542
1.0341
6.64021
1.23383
3.22921
2.04799
13.5945
11.3109
6.12873
12.5172
5.55423
1.93794
5.06033
5.10134
11.3472
8.46594
12.3543
0.947543
0.384419
17.6208
12.5192
2.7144
17.0438
1.15373
11.9207
17.9959
6.98245
8.56912
2.63053
13.0663
5.34206
9.62161
18.7661
16.4521
15.3674
3.90642
4.48593
17.4402
18.8631
7.99369
8.0732
11.9903
0.558716
18.7963
7.6387
9.65622
0.45765
9.40894
1.08808
10.0859
18.0374
11.1743
4.33323
9.91194
5.85273
13.8756
8.14889
16.2697
10.7389
11.9264
8.13728
12.8052
13.5516
9.08491
18.2167
14.0924
12.1351
19.2476
6.09317
13.9722
19.674
11.4285
17.9775
15.9268
7.93413
5.35809
10.9217
18.647
1.83266
10.154
0.0735916
19.6975
10.1887
9.82354
0.565361
15.8447
13.1491
18.2253
10.4684
6.86157
15.4744
18.4987
12.4582
16.7143
9.94596
6.31467
7.76941
5.98891
16.0369
19.0831
18.4425
5.87397
16.7533
15.3171
18.7829
4.5574
16.0695
6.38972
4.22785
1.3396
11.1776
1.60099
17.2946
4.85294
9.43562
11.2988
8.21528
10.9867
0.0622849
9.04507
15.7139
16.9933
9.91123
13.7113
12.2831
5.64602
16.8945
10.3736
1.7967
0.897617
9.7147
17.7366
8.56342
18.2148
1.56609
0.400863
8.50509
0.771053
14.4303
7.43835
12.3246
16.7063
13.5349
9.17762
17.1358
15.1209
11.1179
2.52132
3.06916
1.18118
18.9309
17.3112
3.2024
18.7515
17.7646
7.75503
17.545
12.8882
3.94898
13.5253
8.05901
5.43808
8.8822
16.4716
7.77943
12.0289
5.81528
2.38607
18.8521
2.36572
15.2721
11.4515
12.3569
9.73489
4.47894
1.9835
18.8418
0.670969
8.27216
14.0984
10.101
2.22099
10.1559
1.70421
12.3738
8.33306
19.0676
17.5041
5.10303
16.417
12.577
9.16794
7.83207
4.56004
10.6271
19.8799
1.53932
7.53534
8.30052
10.1454
10.358
16.7691
17.5019
18.2451
8.99972
6.46488
6.93033
2.55624
12.6763
5.12639
6.29283
15.2189
10.3886
3.32401
16.0096
11.9048
18.924
4.97593
19.4921
11.2858
15.1393
7.701
1.35495
6.67763
11.2563
18.617
16.7868
16.6054
15.3837
3.21198
2.89884
5.0251
15.1213
17.2096
2.22374
13.3576
1.88229
9.52838
16.6395
0.352346
7.14685
5.05231
12.6426
12.5991
13.6058
1.87059
3.89773
18.1829
14.8354
16.052
12.951
9.19068
6.82146
6.85198
2.82102
2.56394
2.78457
13.6558
15.7951
14.5679
8.55596
16.6256
12.0388
10.8981
2.23141
1.61207
0.179011
19.1046
18.2383
1.86735
8.31467
19.4329
10.808
12.2472
0.467016
7.36494
8.59871
9.26537
18.2573
8.38861
10.3647
2.09802
14.3085
15.4144
14.3586
9.85256
13.2006
10.6399
13.2396
13.0569
12.1356
17.5126
1.27949
1.8484
12.312
18.3151
10.8841
14.0662
4.65857
4.68436
5.19572
0.238282
1.03518
13.4535
10.8983
10.4801
16.0469
0.40802
15.9881
3.7962
4.30829
5.34062
18.0764
10.3033
3.89036
3.84329
1.83462
13.9586
6.9714
6.54496
14.506
15.6127
5.15523
2.66956
2.37946
15.7964
10.5755
19.9865
13.2902
10.3015
18.2524
17.9857
3.15485
9.77698
12.2451
13.7917
0.991496
14.6078
4.52723
18.6488
2.48639
0.160403
2.62499
9.58893
0.868312
4.74702
6.68213
5.62492
12.0871
2.14484
5.38228
7.19559
18.45
13.1559
3.40698
14.9847
16.6121
19.8939
0.561537
7.78777
5.68618
3.22025
5.63761
2.25011
2.49381
11.4507
7.60918
6.85246
1.86545
1.0846
19.1378
8.69198
17.5396
14.8439
19.054
8.80123
7.19118
18.5378
4.27127
6.99645
1.40816
18.3559
3.67396
9.48198
18.4574
0.564525
19.3149
15.3983
10.0335
19.7787
8.40199
7.01735
18.8797
0.101669
8.69161
1.70293
7.22723
2.32848
2.19944
15.4221
11.7813
3.14978
15.4559
8.8952
5.93851
10.5913
8.44262
17.3001
0.487182
9.15948
7.71241
10.3817
4.78292
7.74386
13.7251
13.5648
18.992
1.09455
11.2589
16.6114
8.60568
0.313633
9.39911
19.8961
9.53033
16.7754
0.795342
10.9931
18.4494
17.1505
18.4719
3.87374
0.57125
13.4256
2.73446
2.56636
7.93869
3.38728
6.95366
14.9603
9.21057
1.84745
6.96276
18.136
3.4905
14.9473
11.5288
6.98313
15.819
9.82169
7.64468
7.39837
2.95335
17.6627
10.833
15.3391
0.0314453
4.1439
7.33012
17.984
3.15558
2.00165
15.392
11.3136
3.20952
8.26627
1.958
15.0363
17.8128
16.0558
18.891
16.8614
18.7581
9.01132
13.7138
13.9395
10.9291
5.15347
0.85617
19.8478
15.0799
1.81906
19.2678
1.99008
9.49342
9.21161
14.5679
1.56485
1.00443
11.4352
1.39555
16.3188
5.36038
18.0195
19.7737
5.22858
12.1132
8.09193
0.254723
8.6787
14.7185
8.05783
16.4727
14.034
9.58722
13.4904
17.9527
0.653706
7.58081
7.65927
1.13864
10.4733
12.0937
8.36429
12.8598
14.5017
15.5687
18.431
19.6494
14.4872
8.11961
11.7953
10.5494
12.7436
16.8195
12.278
14.4964
3.50411
18.9941
3.16634
9.83308
9.97202
5.93
18.1747
16.2356
16.2136
11.1982
8.07447
8.5978
16.5993
17.8739
10.6992
17.2812
16.8194
15.7017
17.1875
10.4865
9.98725
8.30318
1.52131
2.0276
14.976
5.58474
5.19327
7.23337
9.04217
16.192
8.66517
3.25077
4.7711
10.3554
14.0905
17.4037
11.579
14.0295
1.68926
13.1607
13.4228
7.36964
11.5686
4.64813
8.29671
1.49147
4.06717
4.11451
2.11893
5.23102
12.6255
19.926
18.0595
5.19907
2.55457
0.145358
8.15514
9.37803
2.8133
7.72336
12.404
6.5321
7.02723
11.0531
17.6251
16.97
19.7252
17.4994
7.71978
16.7872
0.219729
0.196505
5.41943
7.14814
9.42305
18.5059
0.159436
6.93704
2.31075
7.89162
18.2641
6.46555
15.4266
2.89472
17.0084
10.9841
16.4832
11.1849
10.3665
2.40062
13.2858
0.300551
2.48582
15.3134
11.4826
11.7192
14.6965
5.59912
19.572
14.1984
10.5887
0.351941
8.64372
17.0907
9.85611
1.92452
16.6159
6.63825
15.7119
9.78672
11.1862
4.51057
11.5499
8.95019
8.38546
18.2547
17.7701
18.5601
3.01249
8.03865
4.39937
2.39289
9.75474
14.8174
6.05041
1.16009
19.3755
12.3567
5.83764
10.9071
3.10337
12.2298
6.15194
2.69881
17.9681
19.5272
14.1324
3.34612
11.4056
16.4312
13.1549
0.789526
9.46508
11.636
6.46604
2.49174
5.82992
19.6541
9.77644
11.2641
15.306
6.64599
3.05448
7.59496
10.7451
4.45088
3.05481
10.5087
3.93732
15.5875
8.57274
5.19511
5.00849
19.8977
9.07947
10.3211
1.57455
19.506
18.5382
19.2379
3.36021
14.8461
0.694821
14.5445
14.3507
18.5223
5.78572
5.77935
6.52324
19.3818
2.06574
6.74614
18.3244
13.915
7.83752
13.8251
3.44119
16.2041
13.8786
14.9301
3.17373
10.4613
17.6789
14.7945
17.9078
9.27221
2.03416
16.9546
10.6732
18.1704
0.053599
5.16952
9.07639
16.8879
6.9406
9.0023
3.5304
18.2457
11.4707
8.5157
13.648
18.4199
18.0637
12.6036
4.60568
15.217
18.3893
2.3532
14.2114
8.33225
13.7248
2.06006
3.85602
7.23744
7.60973
3.50749
15.3249
0.776333
8.47065
6.69353
8.71287
18.7059
7.06117
1.05297
11.146
5.44787
16.3012
1.7343
1.74123
15.7227
5.41501
19.8366
18.2675
11.3618
1.10288
8.20721
2.93116
2.18692
18.0549
4.71354
16.7488
11.8773
5.85931
6.10272
14.3972
13.0851
12.5387
16.7688
0.11006
14.6231
2.49942
13.2329
10.3913
6.26645
11.9843
10.6644
17.741
6.5462
9.9646
15.5411
4.27329
7.55522
5.42808
1.7875
10.0082
11.479
13.1161
18.5107
7.6249
11.5868
13.2914
19.3969
16.0805
12.8524
5.50618
10.8518
4.60141
7.25996
11.0626
14.1867
3.21419
13.4918
5.61134
5.05636
17.241
1.79347
5.26405
1.66183
15.7948
13.1081
1.74937
5.71068
15.5132
3.94081
10.1534
19.5172
18.6333
2.21764
14.294
8.44468
16.4706
11.6795
13.0532
12.4717
15.7641
7.95832
18.7531
13.9613
3.24779
0.833424
19.5655
8.00621
15.3372
17.2028
15.6045
15.5751
5.75234
9.97542
7.15854
9.66576
5.65937
0.287446
14.2073
17.9794
5.70891
2.74391
19.5322
9.16046
4.60285
19.5454
8.22125
12.6509
7.20356
12.1532
0.850252
18.317
17.3751
18.9298
1.1283
4.09833
11.6456
5.14451
10.9468
10.4868
15.329
19.4292
5.95673
13.0646
7.61167
5.80178
2.04615
1.73753
14.2115
9.5521
1.8276
1.40864
13.2467
8.07873
17.588
18.761
9.38704
10.1738
14.6107
17.1754
3.26391
16.3257
0.203019
13.7189
3.23419
2.83105
13.4705
1.26734
8.84591
2.67224
3.9154
6.58579
13.4335
16.2431
2.76228
18.3206
13.5384
12.5257
10.0351
5.47644
2.98213
9.26812
9.51007
19.0849
14.7806
4.93561
0.0388206
4.27215
7.21118
15.3799
7.59753
6.82539
7.35724
10.958
2.76588
7.93034
9.98069
10.2463
19.4075
13.4528
15.1976
5.60125
7.9999
9.26057
6.90726
6.9733
19.5389
12.5711
3.6227
17.3101
10.8535
18.6856
19.4995
15.515
3.67889
19.9669
0.581427
6.09715
1.54755
9.08866
10.5375
4.62632
2.44832
10.4797
10.6482
15.3079
14.6747
1.87486
11.5824
2.14596
6.31814
2.06352
13.3295
11.3109
16.5174
14.404
18.5426
8.4834
14.9592
15.3529
17.4457
0.597336
2.9168
5.56581
10.6336
11.5951
9.69997
19.6313
1.6599
9.19819
1.65806
17.6105
15.6615
13.4366
11.3473
8.82402
2.37383
9.74737
7.50764
7.86934
16.8077
6.69005
11.1257
7.51977
10.5193
12.8124
18.9677
8.28243
6.08465
9.42114
14.848
13.6433
3.25963
11.657
16.9036
17.91
2.87493
2.82376
0.549733
19.5358
3.06316
5.79075
5.24234
17.5772
10.5255
6.84372
0.714905
7.97598
2.22348
2.1937
19.2405
14.4042
9.56441
7.53256
16.3627
5.85013
18.4671
9.41786
15.8547
12.4236
14.0213
19.9015
18.7272
17.9242
1.83431
5.69683
15.3653
0.258313
16.5501
1.09076
17.2597
16.1925
14.8682
2.54507
1.83671
15.0381
18.1657
18.9401
19.291
16.9462
2.69212
8.5258
5.62645
8.2069
3.05743
0.664382
2.41968
10.9555
11.3823
13.6146
4.81815
5.57836
10.8906
7.74708
18.8415
16.8465
6.79202
11.9904
8.70476
8.42784
0.0980435
13.1327
11.2224
1.47969
12.8164
9.16776
10.1858
0.90008
1.11901
19.3594
13.3848
17.2067
19.5817
15.2075
18.9771
3.85047
18.705
7.63821
6.18705
13.7971
2.63125
16.5345
19.3545
15.481
19.3803
16.5831
2.21557
8.05268
7.28979
6.93263
2.84248
11.7869
7.33985
1.14129
0.723488
1.99604
5.50308
18.8103
18.8199
13.5609
14.0472
10.5634
15.3688
3.24899
16.7468
10.3576
3.77925
16.9436
14.0678
4.6709
19.3551
13.8906
15.6769
19.9885
15.3228
14.4096
3.47782
17.6921
19.0193
1.65682
8.83255
17.0694
5.19681
12.0288
7.11759
14.9967
7.69739
8.2367
11.6799
13.0669
11.7112
15.096
15.7855
0.311361
7.88149
16.5621
3.18881
12.8299
10.1151
19.2629
7.91379
2.17333
19.5457
4.42917
12.4785
5.23502
16.6408
2.40167
14.8686
8.76599
1.2646
4.11386
13.2524
13.4014
14.8172
19.5551
10.8877
4.30585
17.0857
16.9175
3.34361
7.60605
16.7924
3.73588
19.7457
1.58637
5.57317
6.07482
10.2449
19.1802
1.07769
11.7644
7.64013
19.2233
2.92141
16.814
5.09439
8.80058
13.3345
8.60022
8.5322
4.94336
0.522888
9.43993
0.531509
7.36292
1.91861
2.45457
12.1494
18.4696
18.4493
2.12193
15.3186
5.22644
19.8387
4.29038
6.61516
6.81804
6.79715
9.05314
2.9304
9.37331
15.1171
7.20163
4.97909
11.1767
8.67208
13.9383
16.2539
13.8444
19.935
5.11451
1.50802
9.34636
19.1196
1.62516
15.4682
1.69881
18.4921
15.3691
8.70407
5.19222
16.888
4.65736
19.4071
7.12181
3.03242
2.92439
4.06063
4.92327
9.88512
17.5606
18.556
10.5571
7.33242
13.2205
6.56344
5.64836
9.44705
6.73205
13.5637
2.53701
12.2551
10.3321
9.51961
5.05334
3.57025
10.4556
8.54012
14.1862
17.2717
18.7906
2.74716
0.353114
0.217384
0.677407
14.0313
5.51713
19.2344
13.1436
8.98946
19.3871
2.50633
7.29457
4.5887
10.3664
8.13835
10.194
13.1181
10.4577
4.5895
2.74331
4.78294
17.4066
5.88351
12.1339
8.07071
16.0499
12.4827
8.36042
4.68055
5.63122
8.78528
14.873
9.48646
3.36821
5.34647
19.0547
14.5569
1.80509
12.1324
5.64198
3.2281
17.0473
6.72605
11.3577
17.1101
4.81746
8.3033
4.21268
5.4013
13.8783
7.57598
7.35666
19.4532
9.91913
3.90868
16.5055
10.3415
9.03939
7.13237
8.83292
8.43856
8.05487
6.62979
2.75555
9.8162
0.260091
11.0303
18.4648
12.5784
12.4598
9.95977
4.80942
17.4071
17.2216
18.9992
1.22869
17.1663
1.17545
2.97871
11.7437
16.8947
14.1888
16.6385
11.6781
1.36673
10.7121
11.3808
8.32569
6.5483
1.60269
14.4072
17.1297
2.72813
6.39742
13.1404
17.8343
7.97149
14.5444
16.1243
14.8155
14.5063
2.00474
8.45598
14.3235
13.9508
14.6138
8.38879
1.03987
12.3285
10.4576
11.3738
10.7894
19.8537
13.9316
8.90487
3.83214
3.88585
5.17845
5.85218
15.6197
12.6211
1.0764
15.7576
19.4291
5.13018
6.7458
8.89977
0.522069
0.270475
7.50712
18.1224
12.4628
16.14
19.7947
2.7738
7.95397
17.3899
5.89324
13.5977
13.759
4.34888
11.7803
8.19155
11.4375
19.6945
16.1115
14.7252
9.22983
4.07625
2.17535
15.4538
3.52013
5.24835
6.41139
8.09774
10.8377
9.34683
5.05218
15.7543
2.47447
13.9451
16.4197
14.4281
15.9029
19.1806
13.7177
3.98297
11.6603
8.5435
7.39654
3.22754
9.2873
16.2012
4.7036
5.98209
1.09544
13.1191
5.02366
4.14567
6.60849
2.79466
5.29701
13.6182
16.3011
18.1356
19.2094
0.444836
18.7949
15.5408
11.6021
17.4604
9.10671
12.4253
7.91733
12.0262
15.1124
16.9399
14.7871
6.58978
2.6783
3.97704
19.1759
17.3977
11.5622
19.247
11.334
2.56536
15.1616
7.64954
9.26378
12.2858
13.482
2.89467
15.0127
14.4044
17.9463
17.3108
1.46925
0.931645
19.1606
14.5258
13.7516
3.76891
16.173
14.7607
15.0412
8.78573
10.5205
17.395
7.85099
2.49652
15.7575
0.430618
8.02785
8.94608
0.812318
4.02409
9.26467
18.2057
9.68713
4.69843
6.88033
15.7237
2.9508
6.09103
12.29
17.1094
14.924
4.99552
8.21316
3.97927
15.5798
6.71944
14.6925
11.1249
14.3246
6.63439
18.4009
4.53847
13.1228
2.57366
12.0684
15.2314
0.254766
8.90857
4.01292
0.469516
14.0411
18.5572
16.1173
11.9849
3.16736
7.76303
2.73744
19.3551
5.18795
7.42449
16.9623
8.69348
6.10337
1.20911
17.8586
5.56375
5.6958
5.2805
17.0632
5.39146
0.0485351
2.76161
10.6558
19.949
15.1902
14.8334
18.7719
11.4875
10.0606
4.75396
4.52405
1.7754
5.54024
14.6491
6.88823
14.0925
6.52501
16.3427
0.495515
9.06408
11.7559
2.08861
6.92487
11.0122
2.27331
1.99891
0.914989
3.72371
4.37081
9.42677
4.71511
15.993
12.3854
18.1546
15.4293
12.418
2.4372
10.6309
8.11061
8.31204
16.4712
5.94009
2.27777
15.7059
8.16922
6.27831
17.8567
15.1494
6.91644
19.289
1.80271
18.6489
16.3603
2.24622
11.2235
16.5666
12.1133
3.88742
4.77689
4.89388
1.27899
17.6046
18.09
6.22092
13.1059
16.9685
10.5693
0.903796
12.5238
7.22225
10.8578
7.14711
5.48293
11.1131
18.4383
10.4736
18.5699
1.00986
4.50256
6.61359
14.9419
13.2445
15.3794
0.596738
5.88606
4.25357
4.77963
4.27437
16.1512
2.83719
1.2422
11.4898
10.9216
19.2856
6.25282
14.8735
12.6691
10.1451
19.6195
17.4026
0.0440822
0.384882
7.33386
3.02569
13.788
4.59008
16.7306
3.5684
1.9755
2.95104
10.2341
5.49117
15.9439
12.3009
4.08044
2.19395
16.7396
18.0277
19.1303
18.2054
16.312
16.3008
3.89211
17.4806
6.13361
8.29089
18.0027
11.3814
15.3928
12.4578
1.76719
16.2385
13.776
1.19653
18.2147
17.7675
8.91918
4.64308
18.8727
19.1314
4.73956
12.0933
15.9922
1.85706
12.7997
10.0899
19.6589
14.2446
2.08867
19.9608
11.9937
1.87843
14.3965
17.5947
17.9287
10.6081
6.82719
14.0431
14.7589
7.13016
4.41485
5.25231
6.6095
8.80034
4.82631
5.22221
11.7619
12.246
7.59468
3.97881
11.594
12.8449
8.83214
6.35448
19.2329
3.44199
2.91728
3.62751
10.0405
8.75656
16.7134
6.20354
19.9426
10.0093
2.36601
4.44463
16.5252
1.61959
12.672
9.12329
14.2256
7.3933
2.61463
7.06401
0.580477
15.9541
8.9199
2.4915
8.22207
10.1004
7.59303
13.4121
3.20851
10.1949
17.0373
3.85211
5.10642
0.0432563
0.451119
0.20864
14.4432
13.7972
4.21971
2.51081
17.0434
15.4164
7.43452
2.92356
5.72305
4.00751
4.27866
4.35892
5.43328
2.73713
19.0277
16.626
9.13793
5.06405
13.2074
17.0822
19.5572
11.4147
10.6046
11.6361
5.62341
19.2216
16.5541
14.6977
11.3841
5.5741
16.7763
8.61176
3.27918
10.3204
11.7596
2.66525
4.43649
6.42664
0.736977
9.31427
15.2577
3.72432
19.0875
18.9938
3.37795
0.417541
19.4839
18.4819
14.5131
15.9768
7.79963
18.9001
13.4166
8.55504
11.6033
14.0657
9.98502
2.54173
11.6202
2.16217
2.3721
12.0381
15.1291
3.90576
7.51953
15.2227
9.20442
7.01791
3.21005
15.6058
5.63932
15.5397
10.2269
9.70031
11.021
0.752409
14.5205
17.3152
12.5821
3.98513
12.7779
12.6789
16.9036
14.7567
14.095
9.69945
19.1214
1.23401
18.4128
16.3109
17.9219
2.68865
12.9625
5.90139
2.90666
17.4419
11.3244
1.5863
6.57398
16.4244
11.8384
1.90895
6.0355
8.37834
16.3416
7.10136
13.7996
6.73787
18.3403
14.0638
4.63068
17.8635
13.2148
14.3836
13.795
10.7728
6.9622
11.4282
12.3561
5.26719
18.5807
4.13788
13.9051
3.06873
14.9389
4.38837
3.19261
3.44585
14.3688
1.01538
3.5448
16.838
4.36051
12.8894
6.41612
14.8779
7.629
1.39227
18.9906
11.9457
8.76573
13.6629
2.92136
10.2165
15.2536
0.426942
9.00855
15.7882
17.6713
6.94436
3.08604
18.5229
10.6544
1.0136
7.22887
9.21185
13.1966
12.2153
2.94416
5.28949
8.41132
16.6423
18.5007
9.9958
11.5487
1.41104
16.8567
12.1366
2.50376
9.39249
11.1664
1.13813
14.5478
6.17519
10.1545
17.4036
1.14548
12.7837
15.3415
9.8771
17.0065
9.01035
4.87757
19.0895
11.3415
15.3553
15.5711
13.0136
2.73249
15.1333
5.54132
7.29716
2.45006
11.5798
15.0956
17.7459
12.7807
11.1873
17.5479
10.9402
0.642244
17.7747
13.4664
12.9051
6.05815
4.08093
0.843625
12.1088
0.820755
18.5692
10.8239
2.86071
11.5655
4.03126
2.59084
11.0771
19.1799
11.3901
13.4255
6.75146
15.0521
9.02845
10.0201
7.43242
11.5015
11.1413
18.8857
4.08564
14.024
4.88403
2.99247
14.33
18.4537
5.03917
9.49347
2.62673
4.69501
8.56189
6.26883
12.319
13.8434
15.0573
3.41076
12.0495
11.89
16.9014
18.9153
10.6414
0.542658
3.60542
17.8158
18.2923
3.58458
2.03733
9.73731
9.28385
4.55005
0.510442
10.5021
7.07446
9.89015
3.02213
6.91953
3.84243
19.5009
2.32422
18.8729
7.60862
17.9612
15.3762
16.5562
12.2819
4.24748
19.2814
13.9698
10.4233
11.7471
0.086481
0.0758432
18.177
4.16552
2.68074
5.94899
9.54007
16.7309
12.4222
15.2294
19.5632
6.23013
8.56037
1.2675
3.20861
6.99166
14.2533
14.3563
6.80783
17.9991
5.91964
3.57879
17.0282
11.7237
13.405
8.19178
10.7134
17.3869
3.20728
16.0173
14.543
5.11691
17.7235
3.52409
14.2735
3.8171
4.82921
13.0392
17.8607
8.53513
19.8017
13.0587
11.9085
8.95337
15.3844
0.0288071
17.5962
1.94266
12.5345
18.596
14.9403
17.8148
14.6424
12.2925
1.36611
2.92721
11.9929
5.6843
9.8109
16.11
3.59439
8.71151
15.3909
3.52784
2.04955
9.21075
1.50701
14.7261
18.2697
4.85957
17.7408
10.7882
17.4633
1.81601
19.4737
16.1323
16.7329
11.1167
14.6843
12.4589
4.57743
0.88462
8.28878
19.946
19.8736
2.93685
14.6127
4.63628
9.43756
14.6171
3.29176
18.8068
0.0359925
13.5556
10.4081
12.4648
1.75449
6.57182
3.15699
17.7338
8.1544
3.48961
11.3329
6.53835
5.13881
5.3742
12.1993
1.96701
12.0665
10.1523
5.11538
15.7621
3.68463
14.0801
18.4857
1.20369
18.7054
0.0528209
3.12914
17.0549
2.43949
10.6065
8.01564
19.6787
8.39258
8.72832
2.17127
11.3311
11.7836
7.12284
16.8516
14.8082
12.2589
4.79083
14.73
10.7082
0.0472717
11.4396
14.8064
11.036
10.7263
10.08
9.2806
6.52712
1.5878
0.868598
18.9491
16.1947
0.478894
8.73488
19.9428
5.15725
16.6616
17.6274
2.1938
3.62875
3.43749
0.290667
11.3843
19.8408
4.70192
15.2986
13.8999
10.7093
19.2768
1.55704
4.21424
11.7374
15.6939
18.4263
18.8241
6.44596
2.09117
0.427118
14.8124
11.1739
15.0379
10.7046
15.9913
1.45605
11.3002
3.69218
17.8254
2.05107
12.1061
4.7405
8.82772
12.3874
5.41222
1.50009
10.1368
13.0071
1.10518
9.81359
19.8583
4.19236
16.1741
19.971
10.3813
7.29059
16.2326
19.2647
4.88108
8.63566
14.3637
19.2023
16.3324
9.01698
2.58935
17.2959
12.9994
9.7675
13.1398
3.12402
18.4825
1.33246
15.9249
19.8373
6.22347
11.8941
19.4396
1.60258
2.31556
13.1538
14.4101
15.243
5.00792
5.91392
15.9275
6.62339
10.5805
19.2058
0.733707
9.23289
16.5181
18.5556
19.7904
18.8158
11.6118
1.08954
11.8587
9.77104
16.2713
3.60286
11.8076
18.9686
2.81323
4.96151
2.27241
15.5398
10.358
3.19311
0.630623
1.59836
2.44204
4.91023
19.6915
1.59741
18.4412
5.48169
0.541013
0.990045
2.31654
1.00045
7.73887
17.081
2.52936
12.2919
6.02303
2.11123
17.4282
16.2348
6.61958
9.50864
7.49477
12.4776
14.9161
2.37983
18.7833
18.8507
18.7169
5.92059
15.6387
6.35763
13.5633
8.83864
2.31333
3.06613
1.09052
10.6328
13.391
2.89986
3.28819
5.60002
9.89537
13.1814
13.4792
5.39057
11.5885
11.0341
16.7964
4.92118
14.4412
12.52
5.40564
8.49261
9.10479
3.02513
11.2835
2.47136
5.38525
11.0025
5.38015
0.443672
1.10536
6.58194
10.0585
14.7732
7.83545
1.48102
8.65469
10.9391
2.65252
17.2113
15.2083
12.415
16.9592
19.4801
10.1055
4.47799
8.60814
16.5837
13.2496
