11.3222
11.6413
9.564
14.1713
12.8877
2.46954
10.7256
6.56679
5.29947
6.65109
12.2176
1.72195
10.8791
9.46872
12.9194
14.7059
1.45104
7.17457
9.60112
3.3789
18.7859
10.231
11.3386
7.69505
14.3705
19.1786
9.94504
18.2035
2.76468
17.6729
16.9861
12.6958
2.90255
6.89305
6.88324
2.58752
2.22963
11.6741
0.497879
10.9138
15.9298
0.45358
8.07695
4.01845
18.4619
4.22593
10.7403
0.542024
12.8264
2.90441
11.0745
7.22749
3.66778
18.4916
17.8499
11.7195
11.0468
3.78516
1.01089
1.41554
5.97509
1.16065
10.9384
19.4372
1.5111
11.5886
7.85996
3.6092
14.5959
5.95587
12.712
3.5532
16.3115
6.92965
7.18823
18.8282
17.3497
3.60772
4.27802
17.3709
16.4621
17.8906
10.6091
11.7924
4.6728
1.06085
12.0632
1.01425
1.51944
12.3152
2.43591
18.4729
4.78808
19.6732
14.0096
4.71897
8.31996
15.8992
14.0882
19.6221
12.3991
5.72584
4.04346
14.058
1.24557
1.80323
14.1706
7.20793
11.2024
19.6877
6.95748
7.81482
18.8652
13.0441
12.5639
4.56056
2.34989
7.37116
2.75526
4.42583
2.88197
2.94243
10.1868
17.4636
13.9764
9.35024
4.23325
12.8538
12.576
19.518
17.8595
0.705527
16.8206
6.77442
9.54528
3.84146
7.16278
17.2111
1.08395
0.470151
0.571716
3.18816
2.5771
16.4694
18.4193
8.95171
18.1709
0.911244
2.11663
9.12721
10.1831
10.4053
13.9319
15.312
2.52662
18.0134
17.1102
12.7261
7.97537
8.10122
0.517406
10.204
1.49659
15.9898
11.0759
2.42764
7.08054
8.62701
9.41537
4.82059
10.3591
6.79325
10.2973
16.8863
17.8155
7.77535
15.1729
3.04423
14.5331
2.52194
6.07783
10.6765
15.5799
1.89035
4.03322
11.0948
5.91916
2.82235
18.6204
3.10246
8.24133
19.4707
12.6654
5.164
19.9851
16.3781
19.2046
7.86111
2.33569
4.54536
13.24
1.10139
17.3491
7.83118
7.49049
1.91638
17.4976
5.02662
10.1594
14.4098
18.5026
16.4296
15.4731
17.1166
9.6663
17.1171
4.35885
10.8484
17.3939
17.2215
5.9272
7.27497
8.71974
5.40997
0.59302
15.9506
10.0623
8.82145
16.8537
2.54762
2.46824
19.0664
0.26211
8.66229
2.02877
10.3695
4.83024
8.02575
8.85514
8.5209
10.1865
7.7692
17.377
18.142
5.86905
14.9854
4.78363
4.03709
1.59337
2.161
14.6689
3.73611
15.0258
4.18345
15.046
17.5777
15.385
13.2781
3.90552
0.523896
14.7809
4.49282
11.5937
1.84106
11.3221
0.151537
11.6829
4.8754
16.1905
1.86657
3.30663
3.13211
19.3146
11.1416
6.13763
5.34437
0.204927
17.3116
17.0624
0.214972
6.97511
4.74905
16.1611
16.8308
9.49333
15.4052
13.2896
19.1104
2.86621
6.23765
10.1547
2.2517
4.23152
16.926
5.82082
5.45358
16.5117
14.3702
14.1438
16.6445
7.89776
15.839
14.9217
19.4657
12.3863
1.79508
15.0283
17.6327
7.8161
12.7971
2.91796
2.78809
16.4745
9.82064
15.836
4.25089
0.455502
4.17232
7.43887
5.29041
13.4431
7.63088
18.2545
19.9351
5.95615
14.9843
18.728
4.00904
6.19265
3.65309
9.85868
0.255583
1.75686
15.4299
10.6476
5.63786
11.2862
5.56155
0.161161
8.40011
12.798
3.96123
4.99087
0.349463
15.4914
12.8727
13.882
18.9131
9.93314
1.86611
14.7027
18.8847
2.07499
11.6485
10.5616
1.88368
8.23018
13.6012
15.9668
18.6165
8.84547
5.78206
12.4302
17.7137
1.8769
12.5613
7.78737
10.1923
10.5272
4.71673
16.3517
7.57919
14.2689
9.79356
15.5892
11.7619
18.4623
6.80463
7.4948
16.0478
1.14592
2.04797
18.3423
18.1072
17.8621
18.3114
17.1964
0.355315
13.4436
12.2875
6.13397
4.17252
14.4218
6.64097
14.2279
4.38979
9.78522
5.75245
19.4313
17.7804
2.26423
14.5296
4.24848
13.9812
17.334
1.10183
13.9435
13.806
12.3237
12.8807
4.24603
14.0777
18.0797
0.667584
6.75164
14.1759
13.9151
5.79087
10.2927
10.9033
9.51336
0.586947
1.58087
7.40274
10.2148
13.9496
1.02222
7.23337
10.0284
14.4127
3.39954
15.3691
15.8672
0.0449501
2.12971
19.4733
14.4564
7.31193
12.9388
16.3666
3.09677
19.7
1.6603
3.23162
14.1323
8.94588
8.98548
3.72548
1.74139
7.06493
5.98
14.5587
8.05747
7.69634
15.4819
2.20237
4.99047
7.33493
8.9759
9.22261
2.44326
12.4068
0.216178
14.4443
6.88939
0.574279
11.7307
12.3606
1.04444
1.21663
17.0351
14.5262
0.667682
13.6994
12.3681
17.8472
3.14977
3.68641
14.9147
19.6892
2.63609
13.0624
1.7627
4.27572
18.7847
