5.33892
0.846775
3.9962
3.82791
6.92872
10.9542
2.02005
4.50336
10.245
0.872
14.0235
13.6838
4.53668
9.01986
6.23459
19.8538
11.389
16.759
4.75983
14.0865
5.55263
2.74808
17.1464
3.34492
12.8563
1.60335
16.6688
8.28252
0.0108744
9.59691
5.33038
12.2834
2.69571
3.62886
14.1316
19.4917
5.80961
13.7221
2.05742
13.2049
17.9601
19.6517
18.7861
4.77101
2.78409
6.62251
11.9315
16.4161
1.24202
0.606067
0.192183
14.6319
13.7997
8.29129
10.6256
7.69318
16.119
9.2104
13.4185
16.8972
2.17688
0.133491
19.5991
17.164
0.842481
16.0737
7.78306
6.37811
1.55216
16.3313
18.9409
9.65229
3.15136
13.1
3.49765
10.3782
6.69893
3.3855
19.313
8.74588
5.0943
1.8079
19.7491
16.4813
3.86105
8.00931
19.4794
5.22837
6.66798
10.8867
5.47091
12.8618
18.2119
12.546
7.27438
10.7726
18.7499
10.9105
2.21123
14.6273
0.691703
16.1728
0.21992
12.9799
13.7909
4.65923
7.48706
5.52974
2.21526
9.48672
18.9823
10.8018
0.501815
9.89204
0.923698
13.3303
14.8319
10.6121
18.975
12.0898
9.84188
19.2907
0.0641065
19.6387
16.6797
19.9684
11.3558
1.32353
1.12636
3.97549
7.54671
0.456969
2.89302
17.7428
19.8493
18.8049
1.43884
8.55827
0.379442
6.37095
14.2746
11.5764
17.5
13.9196
18.711
13.5463
3.48469
0.134178
14.3835
15.0986
4.99654
1.15892
18.7121
4.0866
13.1385
11.6342
1.80808
6.60625
11.6598
11.3082
4.7724
0.122661
13.3797
10.7053
17.6217
4.49882
15.3967
17.4651
11.7419
6.86398
4.73039
13.8509
0.535775
19.9178
17.5085
11.9562
9.12614
8.23344
17.3472
2.40522
12.9637
12.7314
6.8181
7.40981
11.0283
7.16851
13.8068
13.2632
5.99118
6.02201
17.2056
0.659442
14.6746
9.53042
14.6696
14.4014
16.5653
8.35431
4.2427
4.23085
