18.7252
10.8472
19.6167
10.457
19.173
14.756
3.6563
3.85202
2.48214
7.88363
13.519
18.8611
18.8853
6.63646
17.6825
2.88855
16.9255
5.35682
19.7931
8.85254
16.1725
19.4551
18.9191
13.6747
0.158127
10.1094
15.3069
7.06544
6.03824
10.7363
7.24527
2.69803
3.83494
13.6493
8.00688
6.7216
12.4247
12.9803
5.68358
4.88365
1.04642
7.72042
12.3901
4.91005
1.61572
10.2006
0.88661
12.535
6.3615
3.08151
13.8564
0.648465
0.578437
11.6415
9.5127
17.8349
4.52567
8.29108
3.30093
13.9005
5.48431
6.31816
4.92307
12.416
8.57458
19.9842
8.2927
7.57439
14.9707
9.06379
15.1669
8.85845
9.65059
17.2092
11.806
6.47657
6.31612
19.1423
0.0871518
19.7002
6.77106
12.0377
8.75277
15.6845
4.38545
9.89956
0.746408
6.01185
6.01251
5.55046
10.5255
5.26842
2.29269
19.9103
19.6809
7.0536
13.9002
10.7153
4.20729
19.7162
11.9088
6.13633
15.935
18.2188
17.3596
6.83503
13.02
11.9406
13.0667
9.62644
9.66259
13.8594
3.62632
6.52425
17.968
1.38605
19.0316
3.84658
0.094583
6.65123
19.8626
18.2974
6.09593
0.078675
12.0833
2.52638
14.2068
12.5216
13.2655
5.02198
18.5942
17.6464
10.9054
17.6417
13.3904
5.63096
4.14688
10.756
12.2813
6.80299
19.1266
4.03041
13.1138
16.899
18.0672
12.8906
7.34201
9.86307
5.4431
18.3595
19.6927
6.41032
16.1308
13.4345
17.9239
7.96244
16.43
0.0634152
6.21627
16.1811
6.4056
5.30251
8.67467
17.9582
9.31462
10.5385
17.3328
11.4036
16.8799
18.2018
3.53239
2.60816
8.03976
17.8168
17.8084
19.04
2.27522
15.2695
10.6224
12.4176
9.16936
7.17589
17.6553
9.4969
5.19985
5.9313
18.3299
19.2475
11.6498
11.3157
15.8439
11.3958
8.2694
15.5362
16.721
13.0129
13.3273
14.068
4.50268
14.3725
9.56744
7.02922
2.85156
6.88037
4.26722
8.49091
9.50038
10.0775
7.26716
2.25914
1.22419
17.2216
16.6746
18.1317
6.17615
3.52242
16.0644
13.0075
4.53634
18.4777
7.0479
10.8678
4.66731
1.00076
14.9619
9.6896
3.04574
9.00622
19.9196
17.0715
15.6096
16.8443
15.2495
0.410829
13.6289
19.8081
15.8507
4.36951
15.7557
11.8761
8.99988
7.39138
1.71692
13.3693
7.43609
19.7029
15.7824
2.07019
9.27242
19.1755
8.36568
1.46257
16.4148
3.29535
14.9746
11.4857
7.03568
6.02482
12.1612
16.1868
5.1598
5.69005
12.6323
7.41408
3.06959
16.4196
19.4812
9.53101
5.20403
6.75187
9.87635
5.88019
2.96145
3.36321
8.78074
17.9885
4.15828
19.1074
19.3556
10.7809
6.55366
1.0017
14.1933
11.5581
5.72922
8.67307
5.20843
16.3517
14.7594
8.73191
10.5151
2.91421
19.5932
3.50458
1.3203
9.35749
16.3591
4.85911
18.5435
1.48651
4.56533
16.381
18.3854
2.59279
17.3687
14.6818
13.6252
0.774399
11.9697
13.0259
9.98056
6.5535
1.19765
14.2493
11.7081
17.7724
1.53218
16.91
13.6384
14.0178
7.65899
6.39457
14.3813
0.322742
0.691325
4.46702
19.6839
1.44353
8.38955
7.14165
12.5282
3.2484
2.66981
2.08876
18.4694
12.3981
9.31828
5.95678
3.88692
8.229
14.0467
6.66436
18.351
8.96171
14.6593
6.76238
18.1728
14.9403
5.20953
3.17344
7.52613
4.6368
11.1913
2.96034
1.14288
1.90118
12.4357
16.457
11.761
14.7754
4.49444
5.00996
10.286
4.34997
6.99772
0.963341
17.6193
0.450117
6.71974
5.15156
19.8028
17.5186
18.5935
4.18652
8.23598
6.01206
16.8888
17.3231
7.27421
5.2616
17.8854
2.35395
11.9124
19.2136
7.8374
10.6749
0.18127
13.3519
8.76464
16.7936
0.806662
14.5648
3.33467
17.2622
18.186
16.5535
3.02492
15.9711
17.1217
0.685154
19.8682
4.80335
17.5187
19.8798
19.1037
16.5985
11.9841
2.30277
17.5897
12.5713
10.7572
15.2549
13.9994
19.2154
11.6706
17.0971
4.84044
5.59868
6.49085
10.4403
4.29318
5.04963
9.15689
19.7555
1.3856
4.70238
5.34471
3.56515
1.86869
17.6889
12.3122
17.0421
15.3864
5.18088
18.5984
17.3761
10.4641
10.6501
9.22542
13.0638
3.7215
13.2212
10.9606
14.6601
16.8866
8.93896
5.57524
0.355729
4.00234
5.27297
10.9653
11.1006
6.93894
0.746227
1.46763
1.18216
11.2477
11.0083
7.90658
6.93758
2.72026
6.93799
6.42687
13.6581
15.6607
19.4364
19.8474
1.71872
16.9565
13.3191
19.5023
7.05621
4.92716
4.61167
0.765226
3.69886
17.1739
4.76026
4.48314
8.20041
3.34458
14.4179
16.7784
6.16552
1.94395
13.8367
0.886904
11.9767
0.275804
4.1483
19.0202
1.85141
12.3201
13.4306
0.538168
8.4239
6.13899
17.6079
8.83064
5.68963
1.11677
15.1176
17.4068
1.8993
9.89682
1.77271
17.1138
16.0994
10.442
12.5683
16.4623
13.7657
4.00022
3.43499
5.80675
18.2972
17.0084
0.367677
12.2583
0.604692
2.25248
12.7286
13.2246
2.28333
19.3485
15.8016
19.2181
10.6079
18.6966
18.9105
7.87896
13.5833
7.75852
7.12415
0.545941
6.53368
19.9833
16.358
3.85429
5.84506
12.176
0.926018
7.08355
4.86791
7.15893
4.10967
14.544
4.09749
19.7494
19.0628
12.0991
19.7065
5.64544
0.843092
13.7235
13.721
0.422253
2.50227
17.1914
19.1224
3.28104
0.514146
6.24189
9.73389
12.5053
5.27443
18.4148
13.3065
15.3346
6.96132
16.0766
8.93848
17.5485
15.3453
5.73646
12.3558
7.50136
13.0544
8.48435
16.2063
4.65537
12.0473
3.66677
10.9229
9.11524
0.821838
6.01376
11.1033
17.0776
9.19848
9.71624
16.7549
9.18897
14.0449
16.25
11.9639
6.68792
12.7036
3.37218
10.1603
7.84054
10.6976
15.0131
15.6315
4.62863
1.20505
10.7378
13.554
9.78429
0.593066
5.80419
7.09966
12.6046
2.77106
1.98052
3.59568
19.8075
15.3562
12.1886
1.74447
7.55624
15.9314
0.051134
18.4351
17.8279
4.64852
12.2432
8.26049
3.81412
12.1688
19.3338
9.49168
19.005
19.1384
0.451541
13.094
7.94228
1.38395
7.95325
12.1187
12.7936
7.08761
3.88438
14.0605
11.0741
17.7486
15.1308
7.84118
10.3613
12.0511
13.52
7.1857
7.79806
9.89004
17.6711
13.7502
12.1626
14.7647
9.89921
4.40637
9.81645
9.21319
