8.73729
14.8683
8.94933
4.03352
3.31569
5.15434
13.9709
16.5513
16.366
19.5965
2.32018
11.8142
3.73138
11.4057
19.9471
6.18875
11.0216
16.7768
16.1295
15.2387
14.6433
15.559
8.88619
15.7551
13.1327
16.8337
16.322
4.69446
18.8009
12.2131
13.605
7.45113
19.0385
19.0941
17.4074
12.6565
1.11909
9.59722
16.2565
7.82193
16.9065
7.27746
15.5682
15.011
19.702
14.4815
17.3523
8.29258
16.7211
19.9035
12.625
4.58907
8.88882
3.70962
15.0582
14.1797
11.0628
15.7401
13.4813
3.5853
7.9714
15.4967
7.11421
1.76291
13.3346
15.7496
12.2842
10.0089
9.45992
11.3226
15.6464
4.45777
1.07267
2.46339
12.2473
12.7083
9.9858
11.3834
16.1294
16.1988
0.945381
2.06548
14.356
14.7923
7.95189
6.33094
10.6533
2.0885
0.907613
8.11774
8.46976
15.2132
15.7902
17.9859
6.60598
6.66153
14.6351
5.6351
19.2209
10.7923
10.4893
18.5531
4.72624
5.2249
2.35402
8.10733
9.21123
10.9468
12.03
5.02098
11.7276
1.82356
7.86988
14.0409
14.896
9.4096
15.1572
4.07543
12.7515
0.0969518
14.9061
19.4067
4.83993
0.36772
17.0837
16.414
7.58484
6.11145
0.4996
18.9023
3.19218
12.9613
7.93907
0.549691
0.833561
2.35789
13.5233
9.0648
16.1313
14.7387
9.99983
4.90059
5.13833
15.4518
6.95216
16.6938
1.51417
10.7121
8.7573
3.42033
11.6187
12.7089
9.38987
14.3115
13.0732
7.19481
5.18566
17.1649
13.9261
13.3552
0.343888
11.1959
2.42089
19.5543
5.78833
2.20262
16.0452
6.04955
1.1595
3.30677
8.44808
9.25852
17.2456
13.9011
2.99292
17.1829
0.904555
17.2708
17.9236
2.30461
18.7099
10.6553
0.781158
5.09963
8.80061
3.55616
18.1086
13.852
14.992
8.35633
15.5728
18.6536
3.91378
9.67988
11.9151
8.90348
13.1006
5.2948
7.47859
8.11116
2.42695
12.6458
13.1983
4.36906
7.18208
4.81402
8.04208
6.57133
1.20276
18.7615
11.2816
3.01931
8.55165
1.53919
16.4777
12.2627
0.564573
3.98225
4.39672
18.947
8.45631
7.13311
0.512508
3.03094
14.4412
2.75806
17.0878
6.63205
16.8404
10.495
4.83717
2.72921
10.909
13.5766
10.8165
0.337725
14.7651
14.4666
18.2995
17.2477
15.8062
19.3669
4.17028
6.04087
5.37502
18.7374
6.32779
12.0554
14.4688
7.09796
14.9548
3.73613
19.6922
9.59713
14.82
17.4502
15.9915
11.7505
16.0365
3.59223
0.913274
14.6175
7.82652
10.6241
2.28264
2.24193
16.3263
9.73532
1.26368
14.6086
18.5898
0.491766
10.8033
12.8156
2.71493
10.3967
1.19136
4.48973
16.6348
8.03895
12.5551
4.17496
3.86723
5.61295
13.9009
19.1041
11.0614
8.72264
13.3193
0.817843
4.28543
3.25809
19.5765
13.7894
10.5324
5.14295
3.98827
19.4381
5.92492
19.8184
14.3323
2.10775
9.77969
3.57821
10.4436
5.40253
6.94776
16.4171
16.4947
5.26976
12.091
10.7853
17.7229
16.9742
18.2862
8.90617
12.2752
8.78643
13.0212
2.07917
16.7513
16.6744
11.4526
10.0403
19.4235
2.59974
12.9168
15.8974
12.5731
9.71135
7.81189
6.87046
1.88046
3.4843
8.51018
9.37494
4.75811
9.80613
13.2252
18.3911
5.88211
11.2691
19.7549
12.7382
6.6698
8.46753
18.0269
10.1534
5.41715
4.81738
17.0592
3.23083
8.40476
16.125
7.74055
8.86716
8.03341
19.6504
10.2003
5.56499
15.3722
0.937305
1.52432
7.27069
10.3797
4.36041
2.5873
16.2969
6.14548
18.599
1.11317
17.6864
16.8842
1.66735
7.30663
16.2438
6.9449
3.29813
4.3592
10.3304
4.80535
10.3714
0.327995
12.611
19.8367
5.521
1.13952
16.2973
5.53669
12.5475
12.9769
10.0863
5.61406
12.6573
17.8906
14.8508
14.3372
18.1685
1.97477
3.75426
10.0933
15.6179
14.5202
16.5414
17.1722
18.6396
15.3493
10.7996
2.58786
18.4599
17.4835
16.9857
14.6752
9.57673
10.1084
1.5975
7.11974
2.15439
4.58756
11.1156
17.9077
1.90874
10.1167
5.62702
3.6684
0.321733
11.1325
1.87325
5.07706
6.22161
17.6709
0.871461
13.7022
13.0805
12.0146
0.654316
15.7155
7.01989
0.0189581
1.41715
16.1312
8.6146
7.06939
14.5524
4.9101
7.51499
10.6032
0.603621
17.5759
0.473017
19.9857
6.32265
4.77679
8.09437
19.5022
19.3114
14.5284
2.40773
9.16401
17.8827
12.939
0.779114
7.00338
15.6523
9.73191
18.4174
10.777
19.2795
14.6991
13.8041
18.0596
9.6543
4.22611
3.19177
13.3296
2.29682
16.1003
4.45877
17.7603
6.58021
1.78464
4.20045
17.9875
7.6096
9.22698
17.0504
8.28478
18.4943
14.1371
19.8822
14.1165
7.02629
7.50792
19.0916
13.7543
3.97497
6.7839
17.0752
14.3662
15.7996
13.4282
10.3683
0.124249
0.386028
8.85539
18.0566
2.28304
7.5022
19.2236
4.37898
9.77337
16.3688
9.944
18.6965
7.4458
7.63952
18.3029
6.54588
10.4796
11.2322
4.34801
17.4771
4.80484
3.87899
4.99247
1.58272
8.37934
3.69301
17.167
12.222
3.2514
10.7471
16.256
12.6486
5.41041
1.27545
11.0766
11.863
16.9558
3.44136
7.66002
7.29447
15.98
7.38995
16.4056
11.7304
0.528332
8.91972
0.389081
6.50659
16.6051
9.83129
9.29276
3.29056
19.5643
9.89706
19.4342
12.388
13.5761
10.4396
14.1563
8.5243
8.3199
17.933
6.68262
3.50122
14.6181
12.9721
19.3739
19.5807
1.64149
16.0571
8.37753
15.9727
13.2795
17.2608
1.46771
10.9324
7.35198
14.2158
8.30313
17.5043
14.0138
1.11256
12.7949
17.6697
5.83944
13.6064
3.7492
1.4107
6.09051
13.8175
6.20871
9.87107
12.8993
0.419105
3.78936
7.40229
14.6357
6.96523
0.683193
4.0826
15.2516
0.646596
14.6036
1.82748
9.11095
1.93903
7.01022
16.8307
10.3339
8.92413
19.925
11.5015
9.41693
2.58309
7.21464
19.2167
18.1827
8.91465
4.04319
7.86185
0.504061
8.46097
0.504029
2.04109
15.6726
7.54953
1.84464
8.81213
3.48885
5.89618
10.6073
4.00924
14.7133
6.87297
10.502
9.94786
16.3034
19.8448
2.95227
17.43
1.28722
3.52999
11.646
10.668
18.5262
18.4173
15.5462
16.2286
0.943107
18.6928
4.52177
17.0545
3.42031
8.31513
5.81513
1.06619
2.69932
13.8665
19.0285
11.2126
8.31542
17.4974
16.3463
13.7252
7.99703
10.4168
1.02329
2.00571
11.5725
16.1724
13.5477
6.50974
8.5877
4.07021
14.8861
12.6363
1.16199
10.1999
6.04434
12.5064
13.2653
3.45223
16.4173
6.95005
16.2026
10.8204
18.2183
18.7223
17.07
6.16718
7.16972
2.50849
0.609165
18.9697
13.5948
11.0855
17.856
12.4317
1.28298
2.34607
18.649
7.81279
7.63757
16.0367
16.3449
17.8644
9.42458
17.4427
9.52203
6.1907
18.8432
3.74992
7.65721
8.19682
18.943
6.69666
10.251
10.9044
10.1888
1.93252
11.3002
0.703986
12.5161
3.91243
5.65792
11.0037
10.9699
7.56245
16.7357
19.2318
15.6727
11.6999
6.21059
13.2715
12.8186
9.20563
11.7322
7.09866
13.9939
0.123101
15.2718
19.3496
9.42318
18.0064
15.0622
14.1283
11.7792
12.8294
5.82533
4.9461
15.4954
9.55212
11.1647
3.86579
3.6572
18.6347
6.74624
3.6548
19.8467
17.1135
7.81995
16.7878
2.19871
1.13148
17.1768
0.6981
18.02
0.873675
5.02101
11.2727
6.19095
10.1705
7.57078
11.9044
15.858
19.4679
2.7666
9.33419
3.99469
2.44265
9.94585
2.19088
12.3972
9.97841
1.03419
13.9055
12.8304
12.8853
3.56177
15.3627
3.99664
15.6811
8.00824
12.3388
11.8604
5.32651
12.7409
15.3843
3.12258
12.2178
4.01825
15.119
4.59326
11.7833
14.5987
4.06374
18.039
2.9549
18.909
17.7921
13.1613
0.829496
10.777
19.4953
2.75395
9.89085
13.2649
2.98385
3.78159
9.16421
15.368
16.4187
4.53597
11.4624
9.86548
3.06764
3.96303
18.3279
4.87507
8.76203
17.8389
15.466
8.10317
6.94014
17.1789
2.25902
2.14395
13.2881
3.73413
4.90734
15.2112
0.799969
4.5437
16.3099
15.7976
9.609
18.4036
11.3827
9.04066
18.729
5.836
10.1946
5.71002
8.01719
11.823
9.40818
17.349
12.5017
15.7042
19.0664
5.48437
6.75783
4.89214
15.4535
4.93581
14.5282
13.9966
7.28554
4.40973
13.0343
8.29863
17.9656
19.4341
19.5813
7.4032
8.07469
0.348894
0.372492
17.5293
14.1467
16.6856
0.170838
12.2786
12.5251
17.6239
19.3455
13.5609
11.4448
1.34823
1.14978
18.678
2.16511
17.9104
9.3603
2.44182
1.73577
11.8311
6.27401
17.9964
8.33717
2.51603
0.92859
1.87548
0.57883
3.88364
14.1755
13.4915
10.985
12.2944
14.0201
5.16237
17.6793
3.61306
11.4607
0.0591799
10.1187
4.36008
3.86129
17.899
15.1386
13.5367
14.2339
10.6204
6.98275
14.1523
2.06954
19.7709
7.91791
17.3043
9.46637
14.3431
9.91771
16.4375
2.83817
16.7671
3.93774
15.1938
3.7123
6.77267
15.1566
1.00604
15.382
14.6284
3.33285
16.6891
19.1487
18.3044
6.56359
10.1852
17.4536
13.4784
12.4401
19.016
14.0601
11.4778
14.5711
1.35626
0.93446
18.3122
8.67053
9.6375
19.2092
18.6637
4.86951
4.27037
2.4112
6.19996
1.3681
12.9614
11.0202
5.79055
8.71447
19.191
9.92008
18.2472
6.33522
14.3614
4.40522
4.93081
11.2841
0.978796
6.87873
3.0419
14.0334
9.60042
7.51364
6.97325
3.03279
16.9667
2.9567
10.6793
0.631458
5.29329
14.0867
7.73034
13.3893
13.521
8.08077
3.66775
7.468
2.01785
19.1441
15.228
17.8331
13.3666
5.62393
8.15007
0.346382
19.6743
13.4221
11.9079
0.915716
17.2356
5.16085
18.1614
4.42841
14.3362
19.1068
8.62457
13.8545
19.4635
6.61812
1.48407
14.5804
11.0871
9.76234
10.0751
1.71128
12.621
9.26848
10.8357
7.02432
18.7215
11.6323
8.48981
4.09952
0.321365
19.5639
17.5284
0.46744
16.6019
5.73479
9.98189
11.0651
19.131
18.0496
16.6481
16.3235
5.48398
0.627778
6.84869
10.723
3.4674
6.50733
3.70953
5.96308
2.94519
7.88625
3.27866
5.26888
8.11596
18.6365
4.85163
12.0709
0.257449
11.8183
0.763522
19.093
2.04777
4.67905
8.4382
15.3749
12.1228
17.7142
3.39317
11.4124
14.356
9.06076
19.8125
11.7162
18.1399
8.24648
10.5904
2.00816
1.21821
16.1647
19.5645
13.257
15.9346
15.8944
11.5623
15.1216
2.96117
3.246
6.25449
15.5122
18.3967
16.4651
12.6805
10.917
4.42145
5.53636
14.9064
15.6113
4.57642
13.9339
2.11921
3.19216
19.557
18.2035
14.6616
10.4641
2.94123
13.5913
12.5766
1.37909
2.8274
14.114
7.53818
14.5108
15.5093
1.51376
3.73808
13.4639
9.68117
7.85322
10.3453
6.77896
2.66342
8.88501
4.46761
10.0978
15.9097
3.08587
4.03388
9.67491
