7.21782
8.69704
19.6833
6.33149
12.1558
11.8328
3.1275
16.649
4.45565
0.336176
13.5317
2.23522
10.3988
12.8662
0.366735
10.0387
11.268
3.8275
13.6947
3.70579
11.2156
6.24436
1.44099
6.7359
4.1448
7.86565
1.63144
14.6069
13.4424
13.2033
7.89135
19.8762
6.71397
4.58397
14.8286
3.99715
10.4285
10.4662
8.11121
18.8997
9.94547
17.5841
7.97571
5.56286
15.8882
17.4607
10.7549
12.997
12.5347
10.8882
13.0117
9.61444
7.77962
7.53464
13.422
19.9257
2.97343
16.7083
19.0853
15.8439
4.88347
0.4182
10.7604
0.1375
11.6868
19.8354
18.4467
13.7827
10.2261
14.5659
10.1049
7.1605
6.70941
3.70472
5.92955
4.24616
10.6934
17.7127
0.5278
1.61816
9.94917
18.2858
18.88
18.4079
7.59948
0.576649
15.0827
14.3267
3.49192
7.80193
3.5453
4.58382
12.4927
15.3056
5.04083
5.74456
14.0818
5.32115
0.0226322
18.3313
4.31236
9.10454
5.80869
4.87887
6.79481
6.13406
8.8488
15.4705
5.03858
5.54288
2.33997
10.048
8.96494
15.6263
8.53045
16.4723
9.26164
8.18824
12.5976
9.56655
5.61063
3.51881
14.154
18.8458
4.05702
12.7611
9.08027
14.9335
13.6199
10.8817
0.718802
7.87338
10.2685
16.4678
15.4668
14.8401
14.3274
10.7208
1.59571
10.7799
12.3985
1.67769
13.5811
18.704
7.79093
0.159708
5.80762
17.697
7.219
8.0984
19.9113
16.4886
12.7723
13.449
14.75
16.6793
3.12881
0.234276
0.963643
7.26503
15.7893
14.946
15.0348
18.4033
8.1461
4.59126
5.90334
15.7728
3.10676
0.857151
11.9253
5.56187
19.1804
12.9705
8.07247
7.33382
12.964
7.11596
5.18834
2.88351
8.07972
5.61244
1.13405
8.37589
8.86752
19.888
12.2515
5.44328
19.2326
6.40746
13.8646
10.9464
5.64744
5.01058
3.31381
19.5223
15.0434
12.2635
17.0527
0.777879
4.93788
13.7249
6.91101
18.5749
9.18912
12.8451
16.9557
14.8646
5.44788
19.2924
17.8469
3.90512
15.3509
12.1844
10.0754
16.6881
7.68287
6.32569
7.99738
1.19129
15.8368
14.9917
5.07269
7.22609
14.9415
9.16934
16.988
17.233
18.2399
6.33291
18.8355
16.2126
14.2129
8.62017
17.8654
14.4953
13.7043
2.95948
0.0596441
1.58236
5.52476
2.44569
11.2446
1.30161
3.55899
16.3467
15.8377
8.72194
9.86525
12.6009
6.5936
7.40064
8.31643
13.0699
6.42552
14.7447
3.12714
9.31991
10.8427
12.5515
2.47112
3.20126
6.70356
10.4603
10.9424
6.1104
17.0486
11.5785
17.197
9.41682
11.0696
15.441
1.8353
10.4732
15.1924
2.03523
15.7312
18.5028
7.2639
16.0494
5.65097
7.88234
8.90988
12.8837
17.3777
5.20277
10.8488
11.3986
16.3649
14.6708
7.07648
9.53894
6.82588
11.2146
18.4073
4.97874
8.22677
13.9569
0.702785
19.4845
4.51529
12.6379
4.66807
16.1852
13.0195
6.13303
6.52028
18.1521
8.67808
19.4583
3.82855
6.55511
15.3199
2.78114
9.61834
6.52897
16.9027
14.7153
5.27327
5.14214
4.72926
7.9216
6.05395
4.28023
9.83459
14.492
15.8159
18.4315
16.4867
10.7864
19.0354
9.21249
5.06491
7.08669
18.8772
4.46837
13.2082
18.1853
12.9678
13.4813
8.58006
13.1929
12.6216
18.2865
15.5567
12.0669
3.86741
12.7835
4.30795
3.09846
7.26997
18.0718
14.0601
14.2346
16.7587
7.35998
17.3195
9.26978
4.31624
14.4737
4.61123
0.458133
1.19363
14.7683
10.0026
0.744724
19.2545
18.1232
3.14407
18.0252
13.5857
0.40906
14.2227
15.9331
11.3921
18.3155
2.61823
6.9471
19.8847
12.5991
18.8998
7.79987
3.5856
5.06576
1.39959
10.0122
3.76209
16.3761
17.8269
4.41752
16.0745
3.01465
9.95994
16.4666
14.8939
9.38628
4.83412
12.9725
8.17963
10.1767
7.52509
13.8852
2.07069
11.8032
17.8135
6.44646
10.8266
3.19294
17.214
5.18483
9.11221
15.1449
18.6773
5.30889
9.5514
2.51832
8.15984
14.4722
12.3062
13.7042
11.5347
10.9859
12.2779
5.08509
7.02407
18.3657
2.35185
14.3573
9.82634
1.19927
6.50276
13.9401
15.5064
2.236
4.76187
9.02091
1.37745
1.59093
5.15657
15.4701
18.5148
2.8918
9.28351
1.09717
7.65867
16.2259
6.06232
16.5525
8.74128
0.480615
10.7425
4.81287
3.21246
7.35613
6.82622
9.09479
0.0551449
14.521
4.28861
2.40278
16.8828
16.1381
2.21415
5.60869
4.00273
14.5624
4.70839
19.2231
16.8672
1.23254
5.83016
13.5303
8.78352
16.596
1.32702
8.58331
18.2438
14.5243
13.3497
8.99088
7.81814
2.24828
13.2367
10.6841
0.849226
4.17184
17.1329
16.0272
13.2852
8.93097
5.83158
1.26758
2.89627
14.0385
12.8126
7.82288
18.9403
5.89714
1.02828
3.94902
5.91038
16.4526
18.4388
16.1687
17.4791
5.36191
5.26486
19.459
13.8248
14.6228
3.21751
9.77098
11.627
11.8557
8.27444
10.4783
12.4656
9.80492
14.4175
0.320995
3.99828
6.99566
18.7175
6.93519
9.04491
6.17328
17.4933
4.02023
0.0134303
5.47822
2.0239
19.3346
12.1385
5.092
1.28593
3.58188
13.2148
16.4972
5.53238
10.3599
18.551
2.35064
3.52083
2.37828
6.67295
18.7953
13.3186
16.3328
12.2428
2.24081
19.4018
4.32101
5.22845
17.1036
17.465
12.6422
3.83771
4.79497
4.71864
14.6987
5.68868
14.9562
9.17591
16.5811
19.1024
17.4826
15.7854
9.19442
10.6828
7.31824
0.496787
6.05409
10.5669
16.5826
15.4766
15.364
4.90002
9.74449
5.28046
1.46854
11.4636
19.1362
1.74361
11.4563
18.0734
3.8936
17.3754
14.3361
14.5742
7.42101
2.5547
17.7697
1.83267
16.7975
17.5468
13.2501
0.660083
7.75276
5.16403
15.8829
12.6776
1.57398
18.6539
12.8206
2.57163
3.34101
19.8194
1.33062
5.5549
19.7859
17.2616
0.0677678
0.214418
2.04106
6.47033
8.9418
15.8247
9.61152
7.61408
12.5439
19.6305
19.5644
4.3257
8.47938
14.9516
18.085
14.0952
15.904
5.92504
9.37481
19.9043
1.90112
15.7384
5.70023
7.73897
12.8572
9.03821
12.7106
4.4202
0.817402
14.6164
9.65023
19.8834
2.65081
1.61063
11.5299
4.01018
18.5913
7.4769
12.3334
0.942303
8.62365
12.9084
18.7122
1.47789
0.653978
5.71703
10.029
10.1317
15.1735
0.409532
19.0511
5.59693
18.7975
3.32222
18.9521
17.3574
14.0701
19.4451
6.81262
6.02089
5.32911
10.9968
5.32897
17.1029
13.8213
18.3939
13.5992
7.94962
5.90524
13.1637
10.8396
0.299032
11.8893
4.83807
0.120017
15.1104
7.57894
8.20237
5.01147
18.7344
13.6682
19.8301
14.5768
10.8393
17.9285
9.84523
15.2695
10.3891
6.72778
12.6665
9.98247
3.97959
10.6757
7.99849
17.9541
1.35922
7.00124
14.7204
14.6847
7.74245
5.62794
4.86426
16.0106
11.6656
4.24982
10.3713
15.8627
5.54311
12.6872
9.80302
11.6145
0.992329
1.19973
14.745
14.3521
6.09171
5.80215
12.9755
1.82342
8.52118
12.2741
2.27013
9.26753
0.0276831
18.4762
19.3293
14.3309
7.99314
6.67843
16.0112
5.01908
6.08276
15.5945
7.55431
5.41626
13.2085
11.4154
9.01961
18.3774
15.2529
12.2391
3.82841
7.71266
13.5502
7.93707
12.0345
16.4085
12.2718
17.5335
12.5214
16.5263
3.33126
10.7994
9.50158
17.8313
19.9948
11.4188
5.40423
0.0754088
12.8843
0.654819
11.7524
3.34022
15.9145
9.50524
19.1956
19.5289
16.3992
19.4238
15.6617
10.637
11.0184
19.9315
9.74363
19.9301
12.9996
2.20424
10.5522
11.9515
4.34112
9.67356
14.867
3.36686
15.1276
9.40761
15.8537
15.9709
8.67134
0.377477
6.89512
17.7582
17.0956
7.85518
4.05637
4.06255
16.4922
10.2454
19.1267
2.02944
9.22286
7.38857
3.24509
18.7243
11.1711
12.3672
19.3028
3.36948
17.9329
1.83812
12.0099
4.57201
16.5967
12.0698
3.63572
18.1989
11.2639
12.9086
4.95514
2.24601
17.2131
4.39931
8.46879
5.51245
3.29003
3.76025
9.60247
6.12095
16.171
7.72814
12.9613
8.44931
9.46184
2.22021
0.954488
1.39281
19.2148
11.8625
3.46737
2.01563
15.892
10.4495
2.3798
8.84603
1.80289
15.1413
16.7629
16.0919
10.9615
16.0734
7.1603
6.22309
4.91424
19.5349
13.5415
11.6699
12.3712
14.0961
5.98453
6.81399
0.915096
5.14023
4.72184
19.9944
14.0975
0.621357
0.473948
3.96126
0.075127
15.0293
16.7197
15.6475
3.27835
15.7219
16.7462
15.7045
13.9857
18.5825
17.5562
14.8776
14.6301
10.7608
15.2727
11.9149
9.64802
1.70829
18.8921
13.6194
18.138
14.9519
3.87044
10.7338
14.8682
11.0032
15.5115
3.10957
8.57961
12.5954
18.714
2.72895
9.15994
13.2427
6.67047
1.38376
12.7035
19.0988
17.3242
6.00343
7.81716
14.4606
18.4947
18.6348
18.9771
16.9578
11.062
3.08025
7.57624
17.6321
19.5263
1.13594
18.1742
0.17816
5.06192
10.3733
13.4953
14.4134
1.96026
9.8357
13.0471
19.9355
9.7239
9.71749
5.99641
2.83605
1.3865
2.97497
11.6658
8.76028
9.6801
15.9251
2.93563
12.4897
14.9009
14.9719
15.0875
13.0821
2.39196
16.195
6.92966
9.25897
17.7623
15.337
9.02865
2.64009
3.13484
11.9346
8.88059
5.92233
15.6259
5.8666
14.373
5.26754
7.80664
5.12116
8.92262
6.17729
18.9504
3.36159
19.7563
7.42184
5.33948
12.7811
12.2877
13.0445
3.44331
4.17294
10.4956
16.874
10.9635
4.06573
1.82653
11.3335
15.7891
16.9658
2.38242
0.726856
7.50268
4.2038
11.324
17.3917
11.5525
5.93207
15.5493
16.0992
12.9329
10.5748
3.6808
11.7131
3.20309
13.4551
12.2312
11.5237
10.2881
6.27963
2.63967
10.1141
9.33074
14.7761
11.3049
11.7011
10.8984
3.30499
7.41881
9.00287
16.6307
9.7199
11.771
9.25628
19.5079
10.4817
17.2027
18.8932
10.5471
8.75003
12.1709
12.9476
11.0387
12.1328
19.8238
5.68424
2.48318
7.56041
14.0133
1.59876
10.1428
16.9463
5.99064
1.84629
9.14386
10.3887
17.2635
14.9387
14.9949
12.2899
19.9944
10.4142
11.5309
8.02561
18.6268
8.13929
9.52359
3.11663
10.3568
14.4699
8.98822
1.77415
10.8726
1.83481
14.0966
17.7113
17.7952
19.7882
13.5528
0.00945207
9.86591
18.0942
4.82072
4.10612
0.0290297
5.94857
13.9406
18.2033
1.68501
16.4142
8.70519
19.3307
17.783
2.77748
18.8135
1.49176
2.55418
4.20914
1.13314
3.05479
13.1742
6.96899
11.0074
10.578
16.426
16.8203
11.4445
6.42087
5.20123
14.4446
12.3884
11.1789
12.2606
0.822286
2.0632
17.0054
3.02715
4.95366
9.3
11.2203
11.6599
19.4157
8.53119
0.647095
13.4917
10.3817
16.5985
10.2925
4.77034
19.7967
2.00353
12.6499
14.6076
2.43066
17.6965
6.66199
14.7566
10.492
1.13364
15.7789
13.9701
8.53075
5.0159
0.58081
2.85263
14.836
3.48623
10.4372
11.0284
15.8594
5.62571
14.1399
17.9048
6.1017
6.30384
1.93069
7.68286
6.05737
6.54779
4.25768
11.923
18.7262
11.5376
11.8223
5.56852
5.9106
16.8473
16.0777
10.282
19.7754
16.6346
2.62946
3.95071
7.75216
11.2487
6.6523
15.9753
9.90104
13.8105
9.23518
11.8754
7.96036
0.741451
18.2523
16.6254
17.9357
19.786
3.69416
13.8285
0.740164
13.5616
4.45633
8.17686
3.21106
14.7515
5.51478
0.604161
6.82851
9.69862
2.68221
11.6622
4.36623
15.7825
4.33685
1.0164
13.4316
3.48175
5.86608
19.7805
11.0261
9.43734
6.0373
10.5601
5.94859
1.79023
8.55042
14.3839
1.12064
14.3323
11.7395
14.6556
2.06648
19.458
9.38588
2.00451
19.8457
8.73706
18.6905
11.4153
7.64603
5.13875
6.12219
10.6618
12.8008
9.90481
19.7567
1.97646
14.805
2.04995
13.2045
9.64047
12.3332
1.50656
0.701163
12.8981
0.470963
1.64703
17.5949
16.4594
14.3035
2.25084
7.79336
17.1122
10.9102
3.48935
14.9816
1.38432
2.86705
15.1821
10.2119
5.95565
6.98911
18.556
12.4184
8.4817
3.03436
1.87923
18.0896
4.38524
11.7285
3.71128
19.0593
15.8028
13.066
1.09897
10.9097
13.088
4.19147
8.72033
10.5734
5.15273
14.1621
4.38524
17.338
4.06167
11.899
11.9187
4.86072
7.95651
3.21865
13.5391
14.6441
6.29214
8.13504
3.49715
3.70111
11.8952
3.98872
2.99284
6.32801
5.91097
1.96292
15.371
11.7013
17.6931
14.2683
7.03773
3.43457
11.1716
11.4153
17.349
7.52004
12.4446
17.91
5.29064
1.22908
9.19896
7.78049
12.6875
2.59654
17.7208
5.48955
3.8163
14.3993
9.35784
9.49814
16.5752
2.23952
9.3835
14.966
19.3803
19.1907
18.0362
3.46309
2.94249
0.519728
12.3215
15.9695
9.1766
17.6126
1.16577
9.096
16.1351
17.4221
16.3338
19.2666
10.166
18.5705
19.3581
13.1651
4.7216
16.8608
18.9883
9.51853
0.255385
18.4068
0.0933103
5.59892
3.14993
18.3606
17.0876
3.88478
14.5881
3.37731
6.62937
4.91779
18.4891
16.5012
16.4885
2.58329
4.51062
17.1948
11.6895
16.0737
19.336
3.04774
7.73196
0.629189
7.27984
1.25691
7.04234
1.43285
10.5216
6.65353
7.29085
11.1769
17.9739
17.7782
12.9691
14.9642
0.714504
5.23581
3.76074
9.6556
12.6755
9.96481
6.95528
7.36726
7.35137
0.0919829
0.934238
17.3489
0.953244
11.7013
7.15417
17.5791
5.79601
4.47008
14.261
7.95295
0.0559389
14.9782
3.40743
7.67089
4.58274
9.91061
6.84423
18.8287
4.38218
9.48992
1.26257
6.54992
18.4573
19.4308
15.7899
9.3495
8.70448
7.11374
13.4536
14.5167
0.593819
3.85355
17.6535
3.2903
7.51488
10.9483
8.41591
5.21504
3.56623
14.0866
1.82644
18.8153
14.066
14.934
5.75744
16.5957
18.7371
19.3276
9.20203
4.69476
12.0985
2.40456
3.49805
6.77098
18.6394
7.07659
19.1879
10.4257
9.62191
4.64021
2.37398
15.7504
4.04837
13.6171
3.1201
14.8249
3.69641
19.1828
15.5943
17.5612
12.7649
14.5286
19.6044
10.41
11.8683
11.9372
3.47831
18.9071
6.16605
8.29869
4.74067
2.75174
0.416701
5.00589
0.382886
4.89817
13.5686
3.26977
2.25899
3.23655
5.82952
19.8355
17.8462
18.6979
16.8256
17.8107
0.111471
17.6045
12.8661
8.21949
15.1477
7.22148
4.22642
17.434
2.01917
15.4505
3.57853
9.5548
19.9264
3.26735
1.07103
0.9487
12.6742
17.3332
4.33538
12.7371
17.4339
12.7829
8.27598
17.0649
18.8752
8.29454
14.9129
16.238
2.95408
16.4137
3.21291
7.92643
8.99762
10.8566
1.46668
17.9652
5.02069
2.84458
17.8727
1.32209
1.15106
15.0701
15.99
18.9142
9.26709
5.06178
10.8418
13.7167
9.83511
6.84757
10.5763
7.73228
7.13773
11.4569
12.4327
1.86243
2.01141
3.49508
19.4875
6.12189
14.1411
4.89876
14.863
13.5167
11.4597
0.192753
0.540215
3.44972
17.7856
11.7733
19.4119
1.77465
10.3612
2.94111
19.4946
3.45156
18.6567
4.0327
3.282
12.0281
17.5488
13.8134
11.9714
13.7152
6.5685
5.33019
3.88808
16.9619
2.57427
16.9979
2.09403
15.3118
19.5031
0.0361511
13.791
11.0162
4.15062
0.552129
3.44532
7.46531
19.6892
0.701148
19.6405
14.1537
5.83281
19.6442
3.3138
18.3586
12.486
7.28444
2.36914
9.64776
2.23074
8.06426
13.6501
3.10603
11.3439
5.39752
3.00873
3.79626
17.389
4.93638
6.13708
18.7079
10.8819
3.16086
8.7462
9.0636
5.6762
18.7603
19.6699
12.9142
16.4031
5.74851
12.2993
3.51642
17.2194
11.9521
8.40628
6.54413
1.81841
0.444642
6.76424
9.4371
8.02052
11.4377
9.51902
10.8716
19.5646
16.2944
0.867306
4.41862
18.2077
14.3278
11.9115
17.8137
9.72243
0.119718
8.92845
11.3623
18.7494
14.2899
17.1598
13.1993
0.952631
9.86093
12.2487
5.44813
18.716
10.7633
1.8339
7.81388
12.8288
19.747
5.45283
6.87962
4.29309
7.31294
10.8784
11.0049
2.07164
11.5267
0.330576
10.6609
16.1755
14.6934
8.54876
13.4079
18.4371
10.4414
1.64938
19.4794
12.1896
15.1756
2.64562
3.59767
10.7467
13.563
19.8979
19.2018
10.7156
4.31658
13.0831
2.2522
8.20852
5.36019
7.77724
0.982899
16.3677
0.137388
15.2982
6.26343
17.9772
0.205232
12.419
0.69413
15.743
8.1976
9.62429
1.06227
6.3035
12.3057
3.3333
2.26455
5.84109
12.0272
10.0056
2.50203
10.2763
12.5543
9.05762
19.8098
4.82516
2.09667
5.68641
2.19865
7.32486
17.7692
2.35079
4.06275
18.6572
11.95
6.70831
16.8163
3.88926
2.62355
18.3934
12.9407
1.19815
8.60633
10.9482
7.5521
9.53686
13.8478
14.1089
0.824629
16.0347
17.2957
16.1609
19.7276
19.0602
14.1816
15.9223
14.4536
1.13768
17.1302
7.77227
18.7195
10.1385
19.4986
11.8817
18.5568
1.13436
9.57102
0.826837
7.25028
14.5903
2.72381
16.0729
19.839
2.06797
13.7562
14.0731
11.0778
1.13248
19.4185
5.29326
13.7653
15.5192
18.2397
6.11615
17.3678
17.2393
6.66345
8.52141
3.01668
3.02168
6.91879
18.4057
10.9822
2.30601
12.1478
6.34953
4.13923
12.6982
1.99952
19.0802
9.441
19.1944
5.02794
14.5271
18.8756
12.0436
16.725
11.3513
8.02535
14.8315
11.0712
17.4615
14.809
8.74503
17.0763
10.3285
6.80424
18.1883
7.97847
17.5125
6.24458
11.8911
12.599
12.0264
1.76811
4.1592
15.2319
13.7549
5.41937
18.2827
15.2668
18.3339
9.05835
9.43422
13.3727
1.59648
0.565511
16.1965
1.47527
19.0331
8.72945
8.2271
4.47073
4.61918
13.9525
19.9813
9.3189
18.8234
3.99227
14.6209
13.1627
18.5174
5.4187
10.6771
19.6032
17.4339
8.6775
15.9863
12.7589
11.6616
10.2167
9.77966
19.9883
6.77239
4.27314
2.88579
15.6141
1.46503
1.27496
18.3214
15.6046
19.455
17.7053
5.57844
14.7876
1.68512
10.5292
15.5051
12.6761
10.0737
8.6808
2.37455
15.3468
4.52644
19.562
1.19659
19.0183
0.250663
0.510311
9.59595
5.57477
17.2363
11.9302
19.0346
19.3971
18.0727
12.7513
4.23087
2.88409
14.8437
4.13022
8.35974
4.19068
10.8327
8.8784
9.03602
2.78505
0.80121
7.41425
15.5855
0.0886404
17.8489
6.01594
13.5112
1.52722
19.7652
1.41893
19.3347
12.6663
19.8259
10.5194
9.15073
1.4074
18.6727
1.45974
0.425839
8.22089
5.1872
17.1834
0.547883
16.5837
13.0747
19.6599
3.30749
1.04768
12.9034
5.62392
8.75384
13.4256
3.2007
17.8031
15.6459
4.96864
4.44314
14.129
6.2737
12.4708
9.33793
17.6736
16.0465
4.30342
19.2568
15.0372
17.2045
3.73689
17.9794
1.74286
3.28051
16.8998
18.7186
15.3935
15.6218
17.4624
17.3934
18.7747
11.1939
7.92167
10.4066
11.6327
0.411487
14.7785
11.2678
17.0231
11.4564
4.37855
14.1125
7.89967
3.23947
19.7404
4.68947
8.67945
17.5424
2.08639
17.4868
16.6851
19.1096
18.6431
14.7884
12.2749
19.3862
14.5119
9.67194
17.6181
6.56731
11.0021
7.6111
2.82694
3.19387
16.6611
0.984425
6.32935
14.3904
6.5666
3.10111
10.6938
12.7849
16.0252
3.3576
18.5471
17.4226
7.96684
2.084
3.46874
14.6138
14.3373
16.5208
9.77784
19.2797
12.1912
10.0888
10.3856
6.39324
3.55256
10.8797
5.9545
18.792
4.94614
7.37686
16.0076
1.59495
15.9796
9.83775
4.21037
11.8552
10.8705
3.06689
19.2581
4.42837
15.4354
17.3515
17.8341
8.42859
1.08977
16.2924
15.6634
16.8503
0.805143
18.753
11.4469
19.5557
13.1748
9.71064
16.3551
4.88159
7.34389
15.3832
6.06397
15.2301
0.207682
3.23768
10.4084
12.3633
6.87034
11.0291
6.97286
17.2994
14.1054
7.85771
2.24763
4.95388
0.0453738
6.61101
8.55065
16.6277
4.84652
2.3273
9.83403
12.265
10.3819
11.5315
16.8794
6.32011
17.1804
4.51868
17.1683
17.7593
18.466
11.8829
18.8303
8.2772
2.17592
17.8597
16.7918
15.2086
12.8211
3.96805
16.8214
18.1152
4.53186
1.15583
7.19446
12.0078
19.2861
2.95228
19.8389
3.63203
11.352
19.3401
11.978
10.7561
13.8696
13.1474
12.5938
1.03285
2.37528
9.50998
13.0672
19.698
16.4386
18.6427
16.744
12.2887
10.274
9.81244
8.06796
7.24215
4.283
11.2769
15.7188
1.56078
1.51419
16.0221
1.47695
15.7719
17.9035
14.7579
13.9225
0.33232
4.06874
5.13746
19.9519
16.5679
11.5218
13.1988
19.7706
16.9838
18.8728
16.6911
3.94497
17.9896
8.17313
15.8627
8.27165
16.1515
5.6644
2.39611
0.123752
4.53819
3.88509
6.94847
11.4614
4.66619
11.5098
14.3666
6.90288
14.0536
15.6802
15.0172
19.4041
0.267171
16.7448
5.59625
14.478
4.27321
0.221978
1.23172
5.20899
19.0064
6.24759
6.45923
7.4881
0.814667
13.0423
2.35934
19.308
14.9297
8.12103
6.2507
16.4217
6.31883
11.5163
2.13718
11.0312
9.14781
11.4435
0.740654
19.9381
5.69236
18.9671
11.2153
0.375718
1.34836
0.633412
2.11863
0.229123
19.3921
17.2998
0.979929
17.8297
8.05905
7.79207
19.1319
16.407
5.43425
3.31703
5.85201
8.68042
15.2945
18.5297
10.0325
0.657632
8.0713
16.6594
3.5597
0.0275935
9.2169
5.64588
18.883
4.4278
9.05396
7.70688
0.17873
11.129
5.91947
1.6811
18.7301
10.4735
7.60465
9.06699
10.9388
15.3141
11.0994
4.88377
2.93383
1.20273
9.70909
19.3872
16.8428
3.13345
10.1393
0.0954891
7.49553
11.9491
9.79394
9.50916
0.285673
17.6735
19.0213
10.531
14.4667
17.6167
15.6315
4.81498
8.67201
13.7526
3.30679
1.1507
11.5778
15.9077
11.296
10.3348
13.3231
16.2798
3.76426
14.5677
8.96631
13.605
12.1591
6.68316
14.02
8.88044
19.4764
19.1906
2.39673
8.37364
13.6259
7.13085
10.4026
6.40477
9.87212
9.1143
7.15286
4.38189
15.3396
18.6521
4.89259
7.04087
3.61909
2.93781
0.133913
18.0858
5.12811
7.64342
5.96365
12.3021
16.6461
5.75908
5.15065
18.1502
16.5855
5.83206
10.6096
0.0412563
14.8733
5.43299
18.7664
2.47563
5.0659
14.4497
17.4195
9.06563
14.662
3.29564
1.74171
4.50955
19.9956
17.5562
11.6528
9.23459
10.0627
14.8366
7.82848
2.46009
7.55285
13.1229
15.7106
5.70937
2.23638
6.7922
1.83291
9.91607
11.8329
10.9768
2.24047
15.9589
13.3541
15.9954
0.779675
7.30791
17.113
6.81315
6.79814
5.14323
17.4503
7.79208
13.9547
11.7431
10.9118
2.03868
1.47254
6.41215
7.40147
0.146306
9.95139
7.96635
2.09608
3.89408
19.9931
12.223
5.11153
14.0769
11.0933
0.656959
13.3706
4.30328
17.0315
16.3975
3.40629
18.067
12.2616
17.3503
3.06092
10.356
5.03658
7.30805
5.51675
13.6062
9.64885
3.42702
0.0082148
11.7545
17.3332
12.8727
15.7588
6.39535
4.33906
7.04663
9.03344
12.2872
6.99544
12.4841
14.801
1.37044
14.0786
2.86536
16.9342
19.3157
5.58792
16.2607
5.0992
13.1435
10.5118
19.525
5.69971
8.30402
2.3618
13.4843
19.8677
13.5558
8.5955
3.63329
18.5349
9.75054
0.208893
17.9006
13.3819
7.05766
13.1717
2.62956
7.02273
12.8225
9.18712
0.486952
3.70995
8.53906
13.6644
16.4911
16.2245
9.51341
19.4082
19.2861
16.556
0.067769
18.2057
8.6968
1.67544
2.40338
11.6805
7.87062
12.5754
4.15067
1.9231
8.78342
0.458834
19.6928
7.16341
8.68695
16.0366
9.23185
8.67646
8.48576
16.8041
10.6967
10.4217
2.30687
17.5204
11.6702
0.614195
18.9028
4.59624
15.5579
14.8691
10.3335
3.29825
12.0679
13.168
3.25315
18.611
12.2478
17.6075
14.7511
3.8768
17.1482
9.38534
11.5211
14.6516
15.1375
1.85031
9.97365
0.187878
4.61005
17.8603
8.50385
4.77149
0.171326
17.4536
6.37944
8.86326
8.67645
15.5796
7.51217
1.30346
15.2475
13.1855
2.42437
16.9036
7.71174
6.0964
3.67694
3.14416
3.06192
17.418
3.04037
13.7686
11.951
11.5872
18.1826
8.46927
3.5756
8.98624
17.2097
0.111411
2.18131
8.22364
4.15507
18.1098
10.3729
19.0376
9.34508
3.30332
12.0101
1.71803
2.55618
19.7137
16.6149
8.8017
19.2909
12.7135
15.7602
18.1293
17.2703
19.2841
3.39676
15.0803
17.9498
2.01657
15.0112
11.9277
8.35729
6.70399
6.82824
11.3747
1.67755
9.55266
4.12038
2.41833
14.0175
18.5435
9.31891
3.05623
19.023
5.70775
2.08408
13.14
0.148995
2.11432
10.0296
15.2888
19.9487
15.247
8.89886
13.8879
10.1938
15.4219
9.6924
15.7798
17.5374
6.90591
11.5531
13.0189
4.46388
0.630237
12.4817
18.9325
19.4859
0.816011
8.96816
14.8055
2.66187
12.7301
8.27933
11.7271
15.6173
19.3032
17.397
15.1956
6.88339
10.8774
12.5842
19.1781
8.48815
18.0824
6.36182
11.504
0.0471672
9.11435
7.32984
0.747441
7.65835
16.0514
15.8129
2.15672
11.2097
16.1654
2.43342
1.23013
6.945
0.135436
5.46409
9.17628
12.0796
1.93504
18.6487
18.1926
1.52055
1.30915
19.6185
17.3462
2.80231
19.0366
16.0356
12.3648
1.65563
18.16
15.8766
11.0323
6.33912
4.11022
6.03595
1.72259
18.3826
13.1517
2.16911
15.5016
3.19071
16.3328
18.9202
4.13992
0.846045
12.5198
14.7588
8.51778
18.9724
3.9047
18.1245
7.00443
0.918196
3.70183
5.68704
1.7041
12.9242
4.29059
7.82593
5.02279
3.71284
8.97151
18.9324
5.94565
16.2757
10.1105
7.46951
16.1331
12.1548
8.81046
14.0742
2.20342
15.0909
1.33358
3.21483
2.66606
8.32102
8.22973
3.161
13.4845
8.61409
6.06676
17.6654
19.3541
17.2036
10.0063
1.36647
4.04629
16.243
1.72626
13.2807
17.2786
2.64419
15.3897
3.09561
4.20193
7.84769
2.95961
9.48461
13.7473
2.32875
12.2182
0.621029
14.6913
17.1883
6.09727
3.8398
3.24411
8.36219
5.03926
1.22788
10.8434
8.75545
12.567
0.934474
4.04009
13.1742
19.9714
15.0733
3.51501
1.24432
1.45329
4.3591
13.1626
17.3477
19.5139
2.75559
8.34166
5.25231
12.5939
19.3453
0.237509
6.95656
0.812112
9.60884
14.1101
11.0809
14.9927
10.0589
14.9295
13.1521
16.6225
19.5956
16.8528
9.96721
6.5278
6.38659
15.3608
10.6521
8.13888
1.25614
6.01608
18.4607
9.5609
5.95763
15.4845
0.0355787
13.6246
13.729
14.9455
2.7258
14.1654
5.18726
0.972856
1.37184
10.9156
19.8557
6.00263
0.917829
16.2179
4.39532
6.51133
17.766
3.19515
6.46939
10.7016
4.71764
16.821
8.00038
3.02444
9.37806
10.3277
18.2929
18.4865
4.85536
16.0506
8.97083
0.0954554
14.5611
5.79402
3.52556
13.7241
11.9237
3.95721
17.1334
5.1369
18.615
5.85177
7.18742
19.4954
0.872406
15.2866
12.2159
18.9014
13.1372
15.8785
3.40441
17.0629
7.38427
15.0505
2.72584
14.3863
10.993
19.8599
6.4632
18.8745
4.0157
0.929834
17.2215
5.51903
12.411
16.5021
10.8925
10.4502
18.2828
16.0865
8.78358
1.2231
13.4132
8.17482
9.358
4.74906
5.82879
0.588897
13.9938
7.77466
13.1854
1.83008
11.0682
7.24871
2.88491
16.1468
14.7378
18.7625
8.41246
10.7417
8.12875
3.16144
8.2293
9.70231
11.761
17.2461
12.3607
12.7095
0.54309
9.26299
1.92001
12.8951
0.463916
14.5564
17.2779
11.6284
14.9386
19.6074
1.28096
11.1744
2.71303
12.8991
7.00302
12.3676
3.50157
15.9368
18.4106
16.855
10.6709
13.0263
6.38177
4.40302
12.0742
5.24885
7.06561
16.8275
13.1672
19.5242
9.96155
2.44459
13.0874
2.01663
11.5361
2.03481
19.921
7.89701
15.5563
1.37799
2.99225
14.0085
15.6799
18.5819
10.8663
10.9789
18.4878
14.9301
7.57032
15.8956
4.85888
11.5753
12.9579
12.0496
0.978246
2.01619
10.7874
0.483193
0.562712
16.7487
13.9308
16.3689
9.52707
2.09392
6.44106
7.54301
13.4884
18.578
3.5002
0.464182
9.29735
6.33505
14.5017
14.24
16.5318
3.12551
15.9214
2.17195
14.137
10.7319
8.68726
12.1028
4.98314
14.0624
10.8824
1.31435
18.6724
0.788182
7.12807
15.9927
16.6096
5.46784
13.3591
1.85895
4.32161
11.5829
1.21661
11.1225
6.48002
4.62454
12.7514
4.97888
8.91161
11.6612
11.3135
5.3937
10.8998
3.30587
11.2126
18.9732
11.5015
8.39712
7.49221
2.76728
19.4854
18.5209
13.2549
12.4409
11.1296
11.2779
15.7652
13.9622
7.71825
5.6305
7.40517
2.43989
14.0805
7.36979
1.75945
3.88019
15.0086
11.8098
3.25664
3.54378
8.44758
16.5636
11.0187
1.69845
11.6809
17.3033
8.26571
4.68664
2.99511
12.8988
12.0442
5.72854
0.97169
11.9684
2.47717
16.9832
17.0018
14.7256
3.90351
5.71138
5.55546
5.73269
18.9707
17.6775
12.6297
4.52128
7.81194
2.52418
12.2676
7.14439
8.7084
3.54418
3.75974
10.9442
6.9023
16.4869
16.0665
16.7016
5.89845
15.7235
4.45021
19.4272
3.40344
1.72455
15.766
2.65952
5.51731
3.7284
3.0126
19.516
11.672
18.3573
14.5079
6.07337
17.3481
5.89364
17.8698
13.5092
18.6352
0.352578
3.08483
15.909
8.4161
15.9641
5.48953
9.35822
16.1899
3.76757
11.6818
5.58661
18.2674
1.44514
18.5234
9.90416
4.39166
16.5489
8.13342
8.21279
5.7356
9.60896
13.4614
0.266683
10.7182
7.14776
0.392324
18.2274
9.73283
1.33507
7.03194
10.6457
15.9417
6.281
13.0619
4.23838
0.739851
0.154096
11.1955
7.10079
6.56086
14.9211
6.32211
7.10223
3.82968
10.3174
10.0302
3.08347
11.7109
11.7782
8.37192
17.3565
9.45331
1.51735
1.4593
0.862465
15.639
16.9809
7.76419
9.27642
7.54308
12.0295
13.7217
1.99055
19.125
15.6445
10.836
10.8533
19.36
5.31863
3.78144
15.4691
6.67519
11.7312
19.157
19
9.63304
1.08262
5.47009
7.3457
17.9656
16.9769
11.6907
6.71026
4.9431
4.92567
3.48465
6.15828
12.6827
7.45703
2.60993
7.41711
5.64484
9.97836
7.92255
14.4832
10.2191
2.64153
5.12548
2.25017
15.4507
9.07329
10.7985
3.64781
14.3616
11.0932
1.33398
16.4018
8.49848
8.79312
4.06073
19.6371
2.16855
7.90511
18.7783
0.402039
3.54965
18.5092
7.61166
13.9161
11.9253
1.94577
11.106
4.56117
4.74857
7.51504
5.23406
5.21202
0.34453
6.12109
18.1185
10.1243
17.8698
10.4829
17.4642
0.799317
0.955971
17.153
5.57036
6.19411
1.10972
8.35993
12.5985
10.1507
2.62686
13.2663
15.9284
2.89671
4.9292
19.6667
5.74592
15.9231
11.5055
14.9552
14.3755
10.0699
1.41729
8.90623
11.9926
14.4056
0.00164405
14.633
16.1325
17.9076
8.21564
18.2522
9.14003
7.79142
19.4976
0.657099
13.6231
11.2552
16.9858
15.7462
6.13857
19.9027
18.2427
5.95823
10.9476
10.5137
3.5628
0.817768
4.00233
17.3936
14.3868
2.73101
11.3085
19.8782
9.86118
16.4024
17.6719
4.7356
7.83267
4.79928
16.4907
14.955
1.98384
10.7099
2.72995
7.33218
14.9278
14.4452
3.08425
15.9029
9.03546
16.2157
4.24584
19.1973
14.2127
12.3539
6.54062
15.5258
2.12698
16.4633
14.2398
12.8296
1.42236
14.2602
17.9094
1.12312
19.2319
16.5217
13.8491
5.53286
3.68159
11.385
2.61498
17.141
9.96453
19.2954
2.90641
16.118
6.26339
7.87379
8.0001
10.0184
1.68939
1.74024
9.54756
9.19745
8.18213
16.7813
12.7409
16.8508
4.70107
6.08632
3.15072
14.3285
1.19061
15.2742
19.7988
17.1829
17.5191
0.953155
17.5147
11.6968
16.5276
11.1026
3.95684
11.9003
12.7363
15.7886
12.9308
11.064
0.0305742
18.9029
12.7598
11.9494
9.32999
17.061
4.94158
18.0872
9.88469
10.1625
15.4943
0.676874
0.902146
10.4577
16.3488
8.6862
7.99718
16.1418
10.7035
2.52891
11.1559
6.74734
1.67573
16.3465
10.1867
18.5514
6.00137
18.9357
2.12166
15.0895
17.7721
13.751
13.9002
3.86571
1.97501
13.8512
3.38793
15.0852
0.817432
8.27278
7.78515
7.91017
7.36711
17.3912
15.7005
13.4546
0.185924
4.82604
14.5042
7.80826
9.29374
8.86314
9.85768
9.15993
9.72369
19.6681
14.5083
15.4428
1.45668
8.44675
13.8521
13.9141
14.2344
7.34184
8.36369
4.07727
17.3724
15.8845
2.01631
8.78785
8.56864
5.47319
10.0113
10.7459
1.90547
19.823
12.5006
18.9868
5.88285
8.06581
18.5527
6.77945
1.75211
9.54546
6.3782
1.72201
4.05405
14.3474
7.0714
8.51424
2.12369
14.941
11.8724
19.3328
1.2169
16.6561
13.9839
18.1053
7.06455
2.392
4.93099
8.19332
4.3587
19.7532
3.97487
8.0467
18.2235
19.128
17.6928
3.82566
16.4318
6.389
12.1132
18.2788
10.7881
12.6682
10.1068
15.9662
5.98575
13.5186
9.79015
3.11652
15.8141
10.7675
12.0428
4.44517
0.541192
13.8034
12.4791
6.76821
12.5812
0.538573
3.39303
0.709033
9.41619
12.1697
5.86713
19.4172
12.2271
17.8727
0.12929
1.10033
4.30692
3.95064
0.750682
8.97534
15.8216
11.9238
8.26427
5.46338
18.2382
7.6598
12.1711
19.5094
12.7979
2.16141
7.62111
1.07557
12.3936
3.94488
11.7876
10.6291
12.2492
2.47883
14.5148
0.741649
6.78193
14.0874
13.7433
19.1668
8.17228
17.9182
17.562
14.8873
8.59556
2.37938
18.0837
17.7437
9.08681
9.42373
19.2355
2.12343
17.7195
9.6951
1.04105
13.2822
16.6804
6.59519
14.6927
5.21596
11.7079
11.4336
18.6995
2.46562
19.9328
19.708
9.71161
10.134
15.9371
14.4176
6.24583
2.07568
2.84449
10.3739
17.4413
10.6534
11.7041
8.95976
0.116803
4.98978
0.0270796
5.7941
18.1427
18.7036
12.6054
5.3826
19.9807
11.1328
15.9247
3.37367
18.8178
1.28111
6.46575
13.8123
19.4902
12.5909
0.0637863
1.58576
3.67424
3.74985
19.0176
4.06442
18.0634
7.25822
4.46454
17.6831
0.404474
1.63912
10.2666
17.2833
1.39815
18.2762
10.8918
3.50564
1.99028
11.2064
4.70933
10.9979
3.81863
19.3893
14.1105
4.48768
11.8291
2.03276
1.08498
4.4165
18.3346
5.24692
8.51909
17.3377
7.85115
18.7103
1.98834
13.3898
15.1242
11.4954
3.00783
17.2433
18.9271
17.9099
1.21369
8.42177
4.05888
10.8202
8.27595
5.32998
6.56666
14.8261
7.97794
7.90093
17.3396
19.278
15.8795
2.64969
0.914557
10.9289
18.6444
19.0033
12.404
9.10788
7.176
6.84692
19.9867
12.0559
12.624
18.2431
17.5732
15.5631
7.29143
8.00418
3.84445
2.69861
15.8157
1.98127
15.6106
14.1579
0.392388
13.0038
2.4385
0.611696
5.92319
3.57712
1.60736
11.0837
0.132297
15.8737
19.8932
7.54485
1.46393
7.37596
4.43507
10.2618
5.63725
16.1412
18.307
10.314
1.27963
16.9389
17.8446
3.19237
15.1392
11.2314
4.19257
12.8885
8.17758
3.79017
15.1568
11.3635
16.2316
10.4891
3.67207
3.8214
8.2139
2.95519
19.7926
6.1322
9.63356
9.51316
10.5387
2.7259
1.21361
17.2058
10.2223
11.893
7.06717
5.34764
0.326356
18.8383
16.1033
13.6909
0.0220548
12.7505
5.58059
15.4614
4.06333
9.81163
11.4552
18.622
17.3849
1.9644
11.3929
18.0913
0.643536
18.5372
8.89428
12.4087
17.0585
4.59678
4.20369
4.8446
4.24971
5.07595
9.56427
2.34625
0.364503
4.52339
13.3351
16.693
6.19968
13.5996
0.88936
13.2971
6.24732
14.6102
13.0274
8.61416
18.5386
10.1105
1.95087
18.1981
19.889
13.8323
6.70912
16.722
4.42076
8.15173
0.91804
10.1812
16.2287
2.32337
18.8313
4.76411
13.9125
7.02136
15.0986
16.9821
10.8927
11.1385
8.4313
1.56794
4.83033
9.76722
8.97423
18.8917
10.3874
4.18055
8.67548
7.98114
19.7049
12.213
15.716
11.6726
13.6026
11.4895
6.47211
5.56845
8.26915
18.8326
1.80504
17.9298
8.30989
3.95327
8.39407
18.7068
17.0178
16.6243
11.6631
18.3671
3.33372
7.4806
4.06114
8.74483
7.61814
10.6324
2.00739
15.1079
5.50095
17.433
16.971
6.33022
12.726
7.90632
7.53527
17.5957
16.2891
17.9995
9.10661
8.16181
17.7296
14.7217
10.8901
1.61622
7.93825
11.0814
11.3205
1.56103
4.26047
6.2857
17.2418
18.7393
12.9962
5.71226
0.753523
4.52751
17.9581
8.31079
9.45588
17.1895
11.7301
6.69674
4.25332
12.8651
8.93126
17.6848
10.0788
14.2864
9.86611
11.1795
19.8114
13.5908
16.7456
16.6085
3.6982
2.2421
18.1588
6.16537
7.37807
8.16757
1.66854
7.67404
9.92848
6.27847
9.29558
16.9221
4.62696
2.56872
3.31654
11.3673
9.01423
15.3731
16.844
18.254
12.3534
8.12867
5.72467
12.8768
7.45984
8.30183
2.80069
2.40004
4.29423
1.30488
9.33015
2.85234
11.486
3.8291
8.01796
1.95271
4.4298
1.7292
0.665721
1.72011
13.8741
16.758
19.621
7.95078
1.82391
2.31763
7.53307
1.60732
16.4601
17.8938
16.7641
3.34914
7.08335
3.55776
0.748284
6.10973
14.2951
8.97974
10.7025
3.6206
9.60012
12.8683
6.04688
6.60785
10.6657
17.7773
5.39298
13.9811
2.24907
15.5117
9.56331
5.99269
10.0334
0.786933
7.69011
16.6064
13.8001
13.32
8.45341
10.6845
1.73702
2.38741
6.48398
16.7078
9.81232
2.84381
11.0284
0.818707
2.89075
10.5762
13.8992
6.37327
15.3892
13.7925
17.9938
8.06987
9.02921
17.4971
9.04829
4.37133
6.73455
12.7782
5.48121
10.8043
1.85052
10.1786
3.88199
14.5442
9.96561
15.8756
14.82
18.5904
4.6426
7.25481
10.0707
6.99083
13.8881
3.27309
16.0618
17.0334
16.9573
2.12503
12.4206
6.56039
0.623612
15.636
19.0769
7.06943
19.17
14.278
6.8756
15.2231
5.2871
9.52746
17.8156
19.1829
16.6534
7.56987
16.4567
12.8236
10.6755
9.2929
0.757488
7.9456
5.85866
18.3406
6.92894
6.80138
9.15669
15.8842
15.386
10.2077
15.9524
0.98645
15.6005
2.22348
0.299339
11.7243
4.21652
14.4674
3.10868
12.3483
6.56771
2.67753
9.01187
16.7343
14.4638
19.2987
13.0284
5.05836
12.8523
10.5015
1.67638
10.3963
17.6643
5.54119
11.4893
16.7969
11.651
4.9207
15.3371
4.82089
16.1226
0.636769
1.48358
12.6926
18.0607
2.62847
9.96776
13.4125
9.5787
5.56195
18.2646
8.11648
10.5275
19.2054
15.1983
18.7193
4.22831
7.65411
11.222
9.4739
13.8863
7.4894
11.3964
6.02705
3.41368
18.8319
17.3746
10.8299
2.14567
11.0263
4.08676
4.78995
16.8432
6.23422
4.63741
13.1284
9.56216
12.8323
6.94559
6.25498
7.32993
14.1004
2.21208
6.00591
16.027
4.84037
3.72836
19.7869
7.38082
6.85023
1.24608
14.6033
16.8528
7.1155
14.1431
18.0516
8.28802
10.2013
4.52774
0.262773
1.07298
1.75248
4.27543
18.4967
11.4833
15.1575
3.35801
16.1866
7.20082
3.637
12.4041
15.0334
14.546
10.7392
14.1697
6.24468
2.94719
8.63535
11.9536
13.7125
10.8311
0.907019
2.97025
16.4316
18.4405
12.3955
3.46508
16.8687
13.3592
3.9405
0.675131
7.46177
12.5308
4.99898
5.14529
18.5658
13.5553
17.69
17.9644
3.99932
11.7377
4.56788
7.96312
6.23073
0.67752
18.1207
0.313101
19.1624
1.0941
7.56801
1.40461
8.03622
5.1932
0.379337
4.01165
11.4036
5.15427
19.4353
12.5936
1.7432
16.8439
19.4812
16.1806
15.7086
6.97489
19.2759
4.82274
7.45322
11.3715
18.1468
13.7003
7.82805
11.7506
8.7266
15.244
14.9422
14.029
18.0097
7.87426
14.8664
2.31854
0.17287
1.6076
18.5116
2.93807
3.01106
0.212912
10.6232
9.20195
8.87019
8.89955
1.07734
7.74509
2.24458
16.4738
16.0881
6.63659
0.0607925
13.5784
18.8411
5.3404
18.407
2.55224
1.86254
4.6648
9.22488
5.88692
17.4315
12.3151
12.8183
9.54619
0.113641
11.2249
15.5157
15.7425
5.60647
13.4469
19.2334
3.39035
5.39621
13.8909
2.61252
14.2147
17.3102
1.00848
14.4025
8.06666
2.37273
3.47537
15.4027
18.6421
13.4771
4.86969
2.31531
9.43847
7.26515
4.50336
10.0631
19.9654
13.2694
11.2823
17.8344
8.35633
16.056
16.9481
11.269
3.675
13.3121
9.49111
4.87921
11.1899
3.02331
16.1018
16.8542
10.4023
5.62836
11.6229
1.55133
14.4055
6.35111
1.80974
18.1526
16.5119
1.81974
7.11677
16.5638
14.9696
10.8297
19.0121
0.777945
13.0411
12.248
10.6155
10.0847
8.82197
14.0507
5.70559
8.95846
11.801
15.9579
11.7611
19.6915
7.40675
4.15248
7.03754
16.5111
19.8176
17.1262
17.9653
13.8269
16.147
12.2909
18.3418
19.5505
14.4566
6.47266
15.4587
18.1593
2.80841
18.1388
10.7842
9.08315
5.08221
18.5999
17.8373
15.6891
19.5501
3.84483
12.9112
4.56823
7.96233
1.65114
3.7683
3.52198
8.78836
8.17572
0.24738
15.3905
18.167
9.90448
9.59083
10.3432
14.9373
17.2638
16.1089
2.41478
10.2976
8.5289
4.69054
1.06632
6.70826
13.5916
16.3547
16.748
15.9298
4.68229
2.62325
9.41952
16.1305
2.18475
8.79976
12.8688
14.9653
10.1175
5.25626
5.3185
4.06475
4.61398
15.0732
8.94743
17.7249
0.356268
9.32752
6.01641
3.75357
3.47445
19.1421
16.9716
17.2839
1.26955
3.32626
19.3595
14.8268
18.7515
11.9256
11.7007
5.66728
1.24532
17.5579
14.2453
9.17299
0.470058
15.0315
19.527
17.5366
4.14007
3.18751
6.68119
15.5709
6.63507
3.22469
13.0079
12.0475
19.6863
16.2721
16.7644
11.1671
16.9313
1.55125
19.0944
17.7298
10.2227
4.87744
11.356
14.7276
18.8844
12.2492
1.62793
0.343741
4.17112
18.2259
5.88017
12.3747
1.54265
9.51335
11.0741
2.98256
3.15134
11.0793
12.2053
2.48274
19.6689
5.42471
18.3903
5.7369
1.95339
7.28458
2.02949
17.097
5.62419
4.37881
8.84878
19.7469
3.80585
0.673827
7.81259
8.52868
9.49824
8.1643
0.851598
12.5414
3.35582
19.3459
6.62098
17.9998
11.8376
2.04122
1.95333
19.1645
9.03217
8.39555
5.24404
1.93861
7.06358
3.76254
6.53642
4.28637
9.33536
9.87538
7.76874
0.209379
17.5872
7.12825
1.35337
8.52667
5.79837
16.9735
15.5014
4.66365
10.5398
16.5788
16.8725
19.9308
7.42189
2.64801
14.9822
14.7725
11.6235
11.7611
7.8415
2.90217
4.12882
11.9386
0.637659
17.7238
15.0036
18.6856
2.1894
17.2387
10.2996
8.29546
0.358213
7.54639
6.99446
8.28283
10.5113
19.394
12.0255
6.77595
19.2614
19.4973
4.07941
13.8323
3.97767
0.777038
16.4494
6.57783
9.33754
11.8074
6.5891
17.4781
7.77792
7.27049
17.747
2.72915
16.2586
12.4713
13.1355
9.80581
7.63709
19.6616
0.615045
11.5524
15.4313
17.4016
14.0345
5.40831
17.6727
6.86426
5.60019
9.13166
12.64
19.6315
6.75913
10.7416
0.0515813
11.8927
12.8393
17.7592
12.0587
12.2519
4.86368
19.955
7.81598
4.16155
4.67104
19.4752
14.5936
2.71565
0.546246
17.7924
17.8214
13.7426
10.4696
9.42621
0.607659
6.16125
8.83271
18.0708
3.71819
10.5274
19.2371
12.5481
0.130494
3.6326
0.733096
6.68978
14.1165
15.2585
5.78933
6.52259
18.4523
13.811
12.5474
10.7673
15.1077
15.1547
3.1779
18.0983
8.32485
10.6104
10.2363
13.3594
17.4905
11.3757
19.7848
10.9284
16.0027
1.22716
17.7713
15.3477
9.1738
0.141956
1.10491
17.1757
12.3116
1.84728
12.3105
7.66707
1.09601
2.92283
11.0018
1.12027
11.1071
12.8591
6.70399
4.62211
5.58337
1.58669
13.1016
0.370484
1.46762
18.4901
12.3796
2.95286
4.21415
3.29969
6.58831
12.1381
19.5367
3.87897
6.40607
8.31087
10.3579
2.03264
0.0704759
7.01728
4.63091
0.887161
10.8213
0.642135
14.5876
10.975
10.3384
8.27816
8.30344
2.44736
17.1109
8.95443
3.81996
6.97268
11.2835
9.68251
6.73987
18.6127
16.1229
0.91259
5.35819
11.3305
8.51124
16.9375
8.90678
14.2335
19.8056
12.8244
2.9282
12.4215
15.0862
4.93314
9.45123
19.9401
9.08134
16.9098
2.88676
12.3984
12.6545
8.80646
14.0962
18.3737
19.2465
10.8352
1.24434
6.04491
2.62969
15.0488
0.415583
1.14222
16.7622
10.6957
17.8816
19.3917
7.37122
3.89788
4.21409
19.2796
13.293
1.56024
15.2417
14.1514
17.9359
18.1063
11.4054
18.0623
19.6929
15.2461
17.9321
11.9693
9.41894
15.1763
8.47842
1.8517
19.5156
5.54574
14.0202
0.234901
14.1871
1.31292
3.84495
3.69928
7.99112
7.71056
18.1551
5.73383
17.8983
9.03221
7.7092
11.5591
7.9521
13.7321
8.70842
5.00604
4.14423
9.83522
16.9996
4.34064
19.5619
8.88466
17.8213
3.59042
1.53525
3.53056
8.52798
1.48589
6.7836
15.1596
3.22658
14.3097
8.57217
17.0873
14.8097
18.8138
14.9856
19.2753
9.86543
3.66648
5.53342
4.26942
16.901
13.726
18.6391
3.57638
8.45181
19.9166
18.1671
4.25997
7.10317
3.47855
5.57552
11.4421
12.4027
15.935
10.8394
14.3005
8.1434
16.2765
13.8048
0.0280653
7.05797
9.30924
8.35732
12.1969
12.5323
19.546
1.95862
11.0837
0.160311
5.1991
14.8623
1.3156
13.2026
1.01813
6.47677
6.5575
1.02508
9.35681
8.27154
0.674291
12.5006
6.5596
0.849535
6.67925
14.5502
8.01263
16.2403
17.1273
2.96703
6.82351
17.748
0.00680444
13.5002
0.208157
2.51389
17.4659
0.788493
19.2354
6.00956
13.638
0.00856335
15.2723
2.67379
2.40207
0.848703
1.69331
6.8069
15.1419
2.29094
19.5298
17.8274
7.11704
18.0431
5.06076
0.601412
7.57887
1.68254
18.875
7.528
7.62133
7.43689
17.543
1.73959
2.66348
13.9733
13.6208
10.5463
14.0575
9.22614
5.60292
18.6037
12.7014
9.73905
19.4324
18.6933
8.32181
19.4363
3.92591
6.53591
11.7362
0.369451
13.337
18.7045
14.8622
18.2281
12.0058
0.648138
11.708
0.926458
14.8672
15.3981
8.9275
13.7588
19.6838
18.0772
6.63751
18.1271
19.4752
0.428557
8.91413
2.03678
15.8878
5.73021
16.4021
10.7586
9.24372
0.311177
12.1685
7.35028
1.11075
4.98461
13.0786
16.6952
19.2733
12.6527
6.36749
11.4769
14.4134
16.0825
17.0081
7.69344
18.3178
16.9088
0.826284
10.0174
11.8526
6.7689
12.1059
13.8744
5.60997
6.07829
2.83902
16.6207
4.77743
8.09861
17.5428
17.9943
9.12773
18.295
15.183
4.78234
0.395881
1.73266
9.3512
8.76358
8.59929
7.76602
19.6655
4.62003
1.73088
14.7022
2.22744
3.60502
15.5462
12.8027
1.95164
10.0748
13.1206
10.7142
1.39893
2.33613
15.7135
16.1188
12.2925
19.0268
19.7281
7.10205
12.6986
12.3286
14.4267
4.05034
1.40225
13.5429
1.60329
5.85818
9.92417
7.55848
11.5235
14.1628
14.4032
12.894
10.735
14.0167
11.4668
9.81869
14.0245
3.47068
11.1248
19.859
0.0286546
4.2494
8.99177
3.65556
5.08559
16.744
17.2033
11.0844
10.303
1.78724
9.27624
10.1317
4.50857
6.8585
9.57343
17.1632
10.249
12.2577
10.5129
16.7656
18.3378
4.62164
3.64055
1.03708
1.5295
12.5173
0.0929564
15.2145
8.15298
18.5753
7.98093
3.98718
10.266
0.278825
13.9331
14.9298
13.582
3.00915
1.95641
5.91974
3.32257
7.81966
0.93787
4.9629
18.4985
3.95566
17.973
5.49307
19.0911
16.0894
15.0145
16.0674
9.93113
7.65845
15.8159
4.55163
16.1946
1.17505
10.7703
6.09629
11.2099
12.3672
2.49947
13.6934
11.5351
18.3042
3.52051
16.1435
6.28236
13.3283
2.66888
16.1334
5.5475
0.599518
19.4102
15.2109
7.83056
6.06029
18.7502
18.3341
2.37131
17.8328
2.86456
12.8776
5.90726
11.9522
3.28954
18.9739
3.94931
1.46791
4.8649
2.68094
15.6357
2.46122
9.83216
5.70548
14.2662
1.00553
12.5073
19.7487
16.5046
16.6196
15.6008
11.4136
15.6731
7.94514
0.50557
16.5566
17.1973
6.31311
11.542
5.67346
8.81183
9.56427
3.86126
6.60795
4.49221
17.7139
4.4261
1.78879
4.76817
13.3981
12.6858
8.29333
17.4233
18.2474
18.6791
18.3343
14.1492
10.9469
4.75226
11.6948
13.0039
15.6018
0.121857
17.9243
8.98448
10.701
18.1038
17.7224
15.4798
19.7099
13.8866
6.29915
1.80313
18.3204
10.1914
6.92578
18.2782
2.97547
3.5974
14.7726
15.766
16.3943
12.6825
6.02376
17.6143
10.4718
8.80729
15.775
19.9446
2.60458
5.72053
1.18743
8.05191
2.75304
0.829316
18.9051
9.6407
2.34555
10.4098
1.14514
7.13516
16.2855
0.181801
8.48171
17.8083
12.6142
19.8338
8.61413
15.7415
2.27077
14.7624
11.732
13.7926
7.67183
11.1935
16.1544
16.6686
3.60116
13.6432
12.5384
14.5334
17.2318
6.53286
13.0142
16.0121
4.74694
7.42977
0.830288
3.92976
11.1887
14.4703
18.4807
6.78456
10.7834
14.697
9.03091
6.81497
6.41844
2.9276
14.0537
8.83696
13.8901
5.81008
11.2056
5.5817
4.28668
18.3004
2.21822
4.22455
5.52076
14.1151
12.1731
15.6221
0.481759
7.39837
1.07311
3.57747
12.2866
17.631
12.643
10.4569
16.105
18.4704
14.6489
5.68773
13.7269
5.41707
8.82852
6.85422
8.15723
4.41948
4.69288
16.9791
6.19684
10.6961
6.13103
2.68833
19.2145
6.3853
14.862
8.22313
14.1841
19.346
0.357142
16.9791
11.3488
11.0719
4.51185
19.027
17.2548
12.9176
16.7858
5.19947
10.338
10.6376
13.5923
6.73702
9.97288
7.47328
18.9963
3.27737
13.5058
6.95679
3.80832
7.50821
15.8848
15.9284
10.6719
9.45974
9.6553
10.9523
8.40934
12.0363
17.51
11.5336
4.5215
18.9216
8.76081
16.7779
8.13006
15.8406
0.86664
12.2483
13.253
14.786
3.56289
2.10553
16.5097
0.385361
5.6014
10.524
10.3363
13.5695
9.73015
12.8248
3.43091
8.08807
0.731794
4.11335
4.26126
1.94727
13.7064
3.08601
13.1869
14.284
14.4804
10.2613
5.89975
18.3965
19.5908
4.00585
15.8717
10.2321
7.58519
5.30201
4.56684
10.5876
15.3779
13.28
4.67049
12.5679
9.36452
6.50078
16.3726
17.1529
14.9898
14.8223
18.1304
15.4738
7.26652
16.3017
12.7509
15.5308
13.1511
18.8935
11.0792
10.9286
13.4148
9.81133
12.332
7.86958
9.54418
3.31472
8.93699
19.5715
9.52795
5.18914
8.21504
7.80278
1.06605
10.0638
12.2968
11.2815
12.3752
15.51
9.10199
17.6365
9.2329
17.8247
7.85271
7.85937
5.20544
12.4826
5.85847
14.3412
19.8512
1.54892
11.2567
6.3882
15.1846
1.19815
13.9454
18.5334
15.2838
17.4522
11.5753
3.40691
9.14598
9.16818
5.90844
4.29012
8.27534
10.7829
0.868479
15.7906
17.3965
4.21355
0.31658
19.1617
6.40209
3.90111
16.5764
12.5867
15.1472
9.21166
12.4871
13.2948
17.1302
8.20244
0.893816
17.3089
0.989671
16.2403
14.1604
6.91256
17.5426
13.4714
11.2962
8.13355
7.01198
7.16412
17.2671
6.56834
2.38486
19.2036
6.01422
0.0654567
18.8819
4.60954
7.4437
13.633
13.2809
6.26607
13.6588
4.01774
2.14907
16.3039
8.29459
8.73524
12.3295
4.73057
14.4414
19.9586
11.7666
16.6093
7.86959
12.9514
14.3944
13.493
12.6953
13.6243
2.58235
7.94983
10.0025
14.7495
15.5581
11.0631
7.98362
7.97223
0.160187
16.9127
10.4601
2.03347
11.4225
14.6778
14.1212
9.6916
5.56453
13.0287
4.1837
16.0691
18.7992
17.845
5.3818
12.6151
12.5811
0.00244995
7.38879
11.5621
0.908204
18.3275
3.96854
16.7245
10.0666
6.27
11.5425
8.7744
3.89209
18.053
2.52016
15.6073
11.367
3.24354
11.6687
16.8416
5.52586
0.375236
13.0235
3.43458
16.1849
13.1807
19.1447
10.8799
18.5529
17.4607
15.3626
2.41772
10.7004
0.18807
1.48406
13.793
10.2041
7.982
15.4162
12.5962
15.9639
1.88531
6.53923
18.4846
15.6534
12.3055
7.8633
12.0403
10.8456
5.08528
12.7161
14.9553
10.9379
7.0175
17.9082
13.273
11.9373
4.37132
9.23988
17.6354
17.8671
3.25595
7.50656
1.43908
3.19289
19.8872
6.5742
13.3618
5.55288
17.2535
17.8045
1.63689
6.75254
5.63943
5.51433
9.80918
7.01338
8.91025
14.5056
13.4127
18.1227
7.88718
3.69241
6.82167
14.1397
5.57917
11.5535
1.1728
5.13735
7.84791
0.961565
2.12246
8.72398
5.3841
9.17513
12.5936
3.70749
19.2308
0.347079
4.21247
9.52112
11.3473
13.8392
3.15301
1.72276
6.0752
8.41239
2.6894
16.8891
5.28797
3.77872
3.58733
0.782057
18.0486
11.9316
0.0334417
12.7275
19.2852
4.53427
2.56444
7.96623
18.3874
10.0004
13.7119
12.5305
4.79031
11.4949
6.50624
4.18048
2.44019
7.66752
11.0249
9.69969
1.23672
6.80755
12.7153
12.5719
1.95287
10.7204
7.90405
10.8256
13.4944
18.2422
3.74476
13.7954
7.16793
2.6807
7.74948
10.6645
11.3788
5.7201
11.5764
2.69996
12.7496
12.2739
10.0586
8.26284
2.35156
0.754683
0.473764
12.0146
10.5512
15.9794
9.31688
7.00786
14.0239
2.63129
3.68548
1.46162
19.1424
2.74165
8.2727
14.4008
3.30448
3.27355
19.2085
18.0433
2.52646
16.8633
0.192235
6.85218
4.93249
6.91576
16.0866
17.5519
9.07275
3.83311
0.435287
15.9532
1.80353
11.0598
11.1532
5.36515
12.5995
5.39568
11.8269
17.408
6.4662
9.6003
2.43539
16.3513
6.57044
8.02119
13.2959
11.3634
16.6394
16.4672
18.172
0.803209
10.3304
17.1982
3.11379
18.9778
8.89993
18.8704
19.8828
1.39697
15.7968
19.5603
9.35023
4.73481
1.53446
4.98358
9.17141
1.84866
9.94055
17.6927
8.14272
14.1421
18.0508
8.2855
10.2356
10.3475
7.0004
13.8143
7.12802
9.85028
1.02184
9.73294
10.1224
16.5134
10.4344
11.7366
19.0079
10.359
15.0136
15.7973
18.8347
10.1907
13.411
4.91664
4.56014
1.46223
11.1184
13.7572
11.292
12.0014
8.2914
1.69981
18.8025
15.2335
14.3216
9.2082
16.8867
18.5383
3.98039
14.7851
12.9283
3.56275
8.91738
9.89281
16.2826
16.1677
14.5828
5.42736
12.7545
5.28252
3.88429
7.22824
14.5125
13.6098
16.1668
18.9934
3.88739
4.27567
19.5435
18.2224
8.9211
11.3651
9.81012
18.8404
3.88795
19.948
10.3031
8.71396
2.06456
10.3402
9.32166
11.2055
1.84313
6.58778
4.54151
14.2573
3.07624
9.95672
16.9677
13.3622
14.4177
2.9556
5.70281
9.46316
11.406
9.18121
8.27822
16.7668
3.96414
1.38232
1.07829
7.60688
11.2291
5.38329
4.71531
13.3077
13.2372
1.62865
17.1328
6.00864
7.87665
16.1502
15.9108
3.05742
9.48091
12.752
19.8215
3.54255
18.5723
5.26203
9.3678
14.4195
9.41819
16.3691
5.2869
1.8871
8.84362
16.7949
18.2866
1.46784
16.733
6.54656
16.3941
6.49217
7.06805
12.1172
15.1922
0.259218
17.106
0.314086
6.81496
8.67684
10.115
2.44173
0.357447
10.908
6.61532
1.55876
1.03697
18.757
16.3211
0.3692
8.9203
4.54025
2.78639
18.3334
18.1168
0.750073
5.29924
4.57676
15.9614
9.48583
11.351
11.5026
10.544
7.73538
17.2444
6.57764
2.32045
0.489184
7.83265
15.4217
10.6682
6.24701
10.7768
3.79455
12.921
17.0779
19.1507
13.9517
11.6735
2.49653
17.8452
15.4196
18.7254
19.9207
7.45679
15.0769
1.40233
7.03594
10.0052
3.44739
15.1166
10.6885
3.51363
5.3459
4.57197
7.46563
13.7978
10.2497
8.43272
8.88075
18.7276
5.29328
6.54727
14.9367
4.62208
6.67621
2.19972
9.4626
15.1242
16.0355
1.17699
19.548
1.53539
6.74507
12.7392
13.2766
1.94428
13.9825
15.9154
5.37593
10.5124
7.82836
17.1493
5.05718
1.88763
5.24969
13.1552
18.0234
6.43548
0.251465
6.67729
7.9984
3.51729
18.2534
7.15831
18.9941
3.5968
1.08272
17.3978
15.2911
16.2075
17.2058
6.65759
19.0627
2.5212
11.4877
4.74768
2.7192
9.91721
2.36537
4.02609
5.08754
6.62494
12.9335
9.92072
9.82003
2.34124
2.63871
14.5106
4.52024
12.5761
17.6062
14.1438
14.0591
10.9357
7.89307
5.70259
2.35478
7.56882
14.1264
0.913706
12.6544
19.5498
1.57574
12.4795
9.47907
19.812
19.443
8.62681
10.4751
6.38202
0.296454
7.61449
14.8748
0.983155
1.37067
9.29883
5.7788
3.72808
12.5031
12.5178
14.8598
15.782
1.73742
8.09541
16.283
4.21601
2.17426
2.64981
8.04556
16.6961
16.7851
12.9328
2.87473
2.55805
9.54493
1.09822
14.0412
3.42506
12.7069
10.0351
16.0221
6.87249
13.0006
19.7671
5.52898
5.7093
9.23716
12.7488
3.89157
16.6392
9.35357
15.3233
16.051
16.3407
10.2352
4.35213
2.40354
1.03273
14.9578
9.89804
18.8367
10.7766
18.8318
11.5516
3.83535
10.3062
5.90245
8.28347
9.89214
16.9907
5.2126
9.66868
4.63502
3.80837
14.2887
9.99017
14.605
8.39904
12.5144
8.73136
8.19276
15.2502
1.14448
12.5859
15.0052
1.38494
17.6917
3.4112
19.0329
14.0731
4.25795
2.54701
15.1652
7.17549
19.8367
14.2931
1.6456
18.7742
12.8841
5.40317
18.2754
11.3199
6.9728
5.89721
13.2694
5.90755
11.7388
5.08243
15.8941
10.1802
6.37187
11.2353
14.1387
6.22924
2.13042
19.2536
19.7027
17.276
11.1924
14.0667
12.5632
5.33662
9.17084
7.95417
5.46302
0.857685
6.20393
8.14784
0.995347
17.5383
11.4479
5.19046
18.5442
14.8214
15.8497
18.8852
9.02701
4.3963
2.95845
19.2795
18.8298
1.95432
2.39034
10.4466
7.19965
16.9998
7.00633
9.84189
8.19765
4.5905
13.5568
13.9486
18.6596
8.85746
13.1388
9.43887
11.1186
18.5563
3.70708
13.1089
8.58813
0.939541
9.64525
13.3475
6.95497
12.2747
2.13034
9.9779
9.1573
14.611
5.48153
7.09046
19.4305
0.265415
15.3158
8.66461
0.206948
0.121736
9.86087
13.7047
6.91392
6.00626
1.47428
4.21574
0.830719
17.6188
3.4936
7.8783
6.43562
10.396
6.42555
18.2199
1.38693
8.76972
17.1313
1.9071
0.1225
4.71622
0.804521
4.91726
19.2634
11.6855
8.18918
9.46098
15.3919
7.60835
11.835
8.68544
9.73017
12.8465
16.6752
8.18351
18.9034
15.7728
9.08991
4.56688
17.7006
1.90071
18.6219
16.3889
12.8172
15.8853
10.196
13.0065
12.8133
17.8641
9.33023
16.8086
3.57219
2.84845
14.9624
0.495278
1.26199
17.4247
10.6906
3.01499
15.9699
6.66116
0.374827
5.57698
7.37221
0.918476
8.83995
6.16315
15.714
7.43579
15.5823
6.05793
9.60033
17.2213
7.88474
14.6815
10.283
9.79211
2.99589
0.97076
14.479
17.6344
11.5702
18.3678
17.8725
1.86044
12.4311
18.9257
17.4814
10.8651
14.1316
6.81098
16.9568
13.7908
8.18034
3.06557
10.6423
3.91721
17.1463
9.43005
0.552
5.64375
12.4304
13.0231
13.1084
10.9243
11.378
7.42109
9.57802
2.01886
7.2421
1.93707
1.83394
11.0618
5.94885
18.7265
16.8211
7.77413
1.28084
6.5654
10.658
18.5026
18.3779
16.6773
5.41392
8.69396
9.99998
10.939
7.88984
0.0402558
11.531
17.02
2.48022
14.4968
13.0323
13.3656
3.47449
4.89071
12.6704
12.4455
3.20345
9.728
7.83143
5.25085
10.1256
2.05297
6.86333
15.5997
15.4298
2.37009
5.96379
0.321946
14.3447
14.8467
16.8418
18.8538
4.24118
2.43136
19.4257
6.56637
0.0742784
13.8009
3.59146
14.5803
16.0731
11.0691
16.8803
2.27111
8.54465
11.1294
6.13976
15.9746
18.2586
10.0733
1.80685
17.9416
15.1886
6.66082
10.875
3.32182
1.57089
1.65944
17.3463
9.5881
12.1869
13.6275
19.6136
13.4229
1.30458
17.4965
11.7572
14.7485
0.475629
18.8591
0.789411
4.91216
7.02202
15.7668
6.82639
10.1515
17.3619
15.712
8.5025
11.0881
11.4602
13.2793
8.95767
14.4203
10.6048
7.74426
0.711921
15.202
7.0552
9.61051
2.61038
14.7514
16.4847
0.439395
11.9008
5.59455
13.2678
2.95699
6.75989
7.78689
2.37095
15.7269
2.27927
9.68672
7.0112
12.6803
11.9201
15.9161
8.6944
0.137911
3.46777
10.4529
15.6371
0.70388
0.87072
11.5557
16.3861
7.47844
15.3083
5.36757
0.762109
15.4943
10.1642
8.15226
19.7363
8.26555
3.07113
3.97444
12.1492
1.32136
0.823191
2.72763
2.32764
15.3784
1.27501
9.73916
12.2625
17.0323
19.1714
16.3167
4.67084
7.41939
0.741584
5.10809
19.1056
3.85894
18.5608
5.98117
12.3313
1.5042
15.221
16.1892
3.01448
14.5561
15.7004
16.0861
2.8278
6.10757
9.35323
12.8834
11.2515
6.95183
16.4898
13.4724
3.94407
4.26608
2.14183
9.63644
0.507583
14.6784
5.30076
17.7594
18.6182
19.1465
19.5641
4.4567
3.73994
11.0494
2.05973
10.6604
9.55852
2.97774
6.44978
19.1203
14.071
3.57531
9.0875
14.8384
11.6859
12.2443
14.5796
14.4532
5.95095
17.8195
4.33987
19.9335
2.65576
7.74421
13.5999
14.9914
17.3769
3.74328
18.241
1.98713
18.1393
3.16907
16.3098
2.65497
10.7501
9.38967
19.9197
7.36889
2.93954
19.2643
0.00033963
5.20573
12.0338
2.35459
1.48498
14.0282
14.4487
7.7191
15.8328
19.8706
14.2167
8.35051
19.8632
1.57299
16.4716
17.2246
4.48311
17.2065
11.6863
1.78204
3.83913
12.4542
16.5619
9.26514
2.22341
19.7142
3.72209
8.89817
3.38938
8.36461
19.4884
10.6279
9.14247
8.79151
18.3967
5.62223
17.9221
18.8429
19.8673
19.3481
13.2768
7.02336
0.932057
12.9434
14.6063
0.753687
10.4389
5.02243
0.428608
2.65846
8.80386
1.47222
4.54733
19.8067
12.5602
15.0932
18.0555
10.8236
11.6095
13.0892
1.14412
10.9906
0.437244
5.08361
4.09224
6.48576
10.3983
13.3047
10.5198
11.1214
11.4916
4.86253
13.2665
10.1945
0.494066
4.9993
0.638179
6.18538
3.06059
2.02463
16.6662
18.1163
0.62498
9.33523
9.54561
1.81546
12.531
0.116725
4.35487
19.6724
7.21222
12.601
19.6044
6.4
7.06445
18.656
0.405915
8.71059
3.48859
15.5809
9.24352
15.3307
16.4114
9.24331
17.8356
1.98205
13.4019
17.9729
18.0082
12.8761
0.438553
0.0688983
2.78651
7.0408
6.31427
10.5469
18.2384
17.2376
9.65111
0.325917
18.0621
19.3164
17.361
10.0058
19.5384
1.10414
17.3794
2.15948
0.53787
16.4641
8.52675
2.29991
0.813668
15.358
5.52995
18.4438
2.08887
19.3163
4.24502
0.277493
0.58399
11.8285
4.32238
19.5755
2.58047
12.4112
10.7528
7.15912
0.884886
6.36329
6.7955
12.3899
17.3573
2.27399
8.99778
8.29286
0.279571
5.03643
0.0344102
11.6158
11.6347
12.0169
2.23395
4.04735
8.002
6.2417
3.67135
10.2689
8.47372
5.74206
12.3261
17.2449
7.36121
7.64061
14.9216
10.8567
19.0198
0.344604
10.806
3.4243
3.71138
18.0955
19.0206
1.3323
19.1193
2.11662
3.18595
13.0562
9.40786
16.7961
6.23865
18.3092
12.3088
3.95662
7.40986
14.4596
6.29923
18.4349
3.21251
14.4003
9.81843
8.16111
0.482814
19.4373
15.3526
19.6785
12.5397
13.7314
17.6211
1.8769
4.48071
13.9735
19.6779
4.03212
8.73132
17.5266
5.88564
6.974
16.0562
9.20921
2.01792
19.6973
5.14785
3.33503
9.05838
9.81475
9.66744
19.0682
19.503
12.2132
3.09088
0.447788
11.6297
17.8897
3.70787
16.3076
8.56114
17.1271
11.2958
2.47879
12.7252
4.80039
15.9382
5.61337
0.968417
16.5151
14.6321
10.2497
3.61539
18.3837
0.623339
12.638
5.07989
3.93189
12.9933
8.65042
1.82811
14.2666
9.07908
14.3386
19.1089
18.5762
12.4811
9.56589
14.8255
8.89161
0.547809
5.41083
10.7513
19.0602
15.411
15.0734
3.16972
6.63545
17.6255
11.2529
8.36411
8.90175
11.7688
4.97059
3.6589
16.089
5.66977
19.6091
9.59868
1.12545
12.2637
13.3751
17.3838
4.39606
7.13441
5.84481
12.8958
16.6389
15.1083
10.6043
6.23873
7.6975
7.83864
5.9905
9.332
8.27787
1.47761
1.99497
10.974
1.32952
12.2449
12.3908
8.68363
17.6141
17.1769
6.38465
4.7556
12.6496
19.393
4.96099
19.1927
5.32965
14.2887
17.5813
15.8358
10.0354
0.220192
2.68274
16.1779
4.72539
9.44598
1.66969
11.1356
16.1724
19.5949
15.0372
10.6992
7.22929
3.47685
7.57478
6.835
17.9907
0.504353
15.0079
6.84058
8.0386
15.274
0.632939
12.1525
18.5877
10.681
3.60992
11.5466
7.87767
10.4161
15.0527
6.76815
9.14187
8.03507
15.2798
18.362
0.838758
15.1678
13.6587
4.55762
18.3592
7.95383
12.8962
13.1227
0.342264
15.3986
1.86539
3.69415
15.3225
2.99167
10.994
4.70546
16.5008
12.1078
2.00518
14.0478
12.9317
10.2886
3.20408
2.35483
4.81908
0.482206
10.3692
15.746
14.2074
6.29713
11.0489
13.5666
7.59514
17.6041
6.28206
11.5117
3.13421
0.72679
4.95978
0.0954223
1.31503
19.1508
7.07717
1.41665
5.54009
7.63435
9.10618
12.1221
18.1309
18.5093
18.9544
19.742
13.7009
16.7639
3.29013
16.357
4.91836
17.4508
5.5184
19.7078
17.2456
4.81859
7.39371
8.38843
4.71095
15.994
13.9571
0.0053265
12.4808
7.7165
10.8967
8.0702
6.68011
2.52948
11.1142
11.4524
12.3645
18.1416
19.5507
2.71393
17.0973
14.4892
19.0624
17.5919
11.8761
0.916344
16.9872
16.1967
11.7944
15.6928
12.2368
16.2083
11.1268
15.9446
10.6822
1.29083
13.8605
15.3408
0.445079
13.7802
18.9067
16.4
13.7258
5.91868
8.93413
8.317
4.71564
16.0508
0.994296
10.403
9.60313
15.7473
19.1756
3.05045
10.4394
15.177
2.02037
11.8807
19.5705
6.19659
17.2279
14.4165
3.62222
8.69789
12.9247
2.12303
7.62916
19.4394
