9.20312
15.2818
10.8307
10.6807
2.54534
17.706
4.1793
11.3845
11.9317
8.88514
11.3097
3.81694
7.50506
18.691
7.48383
11.8896
15.9313
0.994056
6.90166
19.5554
10.0205
9.53926
0.502786
8.54978
16.1452
4.96232
12.5883
1.65128
4.05447
18.3231
16.5618
16.2153
12.3724
8.28996
12.5115
14.38
7.55945
17.2107
19.5462
17.1753
15.5095
7.26887
16.1407
2.33675
8.98317
17.5608
14.3671
4.08162
0.427481
13.3673
9.3611
19.9674
8.69543
15.0561
8.66865
7.70137
12.7313
0.907683
7.02296
12.7127
4.28926
7.58353
15.3841
4.09999
19.4366
8.60895
17.02
11.809
9.77792
7.05844
9.39519
12.5033
7.99549
4.3284
18.1056
16.8783
0.264276
11.1448
11.6188
11.1542
5.77256
12.1404
19.1888
19.8654
7.11389
14.8004
15.578
11.6693
2.37532
15.0528
10.3131
9.24066
6.40607
0.381501
19.0308
9.96756
6.59923
9.39664
11.3538
12.2446
2.50168
5.10733
6.52181
1.64811
5.13342
11.5584
8.06354
16.154
10.0372
15.2469
16.1689
8.49426
0.687883
15.9625
7.25126
3.28444
17.5133
6.37222
6.00042
0.789044
14.8256
11.9054
3.18761
16.7113
10.3587
3.77943
18.1009
13.4757
14.7559
14.7158
12.7844
15.9432
12.4312
2.21128
5.10446
9.89766
3.89564
14.0774
13.7895
3.64773
18.2971
3.48472
13.5395
3.89472
19.1985
14.15
13.4689
2.48443
3.50126
10.0461
1.16982
10.1565
19.5074
2.26144
11.7361
1.15356
17.5583
7.67852
19.345
15.913
15.2501
6.54372
17.5716
2.82947
12.5868
8.4678
10.8857
13.7477
14.8629
7.77133
12.9618
17.5338
8.6111
12.0628
17.0561
6.22891
5.78813
12.28
5.71961
10.8838
2.72837
2.08578
0.368363
14.1508
1.97112
14.0318
6.27235
14.7351
9.35994
19.4115
19.2831
11.8147
1.62547
5.15553
8.8083
10.4451
4.74631
10.0659
1.05446
19.9602
18.5648
19.1605
19.9944
5.6873
14.1921
9.20955
8.04817
12.3493
11.5198
15.8592
16.8713
7.38892
16.469
8.64485
15.1779
2.46076
4.17094
5.86028
13.5171
16.6405
3.77169
15.5372
16.8046
18.2546
16.3574
13.6
4.77195
4.17762
1.43979
13.819
7.15737
7.57641
1.35884
12.6273
0.23029
5.01938
19.0745
14.7329
3.08143
17.5471
1.90141
0.74136
7.06929
17.5065
9.28122
4.89164
13.1521
8.01805
6.21375
9.91515
13.2006
3.96683
11.9317
19.8989
10.8799
16.4272
6.65798
15.9084
13.8791
4.36405
16.2504
8.16067
6.69849
7.50513
5.60263
19.8724
2.3085
17.4398
7.45177
5.4022
14.6133
0.0160383
2.99706
15.6474
2.42648
15.9069
2.30271
3.56925
15.9767
18.7678
8.73495
6.97274
14.1727
13.9206
8.94853
9.40931
15.92
19.5223
15.7269
2.80656
7.35074
16.0777
0.0960092
10.8708
8.05152
0.284663
16.8018
9.37285
8.11762
12.822
15.2642
13.2384
9.01761
19.6596
11.5088
5.21714
19.4653
2.22771
4.94078
12.1222
18.607
5.65799
2.04819
8.58925
6.34309
13.0427
13.1346
9.81604
19.6531
6.13684
11.7136
5.59373
4.48293
17.9927
15.1688
2.25394
6.35487
16.0818
1.21392
11.3263
15.9721
15.2364
13.7051
5.37383
7.76102
19.0995
2.74782
15.4083
6.98982
15.516
9.90815
0.0445628
8.68421
13.6084
9.87821
10.5848
2.93789
10.0376
10.5533
6.09892
13.2269
17.5786
14.111
18.3133
0.612503
8.92656
15.3622
17.2923
5.23147
10.4075
12.0631
16.398
7.38485
6.38045
1.06862
13.37
12.0817
13.715
6.40558
13.6636
19.9815
11.6961
12.122
5.71924
12.9611
19.6058
12.7139
12.7412
12.6225
0.516522
5.43877
10.0967
15.0321
8.45734
11.3902
15.2684
7.46682
19.2218
17.8132
1.90974
17.4795
19.2763
18.819
17.8422
18.8156
17.0735
8.75583
12.7444
10.8093
16.7223
12.7173
18.2073
10.5531
2.68726
5.99332
19.7564
0.0452151
5.83666
18.7871
13.6665
1.8621
10.3116
12.6654
3.42178
7.29984
12.2595
13.5832
12.798
17.2973
6.02179
10.2728
4.22728
17.9822
17.9986
8.31475
18.4188
12.5254
1.12264
10.3438
13.5983
13.8921
19.1325
1.3298
4.04421
3.02547
8.67193
10.0335
6.78803
10.5968
14.424
2.65226
13.31
0.401489
4.1789
15.8019
12.5516
6.63419
10.9651
14.7795
1.14969
17.5838
0.492235
9.65591
3.60162
5.46623
12.509
16.9437
1.39869
9.41838
12.8311
6.95239
5.18097
0.955503
14.2107
5.35821
9.84337
11.2393
8.79089
5.98494
13.1458
2.62483
0.4164
0.814656
7.03625
14.2887
6.61984
7.88271
0.0683902
6.69224
19.1267
8.14778
17.8125
16.8231
16.8615
8.65762
