1.56929
15.2966
3.07728
4.64155
18.043
12.0374
5.15882
19.1946
10.5675
13.6281
4.36977
4.72973
17.3195
10.0204
6.78757
11.8711
8.16833
16.7297
0.957076
10.7799
15.835
12.5357
17.9772
9.88794
15.8159
18.9608
9.38188
9.78826
2.20879
0.395861
6.90184
3.55743
5.85723
9.96574
16.8331
12.0709
8.88254
2.3054
18.1325
9.07561
7.73454
7.68421
14.0137
17.7047
12.1777
8.05272
6.65359
5.4066
17.3055
10.6821
14.1079
17.8496
4.10431
4.35115
8.24317
19.5006
0.441948
1.98373
18.1113
6.00013
5.94252
0.548859
15.069
4.61557
11.5689
7.14877
4.53204
7.05587
7.99747
4.47856
0.00646413
12.6601
12.2986
2.0354
11.1599
5.92541
3.59679
5.45207
9.46256
18.8145
0.637974
12.6133
18.6617
12.6359
9.47685
19.3106
14.9795
8.34323
13.1325
13.3441
16.3001
11.8201
2.87518
3.19321
16.7438
11.4538
4.2701
4.53394
12.0492
10.7712
1.44421
16.4748
1.90481
4.12598
16.1356
11.2666
2.5046
9.31179
0.4485
13.1863
11.6317
6.63001
6.11579
17.5446
14.9507
7.4419
19.5962
1.25723
11.9816
1.33426
14.5917
3.1853
0.362098
6.69925
2.5375
12.0447
2.64052
4.76275
2.92543
13.8269
2.61369
15.3975
12.6639
6.86372
7.74324
3.45412
19.3061
13.5034
11.7759
12.797
19.6642
18.3496
1.35115
19.8744
19.6533
12.9568
8.86692
3.29747
5.51155
9.49193
5.85302
17.6949
9.943
7.839
11.7001
6.00622
10.4805
12.8553
15.0167
6.93248
8.38214
5.27063
9.25727
12.1003
19.3207
6.33464
11.5016
18.2185
5.14343
9.89395
1.23893
9.04737
6.3965
5.92707
19.5278
2.8549
14.8186
12.8761
14.4979
5.58369
2.65617
2.20976
15.5897
10.5553
19.8727
8.28644
8.61946
11.0373
5.09265
4.3297
7.72015
19.656
4.25019
6.25794
9.70977
8.55254
14.9547
15.3907
16.428
5.87693
14.5884
6.38641
13.0714
5.55626
10.9821
15.1138
7.01822
19.2699
3.88066
18.023
5.01182
4.60711
9.56682
14.8123
9.4094
9.79426
4.61638
19.7563
17.7734
19.8837
3.53256
15.1852
0.708337
4.77407
3.32597
11.9605
15.898
2.59227
13.5848
7.66301
16.7053
11.9286
11.4636
14.3807
13.2685
4.64227
19.1112
19.8672
7.91732
2.97241
8.75087
13.755
13.3944
9.27515
6.62596
10.2494
5.5065
18.717
2.21255
11.3701
13.8681
18.8964
0.891965
0.598589
11.4892
11.0551
0.0413787
6.36242
0.0415939
16.0432
8.37632
2.37606
18.7597
12.0694
11.1585
0.289171
3.36591
17.2723
19.1246
0.855081
17.9493
1.59119
0.909533
0.0240683
13.176
13.0179
18.5785
19.4762
12.7106
12.4479
8.70351
3.44927
5.81493
11.4212
18.0786
16.5776
9.15916
15.6734
11.8513
8.20861
12.4299
5.91789
18.6277
16.0082
12.352
16.7121
4.79274
5.64419
19.1441
19.7664
13.4543
2.09638
19.9206
1.41391
14.5401
6.96873
11.7209
14.3726
12.6121
9.24418
12.294
10.8217
5.46104
13.438
1.93047
10.3094
4.30727
10.6522
11
11.2565
3.43405
0.528685
0.246186
15.1897
15.7703
9.73631
14.3711
15.1929
2.34981
15.3713
12.8717
9.78505
9.72521
5.57081
11.3127
4.20304
1.43311
9.89499
13.5464
4.69497
9.31892
3.11635
9.83199
17.4818
12.3408
19.5928
11.2012
17.4475
4.69453
15.2591
15.3108
15.95
17.1407
19.4921
19.3777
3.19573
19.3518
14.5681
14.7286
6.93427
15.3891
12.5609
19.0443
19.0029
4.78018
3.91025
16.3781
12.3026
16.3459
13.1859
17.1492
10.5366
1.36253
4.47373
1.93593
17.9074
14.7932
16.5533
3.5487
6.77825
9.48234
13.3154
0.185594
19.4866
3.85364
4.33132
14.1223
19.1702
17.9118
13.1462
13.7919
7.94098
1.99091
17.0494
8.80092
7.46853
18.4119
10.5714
8.75395
8.58631
16.6989
4.91638
0.636401
7.81395
14.8414
12.251
10.2542
0.581672
0.00967185
9.99261
5.49552
19.9646
4.073
18.9025
11.9247
13.5258
4.4552
4.13306
9.92578
13.8767
13.5753
12.738
14.1732
5.76465
17.2046
19.6138
8.0364
4.18563
2.08243
5.80721
17.5965
16.5838
8.59088
12.4049
7.03554
10.1886
4.73095
2.52297
9.10163
1.98939
12.3329
6.8142
6.40726
16.1025
13.1433
9.41136
7.01694
14.7798
10.5099
11.3737
6.24368
0.264149
14.819
4.79428
10.022
15.8622
14.0619
13.0028
11.8387
13.0131
1.94628
3.27601
14.1417
9.52219
14.4186
4.27485
17.2356
17.7406
8.21797
0.957501
14.2989
0.617489
2.76951
3.06978
14.47
12.2335
6.96572
10.4176
9.97667
11.0012
19.4925
4.79065
7.69369
10.198
1.76172
6.91755
11.5318
18.2093
15.0514
8.4527
9.03187
7.0733
10.2373
7.83117
9.4008
4.56887
3.84716
17.552
8.98082
11.3653
16.8999
13.567
7.43075
12.0739
0.446806
14.1847
9.76633
16.1863
7.5445
7.10026
8.53947
5.8589
18.2947
15.453
11.8145
19.4411
6.56683
7.01755
6.33619
9.70136
4.68014
8.5216
5.94145
10.9145
1.3899
17.9514
12.0642
6.58165
7.88153
8.93676
19.5125
18.5967
11.1883
2.46511
10.8598
3.77042
11.7403
12.0563
12.8418
13.1863
12.5604
11.2214
11.1506
15.2028
7.35786
11.9324
0.642352
9.63915
19.4572
19.4674
11.7755
9.39137
10.739
8.76268
12.5171
5.3718
16.0194
13.2459
17.2167
1.56792
13.2343
19.4416
4.92953
10.2457
11.8094
11.0628
1.47941
14.4952
18.8175
13.8904
6.49181
0.121131
12.8689
11.3764
11.0224
0.604868
0.940662
9.07659
18.9342
7.56664
11.2049
14.5686
0.944005
19.4815
19.887
11.7709
4.41844
9.42074
17.7571
3.482
10.053
3.47201
15.7579
0.00237595
7.4257
16.5567
1.09709
13.6158
9.27828
16.753
15.1592
19.1727
4.04241
5.79913
7.8608
17.4369
5.67665
1.73175
0.187962
12.3055
19.6039
4.49667
8.3419
7.23499
17.8296
4.8338
2.62903
15.8978
16.0784
0.827329
2.12328
3.91017
2.57226
8.95281
14.2879
9.16845
17.4753
4.48771
4.8658
4.96123
4.48339
1.0251
0.69462
0.672983
10.5448
2.38556
15.6212
7.626
11.8983
7.08836
4.80672
14.8526
12.2045
9.45487
6.60886
7.66383
6.56305
5.23186
6.63468
2.23653
16.9207
5.99498
7.12304
5.93258
18.7407
0.108073
0.387008
15.2485
4.08518
10.074
7.12912
7.32323
16.7257
4.68944
10.1424
15.4543
8.22602
3.32799
7.62692
10.3112
3.9246
12.5498
5.65438
0.738508
15.4778
7.25357
10.4122
11.48
4.76494
4.98485
10.7466
11.6978
12.6657
13.0737
0.957558
12.9443
17.6793
3.39329
8.01346
18.2036
16.3904
9.54861
6.69104
4.56421
17.4075
5.1935
9.00821
3.49655
2.66152
0.238865
11.5258
18.1848
16.5733
14.2665
5.3047
19.3965
14.1051
4.92779
12.8771
0.150662
1.55966
16.7022
1.69756
2.54521
15.8293
12.9172
1.89453
16.4662
5.97449
14.5964
18.1321
5.41173
13.5195
5.87038
11.4339
8.05635
7.39201
14.6675
15.0756
14.0417
15.8302
10.3041
8.03348
4.75926
16.8494
0.0147997
3.75095
6.68813
19.0966
19.929
10.6551
6.2539
18.9065
15.0629
4.48457
9.16071
19.6604
0.203967
6.36916
17.6727
7.82518
8.73353
9.9739
9.68974
9.06483
18.8306
0.861018
14.8059
9.588
1.73948
17.3622
6.27914
13.4867
9.47401
1.96262
15.6308
10.6422
2.99536
9.79812
3.60481
1.28498
1.16086
14.0765
3.69445
15.4075
4.22732
10.7096
2.3721
19.4062
9.45468
0.333501
5.06723
16.4548
9.56688
8.47782
9.9494
14.6332
8.14921
15.076
7.02304
14.9454
13.3968
18.7062
5.0079
16.145
17.0221
2.6383
0.23645
5.56201
4.63654
14.813
14.0034
15.6761
8.90716
6.09593
19.2599
7.63785
13.6497
2.08205
13.8578
12.9084
17.9312
4.14458
18.0434
0.158882
12.1739
15.1
0.430214
16.275
6.2869
15.5789
6.2358
4.37215
18.4426
11.152
6.2182
16.2813
14.5089
15.215
14.3513
7.99587
12.6388
10.407
13.811
16.8626
9.60273
18.7913
7.35223
10.5748
13.7614
11.8617
1.75207
17.9903
0.382434
14.0434
10.9583
12.1926
17.4262
18.9709
12.1075
1.51989
1.3352
14.3011
9.8717
17.185
14.2583
14.3261
10.0368
6.42817
6.32666
14.9992
11.8339
1.40192
9.67212
9.29251
17.6881
15.4915
5.79389
6.16943
9.64528
3.74039
10.8139
19.7533
6.47396
3.40365
12.6099
2.47273
12.1184
15.2061
19.4839
5.75809
3.75246
10.5389
0.73187
1.6628
12.3014
12.7579
4.53972
11.2461
13.4892
1.06676
0.176733
17.6137
7.63988
15.2562
1.32895
5.37275
12.5536
5.1225
13.913
5.06799
9.59981
3.38615
13.2124
16.8121
7.92776
16.0679
4.62065
1.70556
12.1022
9.49045
5.80833
12.5001
18.2847
14.4088
4.1067
9.45637
1.15929
3.42225
1.34779
5.24879
13.5661
8.65782
13.5258
15.8884
19.1097
2.09677
5.89428
2.11455
10.7402
3.76846
18.0033
11.5479
14.9424
10.5469
5.78279
15.1821
19.6656
5.45468
14.3609
0.27921
18.9856
19.2764
8.85726
14.2201
6.78003
15.5147
2.35163
13.9988
19.4798
7.69229
7.06997
16.9538
10.5358
5.66418
16.2537
4.71803
17.6192
19.758
9.91217
10.1937
6.27543
16.7724
0.496674
17.7592
4.52373
1.31902
19.203
15.0337
15.6015
15.9708
8.69329
6.68017
11.5512
10.0897
3.5706
10.2728
11.0881
14.6815
12.992
9.7052
9.29973
7.96904
18.7739
15.344
15.3921
10.7452
14.7362
13.2305
15.8211
3.7417
19.6639
10.2516
16.0863
1.47139
17.4879
12.56
12.3767
3.9215
10.621
8.97993
13.5234
9.1796
14.7009
14.7063
13.1179
14.1255
0.318643
10.5132
12.5574
12.5991
5.83681
5.88913
9.73726
11.7782
0.333087
8.13527
0.998071
13.1482
14.2682
10.4607
0.655926
1.58623
11.082
11.0315
8.40909
2.44698
5.22055
6.33975
16.329
12.2379
18.2753
18.6301
5.37379
2.8619
4.12677
17.4529
14.1765
11.8356
4.08036
13.7598
1.10233
10.5903
11.3873
18.2296
15.6542
9.79972
10.5151
15.8923
19.6129
18.7935
15.2279
3.95886
14.9386
0.437094
18.4832
13.3187
17.2561
0.226177
6.19522
15.9249
7.66812
11.5889
15.398
17.5065
15.629
8.52731
1.97039
0.475574
0.655029
11.5482
7.49641
11.4191
15.3205
11.2763
9.9953
11.3794
18.9172
1.34901
9.72228
17.4097
2.22641
17.8699
13.6229
9.88082
7.19466
13.9054
12.4673
1.11667
9.56718
3.61081
8.07575
18.0477
16.9921
7.71365
16.4033
19.8372
6.44285
18.3
19.4103
2.30006
17.6694
0.829318
1.95198
1.99206
6.61862
7.40274
15.0523
1.21172
1.29622
14.6726
4.65701
18.2698
4.48807
2.93942
4.65525
6.00339
6.78366
4.21944
2.13866
15.6811
8.87296
15.0502
13.1789
19.3032
11.453
6.59765
16.495
6.91097
13.8673
17.4962
10.2157
4.48618
14.1412
19.8752
10.765
17.8599
4.45745
12.1714
0.137415
2.9441
0.895613
12.0903
10.5695
11.7912
13.4569
15.8919
0.758861
18.7166
14.4347
2.57983
10.6521
6.19359
1.81491
18.5895
14.2726
2.53157
11.6535
5.06471
7.1476
3.10491
10.2695
1.72281
2.94025
5.75848
1.8425
4.53683
14.9374
18.499
2.00384
6.16508
17.9778
13.4543
9.12106
12.8275
0.724601
1.70932
10.2583
7.79021
4.44737
4.42934
15.639
1.49076
13.6276
5.45782
14.3022
0.29215
15.8361
4.12468
6.96265
11.3452
18.1771
10.5303
14.0098
7.82475
17.8881
3.15373
12.359
2.78492
16.243
5.53798
18.6627
18.2203
9.26836
16.901
6.55265
7.7393
9.59261
14.6266
6.66906
17.0743
7.1341
8.75102
2.99159
8.39093
8.71172
5.22764
5.8043
10.8558
4.66968
18.7966
16.9908
19.7864
18.6352
13.841
8.52627
19.5476
12.2519
15.9435
16.9889
15.1327
13.3786
3.21232
0.316651
13.4102
0.335289
3.33287
8.61595
17.3004
0.305561
5.94262
17.143
0.821277
10.9247
6.28866
3.09386
8.89716
13.2341
5.31571
15.9744
9.18614
0.371569
18.7446
12.9186
1.32985
19.3095
14.7736
3.98404
14.5739
5.91548
14.2205
6.97939
8.07932
13.839
3.73161
12.3389
12.1346
6.32232
19.6131
17.1804
12.2613
0.350585
10.847
17.1569
15.7307
12.8168
15.3012
15.6574
1.75215
11.1843
14.9778
7.98925
1.54248
18.6536
4.01444
16.0064
13.7388
6.50002
16.251
18.2889
18.1426
17.9873
2.90971
10.1482
15.9812
10.5117
8.08561
3.63428
11.1139
15.9277
9.75655
17.4879
5.32882
13.1523
0.844835
13.9346
15.8186
12.0858
8.31963
17.877
1.04849
15.9006
3.81705
5.92821
14.7095
3.37712
2.37384
8.89754
4.7378
18.9592
12.4412
10.4948
10.1331
10.3626
16.9993
4.45987
7.55224
15.4024
17.2504
9.59031
0.6421
16.8431
4.35423
10.4499
12.8101
7.17071
8.089
0.266461
15.019
19.5154
9.34744
14.4619
13.9441
6.80667
3.34403
15.3758
6.47449
5.46026
4.66314
2.2104
2.46724
7.29398
4.14466
17.3233
2.15329
17.7174
16.1512
8.43559
0.31029
18.0479
14.7345
4.07016
10.5493
9.32446
10.4519
3.13199
7.86708
17.591
15.8724
2.13197
10.1862
3.49192
7.03647
2.62386
0.53253
11.0526
11.3839
19.1187
0.546168
17.6036
15.1423
6.63813
4.40511
2.35759
4.31309
3.24197
7.27469
18.727
19.5973
5.71146
16.6743
10.7715
11.3804
15.5774
1.15613
4.91418
18.5494
17.2934
6.80502
11.8423
14.0705
6.51752
9.41986
6.87927
5.11543
1.10852
18.9649
17.7113
17.3322
5.57122
4.75549
13.6887
12.0709
13.7633
6.42465
15.4214
0.578484
15.1666
0.0177587
9.55458
17.9063
12.6719
6.59794
16.8274
8.76324
19.6424
10.2306
3.6854
18.7604
1.05989
5.56137
10.3739
3.89827
13.3085
5.45935
8.30212
8.29361
10.0372
11.9668
16.4861
18.494
19.8657
11.2056
5.65829
6.58168
5.17902
17.0797
10.8602
19.7065
12.5101
15.982
17.6731
1.82151
6.12819
7.61808
6.18431
15.0753
12.8755
16.5621
19.4452
3.24565
0.403084
16.0996
7.52264
3.0272
9.37049
8.20236
12.8289
9.24901
19.6197
9.12386
13.1478
5.33812
8.18656
18.9021
19.0464
15.9634
11.0928
1.95141
4.87865
0.763042
9.15308
17.209
15.3996
10.2646
14.0355
1.04507
2.93478
9.3241
14.0661
1.61978
10.9121
16.8604
8.94589
11.913
10.3166
6.27887
8.7136
19.0368
9.33881
5.78342
19.5733
9.51265
1.50259
7.30112
6.85612
10.0374
8.48384
2.92454
17.349
6.69067
8.27408
3.27313
18.788
16.6958
8.05017
13.5426
8.92563
2.74194
15.6296
1.05202
12.5154
11.0813
10.2279
5.16666
8.43656
11.6666
19.3364
3.98257
14.4236
10.6481
17.883
15.3204
19.2682
18.5918
15.1168
17.5779
7.8032
4.87388
5.61549
9.52276
16.467
18.2672
5.54133
4.65163
7.67913
19.0586
6.46705
12.2553
14.4338
19.1913
16.7447
12.1162
3.5958
19.1773
15.5129
16.6356
0.36567
4.18057
7.13839
9.52351
17.1055
14.8595
7.03361
18.3053
7.94014
0.0864077
14.2907
9.6126
18.1996
19.3898
17.8754
1.05516
19.2786
15.9819
14.3353
17.3735
9.94452
9.16315
14.4663
18.0358
10.7731
6.01541
7.72388
0.155942
0.434826
1.22674
9.13756
12.699
7.77285
0.18151
19.2699
0.054084
5.33233
4.12809
2.16678
3.80745
12.4369
6.26223
4.34134
7.03083
0.675162
14.2144
17.0367
6.06634
18.6581
10.2797
4.0643
3.45725
9.63683
12.8507
16.026
15.8438
6.48599
18.5649
0.307308
16.2169
8.06078
8.38837
12.0271
19.5991
19.7467
7.47767
12.7984
11.8363
19.0101
14.9054
19.8706
3.84709
4.55802
17.2665
5.10467
11.625
14.0365
16.9774
2.2237
13.2281
17.2645
5.01628
15.601
13.2279
19.6834
18.4032
1.35218
6.10086
18.1919
7.0116
2.02093
16.9099
2.16632
16.3143
12.9424
0.99206
12.9168
4.62738
1.18157
1.00221
4.79824
7.7319
0.0432012
2.25878
8.23045
7.10277
16.0416
0.267604
17.6055
7.08995
15.6451
12.3978
19.6099
2.48899
17.1253
13.8766
6.64513
3.71355
15.3928
16.762
3.60649
5.08511
18.4001
7.47965
8.87979
13.8274
9.11972
9.08583
10.3742
8.32582
5.41212
7.08426
14.7022
8.13137
4.88807
10.3251
2.39739
8.96658
8.60554
19.7181
0.248215
10.3744
3.04011
2.52423
7.41255
15.6578
13.176
7.91661
3.43988
17.5352
9.23867
5.23147
10.5334
16.4342
11.8293
13.2435
3.26534
8.37165
8.317
7.92767
14.6578
9.99725
12.092
11.4313
19.3906
11.3563
8.66656
0.126529
7.04213
10.4781
5.37734
1.40379
17.0576
18.3301
1.71713
0.761166
