19.5853
1.51118
9.18149
9.17835
15.0507
6.89917
15.8823
5.94905
8.00079
10.0028
19.5556
10.3523
13.4382
11.503
17.3172
7.96919
7.24566
18.0162
13.1124
14.9425
9.02627
7.05457
1.76819
9.03346
17.5144
11.9937
14.3399
16.3338
5.6537
17.3436
9.69392
0.93838
3.84735
0.239435
15.3325
4.50744
11.2913
14.7465
14.9666
0.5009
19.6895
17.2123
17.803
19.7855
8.44222
5.29796
18.8304
11.2766
5.99471
12.9623
2.223
9.87738
2.49884
14.0691
13.4129
17.2752
16.6765
14.8726
19.2528
5.59198
18.1317
15.7705
6.04205
17.7879
18.1664
14.4606
2.23019
14.9408
2.17366
5.90534
18.6362
11.0411
10.2705
19.2103
2.17799
13.0099
12.0438
7.28433
0.0198104
19.0706
5.07547
14.3665
4.11718
9.5999
0.155729
13.6351
14.4493
10.9955
19.0648
19.3736
6.16783
2.58501
18.6529
4.30936
16.1852
16.0252
3.58293
7.6871
3.55785
0.614919
17.664
10.5968
7.79273
0.427813
6.80242
16.7196
6.74746
18.8362
1.49327
4.16635
12.6111
6.1003
9.6975
6.12777
6.1559
17.0415
12.5794
6.77212
4.34592
19.6874
19.8374
18.6096
5.6966
14.8621
11.3783
14.5267
15.3676
10.9135
18.4694
15.7294
17.5403
0.436944
6.02435
19.9392
10.333
12.8333
2.64595
5.25477
17.3268
8.35058
9.64083
16.1258
3.74207
17.7702
9.30592
18.8502
18.8888
5.08962
18.3292
4.13637
