4.56385
18.9607
0.76931
3.41483
0.532696
12.0989
7.5926
0.218396
5.47891
12.8536
10.772
11.0145
11.0239
10.9206
9.59559
15.7841
0.184941
10.3353
5.69737
2.17372
18.0863
19.0131
9.58919
17.5219
17.9317
3.79797
12.6204
18.532
13.6152
6.38528
13.1224
12.9408
4.49112
17.4307
9.58677
3.04209
0.192915
10.2254
14.0067
7.96088
15.3496
6.26368
19.7011
16.9665
9.49336
15.5606
18.3149
19.5858
14.2697
3.05922
7.0116
1.88669
19.1609
6.36902
5.41808
5.28731
17.9849
10.6842
8.41607
13.9407
6.8709
4.84564
5.90088
17.6768
11.4169
4.00953
