11.7693
18.8985
15.7729
1.73145
3.01423
1.40239
6.89883
15.8514
15.901
17.7907
6.33538
8.7936
8.40425
14.1778
16.0865
11.4761
6.94083
9.47401
2.84582
4.50005
16.4936
19.8445
3.22884
16.5444
9.94817
12.2301
18.7855
16.4846
10.5054
3.56475
10.1445
19.2541
0.561388
0.0446014
12.3876
14.4094
6.75576
2.5692
6.50514
3.82444
5.85305
0.469156
9.3877
8.32158
1.59995
1.39733
16.7467
3.05986
5.86327
8.81751
4.96345
6.37765
10.3203
15.7853
6.32134
14.0739
9.64875
5.06891
10.7604
4.9437
9.51165
13.2131
0.798111
13.4767
4.95763
12.7326
9.43544
11.8224
16.0771
9.75535
2.40128
18.8889
10.4553
7.18543
5.40143
9.38199
10.7556
7.73645
12.7745
14.8644
6.63637
6.32926
7.42507
16.2227
1.05126
10.4174
3.23631
3.42454
19.0295
10.9132
6.73533
11.5676
7.47291
2.84942
11.8334
2.32396
17.2751
14.5699
12.7476
18.9353
0.56897
2.07333
10.6125
8.43721
9.2606
4.00256
12.9836
2.39084
0.642419
0.130968
9.73986
12.5349
19.0959
12.1229
9.44601
10.5149
8.15672
19.096
2.70029
10.8165
19.5352
3.64019
12.9436
0.267986
15.7094
4.56319
2.16471
3.94457
2.39222
2.97751
15.7795
16.8222
15.144
0.516684
10.6208
1.09361
17.6206
11.77
13.7267
15.7525
0.837817
1.70794
8.06663
15.7259
5.73413
17.4074
15.54
2.45841
2.09284
2.7033
10.1073
4.76428
18.8267
3.38234
13.2458
3.11795
11.8394
9.38271
15.9388
3.0343
12.1774
12.0558
19.8864
0.784436
0.49911
4.27515
11.6981
6.04245
18.5151
5.48037
14.7978
5.76838
4.79245
14.9742
10.7558
14.7388
7.87905
1.50789
7.57844
11.6201
16.8895
18.6459
17.3404
5.24606
13.3309
1.32263
13.9431
3.43096
7.99903
19.4501
6.44524
19.268
12.7451
14.9618
11.399
8.21325
12.7634
0.568383
14.3827
2.01675
13.4465
18.7638
16.0238
10.0998
2.60814
11.3112
18.1357
7.4939
9.20485
19.5788
4.96094
10.5932
6.81336
10.833
10.9728
10.6095
4.55261
14.2724
15.2514
13.8273
11.0507
10.7384
18.5211
4.5762
0.484414
13.2825
4.6625
18.8201
9.94795
3.2129
18.3466
7.44238
13.2506
7.1647
19.4743
17.9796
9.22746
11.123
10.6794
4.74369
6.12578
3.31616
18.1805
6.93064
17.4799
7.36845
17.9814
5.96659
11.351
7.8573
8.34179
12.7386
8.15282
16.9159
8.13317
6.16317
2.29538
1.73933
7.11219
11.9697
11.1171
10.9585
3.09033
10.7285
9.18309
1.25567
18.3669
9.09042
1.61578
6.40721
8.64343
9.40164
1.28734
19.3569
3.51819
6.94793
5.82646
14.5911
3.49934
1.53091
16.2614
15.0863
18.4401
13.2624
14.3038
12.4169
14.193
15.2907
7.25618
19.0402
16.6584
7.13151
7.92283
17.4029
5.83281
17.3371
7.82456
8.98312
7.35543
0.501345
15.7099
11.352
1.8579
7.00026
6.7341
14.2022
10.5492
16.7076
18.8798
12.7509
16.2284
2.83602
8.48809
5.02795
5.40887
8.95122
4.2481
2.02139
6.6053
3.29355
1.94643
19.3121
11.1458
9.38872
12.5226
17.6655
0.196779
1.45521
8.99999
17.6386
14.6863
15.9942
10.5211
7.61782
11.9275
9.17595
12.8457
8.12111
14.898
5.98767
5.97803
10.1634
0.82008
3.42697
17.8078
7.36688
13.6462
9.11623
3.62491
4.32533
16.3732
5.45161
8.23248
13.5894
11.6031
8.59932
7.4315
6.78447
13.4733
17.4851
16.4314
11.7748
9.44323
14.0675
0.91535
5.37276
18.2601
3.31728
9.44151
13.0081
16.975
9.63981
19.692
18.7668
16.0779
3.43485
3.19738
3.2783
10.3152
11.7513
12.2199
15.7895
12.2205
11.5518
9.08739
2.48652
4.97817
19.4873
10.2347
19.2061
12.7439
19.2673
13.1574
12.1331
12.6819
19.0169
10.1028
7.27143
6.32441
6.18321
12.3572
15.4667
10.7204
15.3967
7.09651
7.30244
12.0082
3.64349
19.2098
11.3081
19.7341
10.6258
4.11403
7.13169
15.0706
15.6095
3.03452
13.3369
6.62214
13.4748
2.37011
15.5005
8.30446
18.7792
4.61065
5.65967
16.632
17.6476
9.79549
13.0376
6.2049
2.33474
12.2403
9.37331
16.7587
11.6943
12.7055
12.4487
2.11
19.7322
10.1286
12.4226
4.14873
8.08537
19.7798
9.3877
17.0623
2.35299
7.06143
19.2946
19.3937
1.64036
1.21645
3.83028
1.12796
10.2286
4.66595
5.26698
17.2434
8.72452
3.14248
12.3457
8.83994
4.15325
18.9033
1.19528
1.20554
12.1027
17.6843
5.76207
4.83362
16.3971
19.5419
1.68338
14.4066
16.1409
9.27999
1.8424
17.4678
13.6481
1.01474
15.0911
19.7865
15.5179
8.66795
3.5603
13.0566
17.0116
10.0673
6.84811
8.97849
5.35477
19.9703
12.8132
7.0789
13.059
7.45282
13.9599
2.65114
12.5428
9.51798
13.9413
17.9613
15.909
6.83664
10.971
13.5256
3.62788
3.61859
6.6351
11.9677
8.60898
8.28316
14.6062
12.9879
5.29278
1.57939
18.4536
7.48862
18.3404
4.14349
0.663256
17.6019
13.6479
8.09381
14.7495
12.0037
2.28195
12.4292
11.1218
10.0643
2.15932
12.2125
18.8208
16.3058
13.7799
16.5742
6.99436
14.1697
10.9495
19.0039
3.26171
8.14947
16.5147
19.2494
14.722
16.1423
4.12572
7.39999
4.7039
3.16789
0.789531
9.0683
3.4925
13.5234
7.50035
11.4218
2.51707
5.3294
4.56875
4.27963
8.65611
8.60284
3.59827
17.318
14.0977
17.5432
11.7716
6.93256
6.36579
17.4513
7.82142
11.9641
11.4908
2.51963
11.0742
0.760968
11.7224
10.3022
15.1304
15.3329
6.31113
17.5452
13.2281
15.7078
8.42592
13.4924
18.7523
4.97748
16.0174
14.0763
9.39917
12.5459
19.2736
17.8442
18.6531
7.199
19.8227
10.1463
0.080577
9.88553
11.6778
16.6967
0.667791
14.6261
13.3634
15.4627
11.0666
8.67101
11.6675
1.77412
11.6555
3.27893
17.4999
12.568
14.1319
11.0545
18.2927
1.17896
10.6702
15.1621
11.3166
0.675291
1.048
10.4357
14.4227
17.6273
8.98646
5.1899
16.5255
17.3862
2.81334
17.3174
0.0916347
11.3665
14.0139
10.7647
19.2872
19.9818
3.75714
6.85773
15.3449
10.6552
8.85694
16.3523
6.87406
19.9671
5.72639
13.8244
15.8367
4.3952
5.81741
7.84185
16.6191
9.78223
18.9595
18.08
8.98837
14.8414
16.5494
13.6708
13.5495
0.0673437
10.6993
18.4617
18.4037
17.4432
6.75859
8.11337
5.03353
10.6841
17.7514
9.37405
19.9649
11.7505
16.9243
14.6053
2.32609
16.3262
16.7948
0.297638
15.5424
2.45192
15.7889
7.41197
6.33353
14.1757
13.8202
19.6266
13.024
0.506876
15.9196
14.9506
3.78581
14.5557
11.5628
16.9125
6.56081
11.2748
19.0064
3.21923
8.92264
14.3429
9.74495
4.40164
14.0368
13.9338
1.20555
19.3145
8.85243
11.1859
18.9911
2.37031
0.0861983
14.4616
0.876197
8.72887
14.7183
15.4064
6.76307
18.9576
19.6725
16.8102
12.2787
6.77588
6.34707
19.3578
6.43177
12.073
