16.7905
0.180375
17.7118
6.43982
15.4661
6.08672
15.7646
5.90342
2.42196
11.0363
5.72848
14.1429
13.2701
17.6279
16.8142
13.2777
10.2089
14.7997
0.790779
17.7061
2.89549
4.68185
3.89278
10.7363
3.40744
13.5269
9.78044
17.0597
15.3008
14.2683
8.31296
13.2152
18.3999
1.9419
12.1216
11.2938
8.34542
11.2891
1.74384
10.5015
7.72878
10.2837
4.28065
7.04336
12.3006
19.29
13.8762
19.555
4.20483
3.048
1.18956
18.5836
12.3752
13.5649
4.53633
9.55855
2.47161
5.45376
3.86041
1.92848
3.17485
6.295
19.1404
8.77323
4.41646
16.0999
1.02681
17.0897
13.3042
8.57578
10.5547
13.3854
6.82467
1.77725
18.2655
9.64389
2.33786
19.6212
8.34738
5.47097
15.6919
16.7517
10.6351
15.5224
9.21421
13.0313
19.0002
18.6431
9.34872
0.0511753
15.2203
10.6001
16.0066
1.77307
6.61558
1.03818
12.988
9.97518
4.35944
7.70492
12.9535
1.72052
0.358827
16.8373
12.0865
2.88154
2.11705
6.28597
19.9221
19.9372
16.3815
19.9576
18.387
10.1543
14.1713
9.41248
18.8786
0.0930653
6.18757
7.26696
18.6777
9.9661
10.2859
7.25708
8.78005
18.9368
18.5854
3.146
13.0526
6.6402
4.21914
2.85319
19.3538
2.6613
5.66573
15.3526
2.00758
16.1623
10.5591
16.3312
15.6776
11.1889
11.3021
0.449322
4.54821
19.1996
11.146
18.2643
6.32985
4.76567
14.9681
15.16
3.99775
5.8774
13.5327
6.79792
11.8906
17.4406
6.9708
5.59459
3.46681
8.12139
7.16714
19.5956
2.33972
15.8936
19.4287
16.5699
16.4052
15.4465
18.7099
8.15529
9.1915
16.6553
3.14236
7.56922
14.1158
8.13219
12.5495
5.36174
16.6615
11.5847
18.8242
10.9335
11.5549
13.569
2.33271
16.2061
16.9219
17.3162
8.42871
15.6937
8.20863
0.832082
13.19
13.5905
19.3727
4.0935
0.0940576
19.5098
18.8475
1.57324
1.23718
14.0293
10.4155
0.051077
11.8426
16.6215
17.9634
16.4761
7.2509
19.508
9.92287
6.16676
12.8812
15.7539
2.72596
16.5114
5.97413
16.2514
14.452
19.2915
10.1374
12.229
6.51968
19.3962
19.664
6.75021
17.2525
17.8621
4.9445
13.1278
19.1243
14.6267
7.05817
18.1879
3.30283
13.674
6.03514
3.44246
8.00086
7.48621
9.84628
8.4354
7.9006
15.1076
9.9939
19.6504
10.9795
9.77195
14.4577
18.9628
15.7159
19.8921
18.3824
12.6209
15.2111
19.6673
5.95075
11.5423
6.48395
16.1012
3.5882
16.5733
11.4894
1.78768
16.7564
8.81607
18.6797
10.1786
11.1468
15.4918
16.3434
7.54185
8.02498
13.367
18.3907
6.06941
8.12218
14.9488
9.36719
1.61634
11.1582
5.89131
2.10765
2.88403
16.5102
5.43857
6.12907
8.87953
19.1453
9.66953
18.3601
13.8804
19.8113
3.58554
12.7369
17.6838
10.7453
10.7447
12.5615
17.934
13.8708
2.48553
11.9683
17.1714
9.63955
9.25612
18.0508
16.9803
0.718082
11.5805
18.6736
4.33365
13.571
12.9491
13.854
0.215127
10.2909
19.8265
10.1326
9.57302
1.26561
6.46264
4.46629
15.1329
17.2573
0.040094
16.6673
6.62909
7.87023
14.1976
4.8665
18.1958
7.74115
3.86388
10.0536
2.14855
2.08802
13.6069
3.96566
9.01015
18.3655
18.5676
4.16449
10.823
11.5094
5.20972
15.1465
14.2111
16.4895
17.9296
10.6041
17.1303
8.86885
6.86121
2.82315
14.4909
5.82211
14.8802
17.9427
7.79299
6.16638
17.6473
4.43325
6.91415
17.7529
6.76262
10.1829
6.38978
7.65221
2.25008
15.3405
1.54847
11.5589
12.8477
0.0787326
19.5502
10.2017
13.9319
3.04546
0.679368
17.8941
15.7693
18.4699
2.35229
1.86686
16.8183
19.8151
3.69021
11.7131
17.8861
4.20136
9.56406
5.83506
6.37213
11.5178
11.9603
19.86
15.6379
19.4511
15.1551
7.59395
19.3511
8.17486
11.755
2.25123
10.7639
16.9911
17.2105
2.1874
3.1458
14.5582
18.3791
9.85315
17.9777
14.5862
19.8026
17.5674
14.1366
6.512
16.7158
10.9323
18.2847
17.4943
14.6485
13.7636
18.3881
13.5738
9.2865
5.07041
2.16196
13.7537
8.71736
9.40545
8.75152
5.48435
10.0968
14.747
15.8452
8.53407
5.25007
3.96123
14.0648
1.34808
14.7852
8.84024
6.41676
7.05919
16.4732
11.6725
7.25526
14.8897
3.75749
7.2807
6.96959
5.83076
16.5762
13.1233
6.86181
4.83174
3.14941
6.54295
7.83224
12.2316
4.15912
0.663078
12.6024
2.75153
17.4092
2.1135
19.2471
17.8179
17.7318
11.0846
8.12395
12.2785
19.9568
18.7233
1.98629
19.2297
16.8578
4.86784
16.9153
18.435
17.168
15.7544
5.80055
11.1815
11.4256
6.12085
0.438342
7.79202
10.6671
18.7689
15.2138
10.1508
6.99933
7.01863
2.52396
11.473
16.7193
0.986334
8.58479
10.0324
18.8967
7.42127
11.5744
14.0906
18.7428
17.7658
5.07
19.8819
19.1288
0.716662
1.58068
15.1421
3.13187
9.87934
7.14362
13.3293
18.9648
19.1228
10.9032
0.257694
15.0971
2.08683
16.3611
16.6823
12.3631
10.8615
1.40159
17.1215
8.60306
9.66303
0.608741
18.7598
10.2743
18.1295
1.9465
16.3788
4.88103
19.6896
7.48131
4.16794
5.851
19.8749
19.4903
16.4752
13.8401
10.7199
2.69327
17.9923
8.47949
15.6561
19.4216
17.3704
16.1329
10.848
18.2463
14.3716
0.982165
5.00979
12.3306
17.2461
14.0875
16.2897
19.5222
11.002
17.9862
1.82779
18.9929
1.38233
17.8201
17.3753
18.5197
2.07349
18.4031
1.8742
1.49014
19.484
15.5152
6.72277
9.59413
6.91462
6.40102
16.4986
4.41759
9.0749
17.2951
12.9025
17.2674
12.7659
8.34242
10.265
13.8124
6.53984
10.7467
18.4423
12.2825
10.9929
1.66216
14.0425
12.7515
11.7855
19.7463
12.5679
7.66314
16.3089
17.8952
19.9766
19.7889
2.29042
11.1208
18.602
1.02967
7.89076
3.56978
7.1381
17.2201
15.2074
15.26
5.90395
5.53576
5.24065
8.3917
14.9024
8.12898
2.26569
7.00207
2.20999
9.18485
17.9653
7.48173
17.3485
1.07354
1.23721
16.5087
18.1625
17.0481
17.5714
11.0675
13.4017
9.50008
16.2546
7.14477
7.38923
1.33967
9.37555
1.35596
3.33258
6.41173
0.532154
16.7052
6.99492
3.45358
9.32202
19.095
9.1392
2.45988
1.25056
19.8652
2.53202
11.08
0.0137746
18.5712
10.9717
12.5557
4.52211
11.0132
2.48359
5.92468
13.9799
12.9998
16.5594
15.4777
0.981575
16.148
3.44178
5.77961
4.44553
1.99361
17.6754
1.20778
16.729
14.3788
2.20828
12.7053
15.2581
4.66718
0.161131
14.7784
13.2749
2.33739
14.8169
2.20875
9.5685
8.86292
5.14569
14.9565
0.526986
16.361
6.44197
7.23806
2.85607
0.525903
5.78238
19.4057
4.42403
12.9735
1.88928
19.5932
11.1984
15.9823
4.98766
11.7485
9.52458
13.5379
5.28688
5.91083
15.4553
6.86371
6.50493
12.3417
17.9467
18.7079
3.51346
3.56675
15.3518
18.3442
5.85967
15.8527
9.59193
8.18583
6.93942
10.2698
0.25391
8.6166
8.56709
6.23302
19.8511
13.2569
14.6982
12.5041
5.85172
19.4029
9.55946
13.8381
16.7046
2.3729
1.68149
13.2748
18.7391
13.0297
17.2798
2.48544
9.12779
11.2377
7.25851
19.5227
9.89397
4.83404
8.41611
7.47333
14.9193
6.8821
12.2585
15.6491
17.1274
8.33816
4.7377
14.9437
4.20273
17.4045
2.96123
19.8921
12.5522
7.50628
3.89532
5.51115
14.183
9.64548
14.1868
12.7118
1.23319
15.7519
16.3623
13.6583
1.84372
12.6088
3.34805
2.91815
5.7571
12.2083
12.4736
13.5332
15.9738
7.26125
13.065
13.6177
9.84618
3.22224
13.857
17.2293
18.4606
2.3653
3.15943
13.0997
19.101
3.089
6.74685
14.41
10.6003
2.95338
17.7256
18.4215
13.4454
9.67371
3.70042
14.7243
1.71689
13.2786
1.53008
14.3795
2.52626
19.1196
4.79691
13.4662
4.0106
6.57252
19.7334
0.389085
8.97215
2.63266
15.1594
1.57359
9.82121
13.3824
19.5917
4.70887
12.7433
18.3337
12.5026
12.2699
8.70761
2.72332
18.6417
2.97977
12.2336
9.51578
8.79201
10.1318
4.20007
11.9533
12.2894
17.3878
9.79595
1.47622
13.8728
19.2212
11.3786
17.5884
12.7813
4.6418
6.33259
15.6068
9.33273
8.27006
14.0968
5.35895
16.5326
17.3936
18.5634
6.95148
15.05
18.1795
3.44145
18.3061
4.99991
15.493
7.61587
13.9529
11.1156
15.5307
18.1426
11.9613
17.169
9.91718
0.810799
13.5531
13.0335
14.8385
0.819173
8.8818
11.5754
14.4878
4.14618
9.96983
18.0594
17.7728
9.41729
0.107263
13.8311
10.3729
9.23873
8.77565
5.52374
13.0144
16.4758
4.89858
2.99308
2.01724
3.79637
19.6358
10.1646
18.847
14.4886
16.6431
14.7275
7.41965
3.51307
15.1672
1.19361
7.50544
2.69419
15.2837
19.2773
6.3422
17.8943
1.64429
6.57678
6.97926
2.42513
1.54274
13.47
7.32478
2.78176
1.12821
14.9073
7.83796
9.91269
2.9743
10.3198
16.9349
8.75308
13.316
17.0499
6.28869
5.42171
19.8836
3.70391
6.12729
7.35648
11.2711
17.3348
12.7627
14.2233
