3.48738
15.6316
16.0276
3.54324
10.6951
5.74951
0.868237
1.12126
8.35847
18.6516
0.36692
5.72935
4.90771
0.520659
18.9008
16.3006
12.8584
15.4284
15.0185
7.01499
13.72
7.71159
2.89159
16.7247
14.1499
11.3819
17.0618
14.3938
19.3964
18.4747
6.6757
16.3378
13.3201
13.8105
1.16399
12.559
7.91093
11.9948
1.99977
15.0102
11.7649
3.14532
0.347376
9.59439
1.02815
18.0806
14.7945
9.26461
0.321045
2.85018
19.6592
7.66984
7.48353
1.65861
6.78148
8.37492
17.8402
2.6324
15.2409
18.2861
12.7379
5.80689
14.8057
7.51963
3.99476
11.665
13.8396
12.8051
14.1286
16.7901
11.3622
19.652
4.76681
14.5487
9.34382
0.0941125
12.8162
7.0217
3.44626
11.7774
5.3274
8.01076
7.15803
15.075
10.9394
13.5476
3.72557
7.86639
6.34502
11.2082
5.47973
1.68542
3.05083
14.4875
3.55191
1.82099
3.26773
11.6034
4.9113
16.6853
13.3504
0.643421
9.51931
13.5929
18.6267
3.28974
9.0586
2.93734
18.991
4.80436
2.64562
18.4099
13.9477
0.245369
3.33254
19.5401
8.44121
0.548246
8.96858
2.92155
1.89102
9.03872
17.5078
15.7634
6.60075
5.29185
17.7274
12.8751
14.1339
7.71265
1.77611
18.8983
8.49205
1.61848
8.83272
5.68668
13.8516
9.64771
4.40096
7.09501
11.8303
11.9657
17.853
11.0935
17.3631
0.546665
10.5192
0.421649
19.3043
3.62534
5.97423
7.93323
16.8116
16.2687
17.9903
15.8191
12.6984
14.2344
14.905
6.49482
11.322
8.08873
10.6203
2.13
18.2901
12.5577
15.8771
18.3867
19.2903
3.60676
18.7692
18.3233
17.1054
9.37959
17.6327
12.894
14.621
8.75359
19.7868
7.9702
0.209588
15.6224
0.48498
3.44431
17.1589
12.535
2.65554
7.12701
8.471
7.64424
15.8636
16.4353
11.9932
0.27032
4.76275
12.1616
8.0782
5.58912
3.83906
12.3677
6.96196
13.6046
1.82971
18.06
17.7647
18.208
8.72899
1.1061
9.80801
4.57398
17.8251
6.60771
17.5456
14.831
15.4939
12.7006
16.955
18.1702
17.3164
0.932644
12.9169
6.16102
17.8574
6.03415
13.2978
16.7354
7.02258
8.51171
6.98311
3.8341
11.8731
9.11666
12.0523
11.6499
16.3322
7.99072
13.571
7.35386
6.27695
7.67632
8.96365
8.77926
17.9828
4.73685
17.0053
7.09333
14.1925
3.10235
19.866
1.06107
4.92918
15.5916
4.14472
9.29305
6.58988
2.6841
19.3136
14.4222
0.746953
7.3005
13.4481
18.0696
11.1505
14.9837
12.7347
16.879
1.19166
13.9898
16.1935
13.4787
17.237
6.7776
8.60725
8.50977
18.8226
7.24496
18.907
19.6017
10.3417
2.86442
11.8235
11.2579
13.7934
2.02809
16.1591
2.10604
12.0145
9.11055
6.86882
11.713
18.0802
5.93623
11.0031
10.4174
8.39796
4.94142
15.9815
17.6363
12.3107
7.66831
16.6684
9.71331
11.1243
9.60539
3.26868
6.76134
12.7301
2.30015
19.4585
6.15113
6.96864
6.54952
13.4343
3.05091
14.2251
1.13745
2.30583
2.72448
16.1043
19.6255
3.02446
15.3297
10.561
1.76608
1.31979
16.92
6.59839
0.020439
11.8571
18.9026
12.8173
18.2025
15.1094
15.659
8.99082
13.2146
2.86748
16.9979
0.42291
17.9134
3.95851
19.9855
12.2369
10.1475
18.284
6.29818
13.0816
4.88674
18.7987
13.4139
1.09156
12.0919
8.67565
9.20596
15.8208
16.3731
16.9517
13.7978
2.53664
14.445
9.92027
2.93633
9.75486
10.1772
1.29442
16.867
13.3128
8.07347
17.4794
1.15963
10.3875
5.88414
16.5311
11.9085
17.4854
17.9897
4.36128
1.71191
1.28219
7.62025
17.3056
5.85844
13.3712
9.36757
19.5359
14.8827
6.46485
0.449476
15.2663
0.956464
16.7715
6.81396
15.9937
18.2078
14.7897
15.0174
10.5486
4.27859
0.569214
0.445038
3.68626
2.18901
13.5291
16.5053
0.179508
14.5061
2.74657
18.9685
4.18255
5.63796
13.854
16.5628
5.61198
7.90816
12.2138
2.16471
15.8446
17.9766
18.755
3.22851
2.28083
10.6636
3.64124
3.1944
4.69924
10.1236
7.01232
1.38951
9.6501
19.606
6.92294
14.8186
9.99955
5.61358
10.6234
8.37538
3.66326
11.6417
1.4886
19.7404
11.8997
12.6009
4.7382
14.4777
1.29628
13.9933
17.6539
17.8399
14.8674
7.04457
13.4161
11.5279
16.0059
3.90171
12.1797
12.3268
6.37679
17.9682
5.41345
16.891
1.96261
6.46009
17.6233
14.9342
9.4585
12.7663
7.69757
17.1544
7.79738
10.1563
18.5734
8.286
5.56959
4.01418
17.7046
17.7915
9.63334
12.3099
9.75698
7.88753
1.99781
4.62695
4.8771
3.64386
19.0364
2.51912
18.2047
7.71532
18.7857
2.84504
4.98124
2.06279
14.1342
0.175246
2.6512
11.9768
8.09015
3.06769
3.60642
14.3423
0.191153
11.2761
15.7305
4.9581
1.87331
12.6086
3.29751
3.79691
6.04987
12.0755
18.4972
11.846
3.69198
5.66848
7.99963
8.41537
8.58668
12.716
16.4083
3.57516
12.8168
4.74339
15.211
15.4249
19.2425
4.74745
8.03938
14.3827
8.81152
13.9927
9.8388
14.8922
19.7804
16.6226
16.783
12.3649
1.64506
5.4341
4.47269
7.20262
0.714962
10.6133
1.59672
18.4077
4.46971
3.25637
12.8028
9.31119
1.02069
19.5383
7.24429
7.1383
11.5878
2.85638
8.35612
5.41796
0.733026
13.0496
13.5502
8.33697
9.33449
15.7112
7.64598
2.33943
8.36759
7.82308
19.3221
1.32287
2.25006
18.1158
19.6845
5.70131
14.3362
12.9093
3.69096
1.63002
16.9773
10.5683
10.9756
1.75557
5.07702
7.35426
2.33585
3.61255
18.4137
3.72435
18.4789
0.833965
15.0852
16.9765
12.8476
6.78652
15.5963
18.1244
14.7586
5.39902
0.554409
0.665109
14.6764
17.3698
8.20652
5.02959
6.8897
6.43871
14.9475
12.6316
0.598244
7.66502
11.4289
17.2031
14.168
8.77887
5.86046
14.5022
12.7239
9.00985
7.70042
0.242702
5.72635
4.70242
14.7632
8.06865
18.8318
7.37204
14.2916
15.1864
3.12387
11.9254
13.3224
14.8631
9.78495
5.73726
6.43318
6.00086
7.92001
11.9111
1.98728
14.4763
17.7775
0.0217867
8.91566
0.049595
9.74769
15.1345
8.06653
10.6036
2.489
13.1971
2.74246
7.67525
18.2564
11.9909
3.63425
3.66291
12.0797
18.6795
14.6301
5.45277
10.563
17.7677
11.8797
6.90328
6.68031
15.385
4.3581
1.12343
0.658682
2.04963
8.3068
18.5336
9.751
3.97398
10.9593
8.34008
18.7462
4.92524
14.4977
3.66102
2.92557
3.79787
3.84854
0.455044
16.2944
8.14527
6.62907
5.94434
12.2282
19.9832
9.78743
3.22633
9.9784
1.61657
1.81041
12.7661
19.4289
6.36086
10.6413
17.7633
3.14548
6.6137
18.0202
8.92964
11.919
2.33562
10.9378
12.662
18.1965
12.057
8.75803
10.6439
4.9631
7.41051
18.4257
18.8367
9.43175
12.4385
14.864
13.1847
2.3887
1.58657
16.0964
9.65147
17.3742
15.0728
1.32686
10.0141
17.744
14.2078
10.6114
7.2445
17.804
10.7278
14.4878
4.37784
12.2095
17.3388
13.9759
16.735
8.20493
13.4079
8.01164
14.0481
0.769093
3.08301
3.92064
8.60424
0.717033
0.223101
5.03693
19.4321
4.52082
15.4948
19.3021
14.04
9.62474
17.4217
10.7458
19.202
18.7074
7.63115
6.87574
18.4729
10.5911
15.4834
0.717706
3.24484
16.0826
19.5529
5.11478
6.29277
1.10717
2.75016
15.143
15.7147
5.15691
9.87095
4.32709
0.706831
13.7925
1.95972
7.84558
11.1702
9.40692
18.2312
6.60958
13.8338
16.7682
14.379
17.9207
14.3831
13.5086
1.18326
8.92099
3.39927
18.3383
5.33025
5.53883
10.3981
12.3437
12.6738
17.6904
14.3967
1.51081
10.2392
0.742841
17.5965
4.45098
1.84541
7.19168
6.24337
10.5762
4.71312
2.41519
15.7367
10.5647
4.67563
2.46226
4.88604
9.22987
2.35941
6.43298
19.7242
8.14668
0.794723
19.0302
17.8274
5.56998
16.5197
18.7508
11.7152
14.4813
11.0963
12.431
12.4626
16.66
17.1356
7.73961
11.0912
6.61311
16.3577
1.82744
1.26409
10.1039
12.7907
6.61396
16.8445
0.315275
15.2337
11.3381
8.96826
8.29918
16.2662
19.5597
8.40979
6.25229
9.47562
14.7567
2.72755
11.1366
7.09703
15.2661
7.46971
4.86381
12.1598
10.5951
12.2263
2.68001
6.56442
15.0506
16.5535
1.62339
0.191356
11.508
7.7815
15.3466
7.76841
15.1603
15.6399
0.541483
0.424906
17.5599
2.56171
15.767
15.8258
12.2749
12.7494
8.77176
5.26967
16.8086
4.45375
16.7295
10.4704
17.3692
12.0807
14.0199
0.247115
13.3795
6.19386
14.1896
7.67117
2.54531
7.25508
11.5658
8.01532
6.26113
15.1349
3.0747
14.5643
17.5442
4.51868
5.75602
7.18067
4.3703
10.4412
2.39048
17.9406
15.1999
7.92936
6.74627
18.0371
11.3365
7.17409
1.61498
18.9274
5.54989
14.7551
4.27216
2.85827
19.8355
7.24903
8.30221
0.192382
6.98547
19.621
11.7116
5.17715
0.976692
16.4603
13.2138
10.1511
9.03009
1.04542
2.81267
18.494
8.35837
12.9331
4.78109
2.88058
12.0971
0.0607233
17.848
5.27262
10.3062
4.09675
15.5535
1.16957
2.33936
16.2439
18.0351
12.4295
3.33522
10.0233
6.13859
15.585
11.354
2.44122
0.725187
15.618
11.6545
18.3326
17.409
9.22333
4.34526
17.1743
14.0419
18.9968
8.28762
4.44956
2.35215
9.14265
13.3914
3.8502
3.68348
11.5443
5.30705
4.0047
0.279232
4.59389
6.45535
4.70344
16.9948
11.306
12.8893
6.07984
1.44783
11.3383
8.58567
19.9084
0.0467977
12.0144
17.5924
5.73534
0.57162
18.3082
12.2809
8.96713
18.2365
17.7603
16.5883
2.25161
16.5101
14.3587
4.30971
5.82035
10.2805
4.8535
10.8189
10.1236
19.8517
11.1766
5.32055
11.6908
6.46592
17.3157
6.00601
7.1576
17.8605
17.3159
7.80317
12.1527
2.36199
13.5697
10.3478
2.29943
17.6636
0.744452
7.02271
15.6726
5.09634
10.5806
15.0416
9.89556
4.28883
5.17018
4.61997
10.5291
0.921274
13.1161
12.6382
6.02705
0.466772
11.1324
9.23614
10.8517
2.34465
3.97979
3.3837
7.69393
7.34135
3.19317
6.87951
11.9747
0.551794
5.60042
18.3336
3.47096
1.71319
4.64956
4.20893
6.44393
8.26818
8.83782
17.8636
18.7212
0.202235
2.65769
11.9878
2.67994
17.7391
2.07741
19.2915
0.751632
10.7238
6.76763
5.03952
7.46424
0.408848
9.5452
1.85517
12.9408
3.69847
5.13894
9.31499
18.9719
12.647
14.4608
1.57585
18.0137
7.74799
13.188
4.33912
13.207
17.1557
7.2676
19.9094
0.879311
12.5777
0.117279
7.37613
12.3234
17.0296
1.10332
14.2379
11.4016
13.4236
13.8598
1.08838
1.68014
7.48339
19.6335
4.99291
14.0221
12.5448
17.9443
17.2738
18.851
12.1043
1.49614
5.27638
17.1631
12.7952
9.38379
3.94244
0.344665
13.1861
0.42062
8.36354
14.3947
11.0479
0.533857
11.4368
16.5288
7.5329
16.2142
7.90802
16.8247
3.48026
18.6199
11.3904
4.31318
0.0550248
10.7562
15.4995
14.6575
19.0865
17.6648
13.4115
11.3167
19.5935
10.5103
19.2284
8.96065
3.16532
13.7394
9.14753
5.79603
17.7543
5.02842
13.1126
9.00513
12.8025
5.02615
0.123297
16.4781
8.42409
12.5324
10.3575
0.872476
14.9919
13.9585
10.4754
13.9826
11.6964
15.563
14.9243
1.54001
15.3981
17.2733
12.6729
19.8645
8.62014
1.97529
18.1072
7.91973
0.954073
17.8047
7.06874
2.97134
6.78877
0.755672
13.1218
11.6109
17.0105
8.55713
7.49718
5.32458
8.2699
0.557427
16.392
2.09131
17.0044
3.08447
9.76338
12.3236
18.1547
5.57354
0.661047
19.8529
14.7064
17.2483
12.1663
4.96454
11.3856
18.4184
5.00035
15.7219
2.6806
10.8759
19.0193
12.0767
17.3018
11.9765
7.4116
1.17869
7.52981
19.9823
9.29643
8.53332
13.4285
12.0613
0.724239
0.100527
0.854263
14.6725
5.33128
7.85208
17.0285
10.4374
0.440943
14.638
8.1933
14.0089
9.24066
13.3416
16.7977
16.6844
9.74841
16.8005
5.45945
4.55457
0.350386
2.03282
0.556944
14.4457
17.4905
15.917
18.1201
6.83928
19.7638
8.81849
8.76062
15.4177
16.0402
0.841972
11.9994
9.12009
18.6923
8.76938
5.42361
6.23745
4.99731
6.18042
9.19728
9.5143
4.78376
2.16048
8.25739
8.11914
1.34474
3.92574
14.3874
18.1105
6.67722
0.85282
0.449273
2.3554
9.34775
10.8275
10.6173
17.1604
10.4614
10.0892
1.61992
19.7119
18.7291
19.3679
4.08794
18.177
13.7768
16.8505
14.1602
18.5518
4.94038
1.15707
10.7745
6.8836
17.3758
19.5484
19.8132
14.3777
8.50959
4.83354
8.86641
9.80223
11.2759
19.198
15.0393
11.4945
4.35757
18.1724
5.00258
12.9871
9.10994
8.61318
2.5521
5.37224
7.54015
19.3292
10.7359
13.8982
17.6437
12.5459
2.36798
18.8846
13.1037
14.4008
8.32381
8.14671
14.0478
5.40915
6.06216
2.14551
9.34363
15.1895
2.05668
3.95158
11.4349
11.7232
18.7032
11.7437
18.8895
2.3494
14.6276
10.5217
18.55
12.6501
5.19158
4.40506
10.7919
6.12914
12.9598
10.2831
2.63875
16.3317
5.09065
18.2273
13.318
15.494
1.65621
2.92312
3.94508
14.9611
19.328
4.25879
13.8489
7.59531
19.8268
6.5677
19.563
0.788093
2.0809
16.006
17.4751
19.9984
3.17905
3.47291
10.0993
1.36421
6.55363
6.39077
9.96315
3.96063
4.2929
2.74939
6.03038
4.67942
6.93896
19.7058
11.3083
5.43976
10.4565
19.1322
3.4887
1.46163
2.12954
18.0348
4.81529
5.917
19.2572
16.1746
1.89238
6.11405
8.10186
18.3163
3.51855
3.58442
5.83282
7.43755
12.3966
1.6099
18.3281
19.0038
5.96096
17.1059
7.9238
18.4677
19.5436
16.7017
16.5666
16.0308
