6.73246
1.33156
3.74861
15.8573
9.06823
19.8982
18.9066
12.2213
3.0182
13.3175
15.3663
14.4522
2.16998
6.06092
4.23415
2.91114
5.55129
2.54818
5.55109
17.8659
11.9536
13.1153
13.2125
5.29439
5.0625
14.1207
3.41458
15.2085
3.60268
6.90168
17.6931
16.7576
18.7335
10.1299
2.97744
17.034
13.4332
14.263
17.1325
10.4973
2.65621
8.35107
7.89351
14.4407
16.3933
19.6474
3.78229
13.0943
5.49718
16.7323
1.36188
14.2085
3.56525
7.51675
3.6131
8.08007
9.68837
7.02247
10.2072
6.36333
7.48802
15.2619
2.39646
16.1818
4.61301
11.1523
9.03907
7.90046
4.19903
9.38566
6.44188
17.3506
8.75857
3.82237
10.4864
15.1185
6.1229
15.5558
8.4959
10.0236
19.1839
3.62647
1.60988
19.5876
9.07503
18.0437
0.311756
3.25331
9.53035
1.64875
3.99583
6.22302
16.4211
16.8002
6.99674
1.17953
2.1444
8.51577
11.0525
9.666
3.19151
0.0989437
0.226508
7.82315
12.0894
19.317
0.084046
18.1473
0.426731
8.91716
9.67652
9.35106
16.1874
15.1763
12.5425
0.749737
9.59919
4.76324
17.4881
15.0973
1.40186
15.5416
2.4238
18.6379
6.01764
6.31076
6.95622
10.9486
5.05382
17.4449
15.2206
6.81555
7.48002
9.97617
6.39419
16.5191
0.155504
2.92873
15.8109
19.3245
17.1449
13.0678
11.1835
2.82427
7.80656
6.44327
12.3085
13.5808
18.6216
13.646
2.26028
4.64521
18.1808
0.595468
9.95554
1.29606
1.33777
0.92851
15.77
16.1495
7.44966
5.39718
17.6612
12.8699
9.40001
16.5833
13.344
10.4216
8.51414
2.83523
1.60826
18.4851
11.151
15.9715
1.26199
3.3151
13.4371
13.9118
1.60229
13.0089
1.63296
5.69702
2.48762
1.16778
17.0782
10.0044
5.93507
0.52464
7.84034
1.95197
6.28866
9.60299
12.5217
4.89248
17.0941
13.0019
11.0547
14.0144
17.9012
4.93317
1.45907
3.76906
4.90938
12.6629
4.95222
16.472
11.6865
11.9617
3.97164
14.991
18.1483
15.3926
16.0681
14.7547
17.9754
12.5732
10.2298
18.4377
8.78947
7.41191
12.4051
2.95028
17.1669
19.0473
7.84642
3.96626
13.8118
1.08204
18.3399
3.238
0.782992
4.52964
3.57966
1.54186
12.4857
12.2863
14.1914
1.14961
4.30446
13.5576
14.7188
13.5447
2.93102
7.73728
9.13401
4.15494
18.6813
5.94304
3.76127
12.6315
3.88078
15.5081
6.8359
6.70243
10.2149
17.9343
13.5982
14.4392
0.0736108
0.174442
15.5547
10.4392
12.5511
19.6068
18.0861
2.61132
0.115131
3.7676
19.2513
11.9311
11.0218
0.842919
5.05348
19.1898
5.2153
2.13658
13.4037
18.3188
10.571
10.2245
18.622
19.7928
19.5247
5.90851
13.2589
10.8117
0.794262
2.11004
4.79258
10.6564
16.7314
7.27418
7.90774
19.3709
6.78814
14.5871
10.2243
3.26501
1.09823
16.4822
15.7531
2.6718
8.42762
14.8548
2.84642
6.2524
1.036
7.55541
13.7961
1.86685
4.89201
5.29188
6.02997
12.0062
6.89264
13.3547
14.5652
18.6525
12.6404
8.23693
11.0465
13.4118
6.83355
7.8929
18.7509
5.72391
19.4091
18.2737
14.562
6.68771
2.43647
15.8802
15.6186
10.7886
4.91601
17.9753
0.324087
11.7597
4.21492
14.7052
19.3414
13.8576
16.7128
8.03152
13.9832
11.5002
14.539
19.6865
4.83447
15.7947
8.11148
7.39526
9.07095
5.2109
0.068952
19.1687
11.8035
2.21177
13.8414
13.953
5.72242
8.11857
18.5039
7.08642
13.3309
11.4372
7.3087
18.9405
6.76652
3.97747
3.14726
8.75494
6.47829
13.8957
14.8634
0.432993
10.3061
16.6358
12.5719
17.2943
17.958
14.6184
1.07048
17.1679
8.85068
5.1693
13.9763
11.3874
10.5986
2.21392
5.43775
0.365556
18.157
3.48283
16.3386
1.05837
11.8049
13.8367
7.77408
15.0371
2.81428
18.2471
8.91658
6.44038
14.2805
2.39577
4.60449
7.62301
13.9227
19.4216
6.90208
11.3651
2.84609
4.64928
2.70689
16.8864
9.86196
10.7475
12.7605
10.7015
15.3005
5.97643
2.96051
11.4234
17.0835
15.157
0.58798
13.7217
6.12449
16.7121
3.19722
11.4919
11.6711
5.06587
12.0435
7.93733
1.86597
10.0149
1.74778
16.6262
10.2429
16.2224
19.283
19.2227
13.0322
2.02802
19.7709
15.2118
9.65298
2.37269
19.439
17.2236
17.0552
13.2377
16.4612
15.9906
17.4491
6.33932
11.8688
5.94692
18.4514
11.1197
5.09497
2.15681
6.41584
5.29735
17.277
4.1465
8.60562
0.923154
9.322
19.9419
3.77904
11.5974
11.0475
0.568891
18.5465
6.86622
18.3949
17.5689
4.93183
18.8092
1.54819
6.3586
10.0622
15.4018
4.70637
15.4051
3.09502
17.4484
15.3688
6.30006
12.3427
6.90844
0.946684
18.1691
6.32024
16.4336
6.02948
10.1803
7.22391
10.2301
6.86122
3.35612
4.04725
0.284597
5.38592
3.87261
8.83633
8.11558
19.6588
7.48293
3.91704
4.78728
17.4029
19.85
4.81576
19.381
18.3017
12.3762
12.6897
19.9874
9.47671
2.96548
10.2257
0.766208
0.916832
2.12284
16.9541
16.2422
4.78197
19.6887
16.1546
14.8294
9.13138
4.27435
19.5635
12.4411
17.2381
19.0076
14.7325
10.5737
17.1307
15.763
10.202
9.12902
1.38451
14.6992
10.9687
7.37372
13.3795
18.2195
10.2047
0.412959
9.29765
3.09505
10.2367
10.992
7.70368
18.5801
2.6731
13.68
0.901563
1.5746
3.75424
18.023
3.25564
19.6341
9.83823
15.9564
2.20246
0.812096
14.5747
17.2778
9.82816
19.2041
15.0787
10.7398
11.9764
3.57216
3.80057
18.472
2.21277
0.707545
2.56549
9.57303
2.63642
5.72012
6.72169
5.22943
2.10093
12.4755
8.56688
15.2395
7.13979
16.6551
15.8969
10.7335
10.437
12.0383
19.4962
13.5334
15.9503
17.9136
1.86327
1.10494
6.19329
15.1996
6.12628
5.58652
4.46583
0.946814
13.8112
14.2105
2.61191
12.3031
9.7385
6.06629
5.03668
16.7114
10.652
19.9276
19.9468
15.0615
6.76003
14.2873
17.8039
3.28384
11.2882
7.4282
3.84775
5.62152
17.7491
7.62805
0.52436
13.2372
2.12666
7.59807
8.54675
15.078
19.6944
19.4615
10.5238
5.34073
4.45647
5.43267
10.3105
7.77367
14.5122
5.94269
9.63629
16.0791
18.445
11.5641
12.8191
13.6442
6.09617
14.155
11.9281
16.9778
3.61802
0.472609
12.5014
1.37593
3.74851
19.6755
4.35086
0.0525963
13.3454
0.185981
12.9379
9.8714
2.68029
15.3621
14.5717
6.73472
12.4197
18.1635
15.1273
1.10864
17.4915
17.0689
8.63385
12.7241
10.4696
13.6723
10.1486
5.47089
6.33046
19.25
17.7558
5.26579
3.64247
14.5387
5.87118
6.81236
16.6549
0.684659
10.1121
5.40511
6.84891
1.28355
10.1097
0.715042
15.1918
15.8826
7.68416
16.3967
5.75292
16.7805
5.73743
13.3248
15.7802
12.5467
14.8117
0.0457147
10.8026
7.91184
18.1464
2.77383
15.2981
18.7737
5.46086
8.95036
9.70284
8.62259
6.91115
10.5544
13.5429
3.07786
7.44454
8.32128
13.9219
18.4137
3.97826
17.9217
1.00095
11.8581
0.185387
7.85625
3.22934
18.092
12.5635
14.6866
2.73632
17.4942
13.3824
1.92
12.1152
1.07664
18.3138
8.34764
9.02006
15.323
3.60444
1.67638
0.469666
7.67954
12.9975
1.69854
9.32695
4.65953
17.6119
4.31441
2.87535
19.0636
7.30506
8.39644
1.16101
1.07435
9.12886
17.3061
8.99673
15.7961
4.1165
11.1276
14.7055
7.45386
9.65362
17.4057
14.5269
12.6884
1.10466
11.2283
4.59857
5.71594
2.17199
11.9647
0.310419
6.8548
18.5159
12.5458
17.0598
18.973
17.35
0.924557
10.8138
4.8741
5.10982
14.8506
11.1983
14.938
13.9647
17.2432
5.48555
6.73389
5.00492
0.370573
1.38422
9.32843
10.5142
4.84006
5.522
9.03275
9.7078
17.5189
6.94815
9.3477
6.20894
18.5353
8.41018
15.4726
11.2599
7.08341
19.7245
15.3765
13.4092
1.54628
0.763423
6.48527
1.27585
14.844
1.42846
12.0101
6.51776
1.35653
1.85026
15.8656
10.8147
1.76221
15.3749
17.8444
15.2299
6.04963
13.5225
1.66132
9.09689
13.2094
3.3464
6.02091
12.6406
2.75202
4.94391
3.46767
5.38175
14.7289
2.54087
2.67713
8.13831
15.2782
0.951686
3.38229
4.01447
9.21286
14.9329
0.0229147
10.5777
8.92437
16.1976
6.66741
9.92114
12.7596
15.6228
18.1355
12.4138
12.1497
7.97992
3.82587
8.59706
10.6096
19.2331
2.63291
10.3837
3.72712
6.12423
8.79529
4.33487
19.0876
1.16633
15.9145
1.28952
5.12384
0.0440992
6.0904
0.0658751
14.2642
13.7264
2.58293
15.9885
8.03142
19.4982
0.16077
12.8863
10.7191
19.4286
8.67044
7.57279
9.95685
0.35011
13.4234
17.6954
7.54807
18.0277
7.80193
12.5611
5.08862
1.75824
14.2331
11.1274
10.9465
13.4881
19.609
0.304087
15.3088
0.971748
0.976927
3.67524
11.8232
6.63344
9.05399
2.85563
16.9482
19.0776
11.6038
3.88275
9.36354
1.79948
12.9821
5.24826
11.0461
5.01272
3.84496
9.89033
11.878
19.7558
14.0621
8.82681
2.003
12.0429
19.5327
6.33714
19.7153
6.57152
14.1075
18.9674
5.47752
16.9977
10.1652
1.74627
0.0754608
3.31363
9.21493
1.45615
15.8993
4.67838
1.5231
0.536388
7.20723
5.67213
8.92834
7.33215
17.6926
14.9737
1.98814
0.0504896
2.38165
15.6792
10.174
13.6009
6.69933
17.9283
19.5035
14.7447
17.0455
18.4793
1.86039
3.97754
15.8152
11.8311
1.73212
14.3289
13.5669
3.00776
14.838
19.9626
2.93012
6.55227
11.6002
8.87594
0.886373
12.9877
14.3879
10.915
17.0858
17.0271
2.05595
11.4273
15.5096
11.7029
10.8431
13.9641
19.7185
17.4304
8.08
9.54964
9.2927
16.621
4.3807
9.4417
0.89224
8.69469
6.84163
17.8155
8.38089
7.46712
8.3327
2.70897
13.2629
0.885652
17.1314
7.72828
7.60643
19.4392
7.93638
15.1225
3.03529
13.713
7.55472
13.8889
1.66597
15.2439
5.2833
1.51993
7.95145
14.1629
5.82344
17.3087
17.0133
2.63086
8.26568
9.1466
10.889
0.204042
9.62674
0.0218378
5.84425
19.5786
19.7717
4.00745
7.94896
18.0313
9.78974
15.2344
5.0899
17.433
4.36483
10.3308
5.03932
8.32087
4.47078
14.305
3.34623
4.82814
9.51498
7.7161
1.80064
18.5903
13.7344
16.3259
13.1189
2.03055
6.89348
1.20754
11.6612
16.3125
14.5558
10.7879
11.9003
12.2613
7.4759
11.9157
17.6559
16.8519
3.29652
11.5912
17.6069
7.5321
5.40548
8.90783
16.6453
2.03335
17.4396
8.03487
11.9933
19.126
10.8919
18.4211
0.982815
13.6803
1.7962
1.74595
12.8915
6.75132
13.9333
6.21843
5.67485
14.0424
19.4581
0.58264
18.8418
11.8967
18.5046
12.42
0.995479
3.97364
5.41436
9.44517
6.58275
9.75274
19.774
19.5882
10.9604
0.412827
3.96898
15.6651
15.6042
10.5388
17.7234
16.9506
8.72361
10.6639
12.1582
5.13042
0.524182
16.943
7.99474
5.19963
9.49549
13.596
1.09446
1.41594
18.9306
12.2492
9.27093
7.12231
13.8788
0.42361
3.90465
13.2477
11.5457
5.26183
17.4682
7.65869
4.95843
10.364
13.1903
12.9565
10.1376
5.04647
11.7942
10.7022
17.805
10.055
3.80762
12.4876
6.43397
2.72653
5.67235
4.71475
5.10446
5.39061
15.6409
19.5763
13.9476
12.9647
0.587961
7.22846
17.6001
12.9477
11.9607
5.66016
7.49984
3.67621
17.3184
11.8691
15.9617
6.27398
2.52523
8.38214
10.0827
13.2596
17.609
11.144
17.3803
18.2831
11.8769
14.3965
16.7545
5.56943
19.6214
6.72408
17.1224
16.561
0.93592
12.3807
19.6878
12.9963
19.8494
6.9459
0.923464
5.65189
17.8111
12.5287
9.62707
8.94971
18.305
19.8084
0.504759
3.99214
8.12112
1.46213
8.82816
16.0127
11.5466
15.5298
15.6177
11.7182
10.3518
18.6038
17.4716
12.8785
13.4347
8.1197
10.6029
8.92597
8.02111
19.2311
16.5479
11.1153
7.52239
13.1321
7.81317
6.42242
18.5531
2.95612
0.436822
19.8942
19.9166
18.1449
19.6694
0.937435
2.68664
0.871235
10.1543
6.55176
3.06535
11.3419
9.5389
8.14137
9.38663
17.129
1.73649
10.9481
10.8038
1.10182
14.3935
4.01121
13.8863
12.6855
4.59038
9.20923
11.2079
4.48855
11.4603
17.6653
6.71608
2.66523
9.66959
5.80292
9.95868
5.78813
14.3059
8.53384
10.2602
3.20972
15.6426
3.53591
8.39538
10.4957
15.852
13.8719
16.888
2.84739
9.53699
10.9562
14.7484
15.5062
19.7275
14.4517
1.40327
3.38092
10.0435
18.0217
15.0851
19.8992
0.548229
11.6126
15.249
4.62686
9.86437
8.05878
1.23049
12.1873
11.532
15.7425
0.910698
5.24777
7.7553
0.376701
17.657
16.2946
5.93587
11.6478
11.0475
1.30815
18.4316
10.2429
18.9382
9.87373
0.987191
9.20669
1.7865
15.9187
3.51726
13.9579
10.7681
6.8942
7.48696
7.97478
12.589
17.9123
18.5083
10.2498
14.5417
10.1183
12.022
14.4979
18.9323
5.93998
18.7382
14.1881
13.2705
8.97937
1.06836
18.9658
0.854186
7.2531
7.03508
19.0919
12.6841
2.83214
11.8273
11.069
17.8756
7.66168
15.6331
1.75218
10.066
18.5715
17.8271
2.03563
12.7403
12.7864
3.52553
5.56871
17.972
2.56479
4.8181
15.1449
1.03306
17.5638
11.2997
6.42777
11.8173
13.004
16.9873
5.95267
6.207
15.6851
16.3745
9.41161
19.5904
7.81949
13.0368
18.4474
8.47201
19.3045
19.8762
8.61342
13.2509
13.0624
15.9213
7.65634
14.2573
3.94923
5.05894
11.2996
16.6235
1.97435
5.48602
1.93763
17.6369
12.0258
5.00571
7.3786
12.6092
14.6712
8.37682
19.3914
8.72638
4.1712
11.3172
9.27006
10.5286
18.4565
14.1569
7.48677
18.2016
16.7982
7.7955
4.32807
11.6719
8.45713
16.5514
3.38334
9.02594
11.9864
0.965258
15.712
7.34744
11.5455
18.1049
1.14669
16.2088
1.01107
8.50176
11.9926
7.95387
7.0971
5.91008
0.524618
13.7876
11.1203
19.9885
3.71844
9.26461
14.3093
1.72594
3.26119
3.68137
5.27651
11.0496
15.5719
9.3953
15.5372
10.256
3.78099
9.38197
7.26003
13.5261
17.2639
6.03984
7.91691
0.0955791
1.0397
9.12434
17.5347
14.9958
0.884025
19.0247
8.3494
2.15458
17.3361
13.4424
16.4847
11.1374
4.45076
6.83655
7.06683
2.61653
10.9124
5.0238
19.7472
4.77398
5.04527
19.1759
14.8734
0.180125
18.3133
3.10802
8.32143
4.88432
13.1704
8.26701
7.13028
8.70452
12.0099
3.77244
2.60441
2.09877
17.6071
7.23605
4.21886
19.7475
16.8606
11.6147
19.6076
3.69872
9.19898
16.7494
5.63892
4.64145
7.9292
7.51058
7.83973
11.8904
6.52752
7.56081
9.79518
16.1246
9.80029
5.694
7.76824
12.9366
0.989029
2.96431
18.4789
1.32567
6.77141
14.3309
4.66819
4.4056
16.8077
2.11286
8.00281
19.7719
6.66206
1.30637
10.6455
9.58017
13.0243
2.36644
17.4542
7.13631
8.05703
15.5543
15.0023
17.8937
4.94127
6.09078
0.141018
9.33945
18.1501
11.1433
6.91933
19.1336
15.7786
0.0702545
16.5101
12.8546
15.0808
2.1193
9.55673
0.991629
15.1147
18.4343
13.5482
1.30834
9.68783
15.7572
8.45006
0.957465
13.072
10.6091
4.06159
13.5857
4.89591
19.9748
11.5321
16.8724
4.58809
17.3724
15.9614
3.61548
16.1309
19.2923
4.12929
14.7953
2.9798
14.2601
18.0229
0.813327
4.85195
9.83657
4.67044
1.64898
11.4647
8.97005
7.09899
0.163235
15.5022
9.81345
8.89205
8.79812
11.0463
10.1293
1.4662
5.29673
18.4945
13.3334
10.0488
18.4662
14.571
7.56701
12.8864
18.9753
12.3633
8.8188
8.02103
3.02484
12.693
12.2422
8.66352
4.28523
5.09472
19.6762
4.77129
4.73531
12.1889
7.76298
10.4957
5.34154
10.9173
10.922
14.4841
0.664847
18.5107
4.5962
11.3578
19.7441
19.9373
17.2976
7.50568
6.9935
2.09615
15.6567
3.75553
5.05309
6.50985
15.0768
11.9961
17.5047
7.20074
7.72958
0.296752
15.6544
9.34584
17.6292
13.728
11.2964
16.3645
1.46635
8.87555
2.56352
7.71142
12.9527
14.7717
15.3655
12.1207
1.13548
2.37907
11.9197
1.04247
8.94366
8.21185
19.7347
10.1067
7.97564
19.6166
8.21438
7.51083
5.59543
3.03644
19.3577
8.70083
4.59719
2.46987
18.6577
8.89269
2.87794
2.37617
9.76633
19.6789
19.2787
10.2409
2.01866
10.9143
9.6759
2.21429
4.34367
7.81595
6.37123
14.078
3.66595
15.7017
0.597862
5.47316
9.45125
1.32299
6.18139
13.0426
9.86489
8.27639
16.0669
17.4455
7.16623
1.90945
13.0173
2.81144
14.8642
18.9839
0.410628
6.98368
12.729
13.239
4.81637
4.0456
12.2678
0.373867
17.7128
8.80973
10.7391
8.41967
5.55155
13.4224
16.9721
17.4111
13.6126
2.54612
18.1809
9.30501
9.14185
14.9223
2.75844
13.5894
7.21629
0.319807
18.9556
9.76935
11.9155
2.14671
3.63817
8.07046
18.7988
12.232
2.40607
4.43463
13.8812
14.4544
2.84287
13.379
3.87544
7.45764
0.884772
17.1892
15.5171
15.1467
7.60437
4.56355
9.84479
1.23463
17.2774
2.69167
16.5942
18.3008
11.1953
8.16371
17.8328
17.8519
15.0912
12.7241
16.5322
10.3689
0.403099
7.01488
13.7794
16.7489
9.50088
15.2682
2.2285
2.92882
18.7297
7.62704
16.3941
6.7581
18.5921
12.6371
14.2261
16.6207
17.0719
16.2862
16.0342
6.36795
11.8529
14.0348
0.873321
5.2074
0.687503
5.15381
3.31632
6.221
3.78107
2.76895
6.69417
13.2944
5.65567
7.4588
15.2135
0.476445
18.3294
14.2837
1.72477
6.23196
4.58913
19.418
11.6426
3.81533
11.0085
3.48847
1.259
16.9422
19.7033
15.0258
14.5233
17.1072
19.8537
13.2007
13.8377
2.19552
13.2846
0.131122
7.74974
0.50109
12.7553
6.56946
18.7987
9.46184
2.77808
9.651
3.05153
18.4137
14.603
19.7804
3.27944
15.3383
3.56427
5.80042
17.1719
13.3405
15.6973
13.0468
13.0565
16.2838
3.3819
10.0448
10.1823
3.31354
15.6569
7.29047
17.7048
9.81623
8.74919
12.1072
6.75528
0.61138
10.8484
5.0326
6.44438
5.93404
15.4985
14.2976
4.13923
15.7801
9.45155
8.02046
16.9832
1.57685
18.2004
9.01057
9.15357
14.9684
17.4155
8.36012
18.1649
0.97168
19.3452
0.428077
14.5339
3.02602
7.32861
11.9353
11.2579
5.26656
3.27303
6.3134
19.048
0.281258
2.63559
3.76545
6.41529
2.83284
15.2042
4.88435
9.36441
12.5117
11.6518
13.2376
5.81072
2.85225
14.3775
7.97807
8.42449
5.3716
1.16065
4.90028
14.0349
17.7405
15.7161
7.69578
5.15523
18.1615
3.0394
16.7144
3.08195
14.9552
19.3404
9.57227
2.71333
10.2024
16.5146
2.13735
12.5615
7.5279
3.47745
13.0472
17.3496
0.789641
0.00608587
10.9982
12.2921
18.2814
0.0369036
3.85657
13.0018
3.90104
16.2695
7.12864
17.9812
8.77378
17.6735
16.7381
14.0905
1.35263
15.8661
14.1381
14.4106
17.9507
10.5755
5.36505
8.12797
6.80381
0.0514264
12.5111
17.7428
0.0592285
0.902834
11.2881
3.82111
2.16628
4.76645
15.1862
7.93868
3.67167
5.77409
14.8224
14.8153
5.7739
12.6975
5.27891
8.95073
4.83735
16.7501
11.8639
17.8436
8.47695
13.0754
19.5885
15.6988
15.5363
18.3307
0.693531
3.27993
8.27595
3.26858
17.3574
2.54013
18.7755
19.2106
5.40065
15.6004
11.8159
3.44323
9.16857
15.7606
7.37872
5.03498
0.899906
8.97058
17.0718
4.87373
16.2351
10.852
15.7948
12.3445
10.7274
1.79693
19.4943
15.3285
1.03385
3.8724
0.268773
2.08038
17.3482
19.6218
1.16179
17.8315
6.97314
7.16403
6.19802
2.79616
10.1382
12.8068
17.9619
6.79368
14.3703
11.8365
10.3696
12.5263
19.5229
0.724886
14.5477
16.5882
10.8135
5.55248
13.7994
9.31855
13.0463
5.63174
2.83183
10.8552
14.6275
6.38781
14.5964
6.07802
4.32411
16.3389
6.34332
17.214
8.6751
16.1385
5.93918
9.30132
16.5097
16.0332
9.81131
7.8908
6.79922
19.4717
7.61075
1.39577
2.8324
10.5036
16.8457
3.86093
0.0917577
6.5516
9.3826
10.6342
12.0279
10.3928
6.59293
3.5229
8.18066
19.571
8.81319
19.3769
8.00886
12.6476
5.66325
2.2938
11.8446
0.568205
0.747785
14.8887
15.0707
14.6165
0.587329
15.157
17.8731
3.09839
0.869002
9.08846
18.6259
15.7509
11.3837
15.6601
5.82244
14.9063
8.84458
17.0754
16.7872
2.96629
15.7812
1.17872
8.11872
19.436
11.8859
6.72589
15.9579
19.5115
14.4522
3.73789
7.16093
12.4373
14.4717
5.86662
0.858922
7.84862
18.9112
5.62046
6.00719
3.08757
7.06491
10.0783
15.2433
5.24406
5.0625
18.4418
4.33562
13.0203
15.7886
17.4869
1.72419
9.58049
2.74621
4.34549
7.08714
13.0541
19.7116
13.2498
11.6291
17.8894
3.88779
9.08816
3.3333
9.59396
6.26128
6.99779
18.0796
15.2564
17.7032
18.2101
2.75639
3.19419
13.1969
0.688229
17.3174
5.46805
13.4168
19.0272
14.5647
11.1959
13.0178
12.3166
2.03687
10.2572
19.2334
10.0288
19.8537
3.41701
2.26959
5.36262
2.90798
11.4361
8.13702
10.8614
12.713
6.18457
16.1265
17.7162
19.0097
13.8967
8.72361
9.37781
18.3899
16.1605
15.8719
13.0192
3.87622
16.7366
17.7841
17.1577
8.69844
18.0997
11.3364
13.0648
0.821059
9.8633
1.13222
0.255244
10.9385
15.1415
18.5256
4.48533
0.138684
7.38414
18.1194
18.3301
0.695544
1.05619
0.848333
6.29198
17.3215
15.2051
11.678
18.7851
16.555
12.5581
1.65566
16.9081
6.68914
8.31412
2.35226
15.2748
1.06159
3.99818
19.1962
9.74985
12.026
15.095
19.132
18.7997
6.98979
1.28358
17.299
7.38279
8.12382
11.3868
8.49923
12.7389
4.71575
9.6271
12.7155
13.2373
14.4001
17.37
17.3944
0.942973
1.5798
2.89324
5.26872
8.94494
9.22367
10.7209
10.2643
9.03681
8.11639
17.0201
4.56313
7.76285
7.58362
16.3439
18.9289
12.5396
10.3893
19.691
11.612
7.49746
17.4413
8.37008
0.120801
14.4387
2.30198
5.85389
10.713
6.89398
4.08199
6.80362
8.43283
0.576531
14.8567
8.43481
4.01764
12.2759
4.32618
17.4087
18.0384
15.8456
13.7868
11.9601
12.9112
19.291
8.00752
7.2277
7.40659
14.0776
7.43806
2.96269
6.74432
5.28625
19.7973
13.267
13.999
13.9428
17.3609
16.8822
16.7098
9.90341
13.6789
17.6869
16.1571
16.6946
6.21475
6.39114
0.556138
18.8069
15.8758
11.8331
3.66937
15.2154
1.86604
2.98922
12.7639
12.0713
8.99875
3.61091
3.16665
15.9165
7.22234
1.32765
11.4392
11.5526
5.49242
11.5387
2.55278
7.60882
4.96263
4.14558
14.451
6.15871
1.80337
13.1478
10.7731
1.07013
5.24469
8.48419
14.3218
12.6721
3.97481
8.45529
7.37919
1.46607
6.0731
18.2009
4.98582
7.13862
18.4344
4.43507
19.1023
7.35528
13.2177
0.255189
5.18978
6.43802
13.9911
7.91338
0.11616
6.07784
10.2367
11.7477
16.2882
17.8724
17.7648
16.6227
4.821
12.0662
17.1804
10.8385
18.5833
13.0544
10.3441
18.3719
6.90049
15.4137
2.30427
5.98976
9.89367
1.23689
2.21981
16.1387
0.310031
6.26965
13.9188
9.04677
3.82158
17.7209
18.2716
13.9588
7.72471
15.4796
6.14843
13.1651
13.2012
14.3599
10.3126
18.02
7.55643
15.452
18.5312
2.22987
11.0514
10.0299
9.84818
6.39368
5.43272
5.45285
6.13832
0.937846
2.41863
15.2711
12.6027
5.56353
3.15015
7.04612
8.75741
3.54489
17.6818
12.3665
11.2475
5.16922
17.2203
18.5262
4.03612
7.14297
2.22256
8.77927
14.052
9.70161
16.3474
1.04026
12.0627
4.59476
17.0179
4.03454
0.680935
19.7826
0.748218
9.89356
14.3127
14.0232
19.7262
19.8886
1.2796
11.2878
10.6018
15.46
18.7915
12.7357
18.9901
14.9243
5.89374
9.22784
6.45377
5.09084
12.4589
8.708
8.61502
11.1519
16.9607
16.8323
9.23544
0.871102
5.89459
6.77732
18.5293
1.45156
16.5945
0.772858
0.754103
18.8086
6.77519
14.6678
11.1815
15.9939
17.4151
16.9809
7.12693
19.5135
8.55928
7.65869
18.8498
10.3917
14.3188
4.8861
10.0696
17.6532
12.2431
15.0319
14.1702
0.266565
1.07068
