6.09389
11.794
2.82876
17.1579
3.34225
18.9599
0.296653
9.87236
8.15495
14.7977
2.84047
19.1896
6.56302
0.550575
9.73064
18.8222
12.4447
16.915
15.5396
12.4186
6.42527
3.14185
8.73233
19.8633
14.3125
16.9349
7.59478
18.2521
14.3609
19.2735
14.0745
1.03675
9.66058
11.4948
19.1642
19.2469
11.0186
1.65552
16.8666
6.67889
0.233191
10.8784
1.3491
9.40291
19.5366
10.8088
12.6674
0.0214002
3.89022
19.0897
14.5379
15.9692
12.4301
8.84833
9.02498
1.50345
4.04998
19.4004
2.5682
1.97615
15.0989
1.6065
0.869671
15.0683
17.2355
8.13164
11.1064
17.0886
15.7135
7.06986
4.21529
9.05195
2.83175
3.73366
6.85485
10.2257
6.80656
9.97856
6.98473
12.3778
3.78233
12.2649
12.2599
18.8076
4.79198
13.6753
2.97738
6.56311
2.19716
5.08172
18.634
5.8068
2.35596
7.38173
11.1332
17.2073
15.1834
14.555
14.9332
11.7394
5.64188
13.3411
3.07153
14.4962
0.813229
7.19391
6.52525
11.7156
10.1461
0.490437
14.6495
0.895452
5.92628
9.71371
0.479191
16.0735
2.4143
3.42518
0.699818
2.26844
14.8144
13.3314
18.7631
13.1941
15.8234
4.77997
13.526
10.4172
12.9832
3.96633
19.0138
9.67
0.458197
3.3722
10.2871
15.1991
5.36326
16.7369
14.8342
8.76659
5.3653
3.06546
3.6425
2.0679
7.06
14.4774
0.980534
15.6141
6.162
18.7444
14.0104
12.2838
7.29518
15.385
15.9251
17.5123
0.998507
5.41777
11.0727
15.63
2.08068
11.6738
2.96403
18.3524
4.65966
12.2835
17.4847
0.74106
5.52302
13.6432
3.73735
15.4293
11.4297
5.91849
5.75143
14.2786
7.82079
11.3162
0.489951
2.64863
18.7159
7.44415
10.3487
12.1004
12.8524
15.879
19.9409
15.5609
3.86247
3.50824
18.9797
8.50198
9.75268
5.33047
9.00766
12.3278
18.4202
17.4986
15.0267
18.2469
13.884
10.375
0.942268
18.8392
10.6145
11.6677
16.6071
10.0737
2.39685
12.2763
17.8651
11.0183
16.425
5.60512
10.672
17.1178
5.90657
19.3126
19.9956
19.5769
10.1396
4.15173
19.3123
12.353
18.4416
9.32478
9.12711
19.6969
3.46897
8.91683
11.7831
16.6663
18.4829
1.24278
15.2886
3.0477
17.2294
6.91538
13.1488
14.8589
6.86809
4.64783
5.34755
3.08381
16.6885
0.331741
10.8219
1.05631
2.93224
18.7548
2.83695
8.4575
10.868
16.8222
6.04805
3.25861
17.9493
1.25536
12.6094
11.14
2.04365
10.5709
6.33474
11.9977
3.13581
14.6525
11.1134
5.75779
2.27572
8.25193
5.00788
6.23328
18.5683
2.74414
16.6926
9.59718
7.79837
15.1752
15.5465
4.78571
5.21944
3.68743
18.8881
1.52872
13.3328
16.9188
12.0597
17.5323
7.69547
19.2765
15.2858
6.47031
10.0833
11.129
2.97234
8.91526
16.4556
8.63689
1.97051
12.3792
7.34782
5.24452
13.6628
2.80504
11.2841
6.76499
10.2107
13.1531
2.64523
7.78281
11.8506
10.9607
4.85556
15.6113
13.0429
15.5353
12.8983
11.1748
16.0699
3.3181
13.5269
10.1016
3.57461
3.34132
4.05317
5.4607
2.51526
17.326
14.7216
5.66964
8.30724
7.69381
16.7918
9.97076
15.5885
5.05079
14.2739
13.287
11.9756
9.50706
16.1043
11.243
3.99949
19.0054
7.6418
3.72845
8.14582
12.8954
6.00023
0.213804
1.00724
11.0342
8.16786
15.6679
18.1584
10.3233
9.96967
18.3866
19.1506
17.0337
14.9563
0.0657308
8.55226
13.041
11.2584
9.11671
13.3816
18.4134
9.85157
11.3915
19.6162
9.49513
1.867
19.3413
2.44794
12.7788
18.5145
4.00681
5.15163
17.9534
3.51368
2.41603
17.9436
13.0936
11.0702
13.226
1.7652
6.54451
5.46276
19.315
9.24661
6.96984
1.73111
15.9504
7.08073
15.3526
14.955
7.55544
2.82287
0.542891
5.69104
10.6725
5.36187
4.55727
1.65491
10.4322
14.844
12.0472
19.9513
14.7334
9.08398
1.88432
13.4858
12.5017
3.01933
8.76531
2.76979
7.05733
8.01862
18.3486
13.562
3.77127
14.4203
5.93711
12.7649
14.7868
18.3497
8.01087
17.4286
15.2886
5.1864
0.537383
7.32271
0.508997
0.705362
13.4699
6.32949
11.2984
18.8792
0.638738
6.84885
0.799857
17.0903
17.3675
7.75235
8.65827
2.83681
3.32223
6.88171
7.21699
14.6767
3.9094
18.3155
9.39461
15.7514
0.0415715
14.9486
0.21969
6.66011
12.9875
8.85633
10.8692
3.60278
12.0433
17.0709
5.02532
18.1482
18.8651
16.2804
0.763913
2.74778
11.6807
5.44378
16.9985
8.54912
17.7722
18.4448
17.0114
12.453
18.7157
13.0622
11.763
12.1971
0.807667
0.216449
6.73292
0.984476
13.683
11.3115
19.4945
8.71786
12.0063
6.18853
12.6604
6.08599
1.3647
17.7116
10.2052
15.5663
5.68543
7.96417
5.9858
14.9201
15.4687
15.5992
5.44721
14.3685
2.43098
7.34457
3.04808
16.2098
11.4946
1.19367
14.4341
19.7048
13.8509
11.2727
8.88366
17.9469
18.6047
3.2577
12.7346
10.8436
3.1061
19.7188
19.9756
17.7793
19.9737
15.1381
0.648232
8.2671
10.1254
9.02564
9.08247
15.4309
19.717
18.5679
9.28215
1.33398
9.61315
1.54522
17.6753
18.9585
9.75102
12.4411
1.82758
19.6888
13.8904
3.58753
16.7966
0.148184
13.3975
9.1568
5.04324
1.62396
8.28839
14.6603
9.56994
19.9532
5.93269
1.64092
1.12353
10.2491
18.1203
5.52337
6.24855
6.10851
17.9699
14.398
2.01756
2.21419
14.8719
18.4989
13.6043
10.1944
5.25293
14.1798
18.4464
13.9687
0.897081
19.3399
8.32074
12.0817
13.2572
14.3062
11.8772
8.94866
1.73861
15.624
3.82181
17.5432
19.063
14.9194
1.39629
19.0695
15.1548
14.6392
0.439518
12.4741
2.85433
9.14764
17.7292
6.03734
19.7765
14.1478
9.43203
1.74665
2.26512
5.10722
9.54629
11.3458
6.40034
17.5054
15.4002
3.72179
18.7205
14.1065
6.56004
6.90444
18.3001
4.57504
8.14378
3.46298
2.80109
6.0408
16.5046
4.98946
9.35042
0.239922
12.7823
7.07489
4.02295
16.4845
9.26427
17.115
6.18576
9.61161
13.8837
6.8773
19.1221
11.8502
7.65592
16.9948
18.609
0.800292
13.1615
17.0108
19.4083
15.0543
3.5918
13.719
5.11469
18.7454
18.34
5.0216
14.7346
5.99598
7.17474
8.53194
3.93267
5.62349
9.49217
13.4063
0.642226
9.34444
15.7918
19.9405
18.7355
1.79624
0.411945
0.784646
14.5381
14.2623
3.78311
7.83537
13.7172
3.15875
13.0677
5.29106
7.04351
11.5638
7.01184
8.44374
12.0545
15.4096
2.88862
6.1072
11.0443
1.63087
7.05513
4.50429
1.00491
2.38233
14.1648
2.26431
5.15794
18.1129
2.15794
14.3099
14.1496
6.64434
11.4389
19.0661
1.03313
15.3139
7.45286
15.3124
7.69919
3.09142
0.40079
10.5331
1.69863
13.0265
17.0822
1.23951
7.22412
18.9146
11.4805
15.1733
9.42553
6.74351
14.2801
1.66554
10.1347
13.7703
9.86944
13.6574
10.5429
3.65907
6.03694
16.1635
8.17667
3.8521
6.92881
6.00503
19.6032
16.4052
1.65398
6.64629
16.9023
0.676334
12.5013
4.96432
14.026
5.40686
10.7524
14.7764
6.86282
1.07697
9.27529
14.1985
18.7703
3.78442
7.91638
14.9433
2.29158
11.4304
7.74287
7.70533
15.8008
7.69321
11.4051
7.1801
18.1206
19.8552
6.7576
3.26811
19.198
4.89567
3.24614
17.0584
8.09747
8.06055
1.40037
16.4638
12.9228
11.0735
2.26362
19.9699
8.54695
18.1749
6.75285
7.32294
12.2645
8.6045
16.25
12.7041
0.820041
12.3742
6.52609
7.76026
17.3887
2.02017
19.8367
1.25171
8.84647
9.80879
8.78647
15.605
2.8308
6.21769
1.3108
14.7986
14.4642
5.27689
7.45786
8.63366
9.14633
12.1302
8.20973
11.3283
13.5739
12.8567
15.0187
8.61518
16.3632
14.9543
4.67061
14.481
4.40019
13.3294
15.2809
16.7055
19.771
10.8515
13.3448
9.41173
15.9849
4.86802
11.2327
6.51248
9.38683
8.99411
15.4871
13.0141
17.6439
17.9623
3.85875
19.5189
12.8493
3.59952
11.6183
4.78549
4.07704
11.8584
14.8309
0.60898
13.4313
3.4483
19.2216
15.3602
18.7628
17.6546
2.36519
10.0835
16.3183
9.21434
12.0734
18.098
3.21692
9.47869
8.84096
4.47331
5.16825
14.5712
9.31532
18.7856
6.34338
3.65904
14.7123
11.5096
14.5622
0.711316
11.7788
10.8525
0.173392
6.15169
15.3271
1.03351
2.03637
3.25335
0.478395
10.101
5.1869
0.153025
19.6588
17.6134
19.2464
1.93336
14.6387
9.94412
19.8346
1.16799
13.7964
12.0414
3.26358
16.9329
3.77842
13.8639
17.4154
8.48056
7.76531
8.37241
4.18406
11.9301
3.70446
9.15199
10.8302
18.2098
14.9325
8.04113
14.3949
13.5279
6.33052
15.8031
9.90763
0.195058
9.26965
1.70938
2.66587
2.47474
8.6135
6.35855
4.35875
1.219
0.167986
19.2728
11.7831
11.5937
4.69584
4.27873
0.438239
12.9478
8.96339
9.7904
2.87052
1.03171
8.4744
13.8465
15.657
16.9295
0.480967
16.1907
4.92234
1.46537
14.1548
0.184057
1.11394
7.35843
7.85884
9.45602
19.7235
2.02549
14.4191
14.0959
13.2189
5.44575
12.4404
13.3498
0.897713
12.92
15.0632
17.5264
1.82153
10.5041
6.09051
5.12308
8.75471
15.5848
9.29718
18.1044
9.8602
7.64231
9.73867
7.62129
11.7119
14.2607
8.90322
2.32314
2.79903
3.22697
7.12147
15.516
7.90671
1.0253
16.2251
14.1522
7.18905
1.31883
11.6656
7.06606
5.1826
17.7676
5.01263
9.59223
5.62943
17.6566
19.6652
13.4564
15.8914
0.803985
10.6542
2.759
11.0106
10.6603
7.18153
5.37852
10.4013
19.6119
2.44916
9.79604
19.4537
17.0394
13.9742
11.9307
11.4823
17.9143
2.08399
4.96931
6.94795
18.5333
8.20319
16.0298
14.0388
17.8202
9.72162
4.97253
13.2952
2.33811
2.42835
19.3015
12.488
16.5383
0.151778
19.1615
1.55923
7.14787
15.6888
9.73028
14.3221
9.08191
12.5892
12.8074
11.8483
10.8834
3.02783
6.29463
10.263
12.1448
2.17065
15.1391
5.56872
1.56858
19.013
19.2987
2.1381
16.5035
11.1739
6.95928
0.640976
7.08691
2.70115
18.4976
9.32435
18.3057
8.95803
13.6705
13.8491
9.78467
11.0738
8.40078
11.9844
14.6098
3.97983
2.12917
7.29995
10.9063
4.93591
18.3655
14.0459
16.828
12.5714
0.461131
15.4183
10.2211
11.8938
8.39786
2.8741
1.97841
11.6949
8.50097
17.0639
18.695
13.4549
19.7468
2.08764
4.89628
17.0559
19.7368
0.64571
19.3285
10.8665
8.63899
13.4264
14.9999
18.7063
12.7985
6.35192
15.492
13.6735
15.3678
14.8946
12.3495
13.774
1.16489
13.2849
18.6154
8.81693
7.18336
19.6768
7.56171
16.2311
17.2338
18.322
19.6133
16.1708
19.4002
16.8456
19.2928
8.51205
6.46187
4.83654
7.22778
1.16376
0.332808
15.4546
15.9353
11.5437
14.7644
0.846706
11.8681
4.60087
5.07922
4.46296
17.9113
1.53211
12.983
8.94589
16.8563
4.86942
15.3814
13.1363
7.93903
16.2965
10.1758
9.29173
15.0672
2.27722
12.8457
9.78303
4.86803
13.7065
13.39
10.5482
18.2901
7.11733
4.17981
5.51154
11.0597
9.05861
0.969085
17.9918
19.1172
13.2594
1.73157
10.9336
19.673
11.3408
13.2393
16.5608
18.0685
0.179378
4.4086
17.2751
18.9268
2.54304
3.68663
17.8216
2.11866
16.2323
4.70905
4.12265
10.0702
13.5537
8.66118
16.2952
16.9917
16.5747
17.5105
1.00846
14.804
3.86345
2.38043
15.4169
12.702
11.0818
1.9135
0.0037022
4.52405
10.4794
8.92823
11.8669
12.7964
1.09882
5.89468
15.6636
8.58598
2.8161
16.5241
0.347556
16.9116
12.0626
13.2656
14.7923
0.116753
16.9561
8.08386
1.65675
11.371
9.27799
2.20199
1.49915
11.137
19.4858
19.7368
8.16719
3.695
12.9194
8.54404
16.454
18.8697
11.5439
1.14981
3.63865
7.63709
2.10849
7.03076
8.41262
7.76256
15.6052
3.97912
16.369
2.65454
9.10324
10.4362
7.39354
15.7907
18.1182
3.85817
14.9955
1.76858
13.6578
14.5912
7.64694
5.10145
11.2896
15.6943
3.62155
17.3919
16.8165
3.15237
10.015
16.9083
11.8151
5.69512
6.09192
12.0679
18.8899
3.53433
8.40517
13.0642
13.0757
15.2606
3.12898
3.29415
16.7345
1.81286
8.12653
1.38323
14.2891
6.86045
10.8356
5.02809
6.40193
0.339399
17.4964
17.6284
6.61265
4.21361
2.38595
17.9081
12.3638
7.06849
7.12173
11.099
14.2482
18.5765
13.3695
4.128
14.6527
13.6855
17.5426
10.935
16.1049
1.42959
8.72062
16.2257
13.5483
3.22088
19.7417
15.2539
0.419303
10.2261
19.3855
2.20019
17.0554
5.40038
2.19538
15.5251
15.5871
9.91564
2.41382
1.10734
5.04921
1.82373
2.15895
12.1589
4.73581
4.87647
11.0941
6.21379
7.75202
5.41113
0.619769
6.95861
1.97739
8.38542
4.42076
17.1574
1.07379
1.8396
18.1149
15.0354
10.1521
11.8611
2.16392
13.1089
2.59929
7.44131
1.5257
7.96076
7.85715
8.86821
10.5515
12.9207
0.38638
3.23126
19.1847
7.42766
16.1636
6.71511
12.8611
10.9297
3.17605
1.1399
4.92052
6.93486
11.4728
15.2354
14.3158
7.44454
7.61457
0.828256
7.23162
16.7922
12.412
11.6465
8.47169
7.56481
19.1968
4.97969
6.60836
6.32518
10.8037
4.58568
12.8473
2.33566
12.4844
13.5351
4.45911
1.85402
19.9401
0.444078
14.3239
16.4439
1.4013
14.4765
11.1794
0.370515
18.7231
17.8163
2.30385
3.16518
9.82125
5.47357
18.1224
12.9333
0.16211
18.922
17.6677
3.51052
14.6533
7.14416
16.6811
14.8451
15.9973
10.8663
10.7338
2.68754
19.6246
18.1784
10.505
11.9828
9.79604
5.74945
6.81969
13.5511
9.52987
7.31647
10.9217
15.7427
13.9338
13.2242
11.2116
15.728
3.51164
18.5177
8.21171
16.7256
15.6428
15.5568
16.8091
15.1299
2.22841
12.0417
18.1631
1.75847
4.84816
6.19862
5.4668
10.4855
7.54011
12.3468
12.4519
18.0791
0.683555
11.8816
0.156756
2.04134
16.2315
17.7243
16.2489
3.45154
1.08985
13.8271
19.6535
4.25668
9.37068
8.30878
3.99287
0.0455641
3.37495
8.13684
11.8809
4.37539
1.05548
11.4039
2.60851
0.471457
1.58403
8.13305
3.95884
16.1248
19.2956
11.7309
12.0144
2.1001
4.63332
13.7555
3.13168
15.1249
14.2421
9.573
6.48206
14.2081
2.84247
7.48323
5.61171
13.9661
17.7276
19.6438
12.8829
10.1779
5.07058
14.6755
4.03778
4.11063
19.8256
2.8494
18.1126
16.1804
14.5709
6.44358
0.53084
12.2504
15.2772
10.2116
13.6805
16.3622
16.5821
15.7458
10.114
8.05719
5.83009
18.2845
1.29589
13.1997
13.3901
5.99713
18.1081
6.21329
14.8453
4.3399
17.3201
18.2352
18.9425
18.2657
19.4695
16.9406
18.0859
12.1914
12.8236
2.07089
13.4953
10.3699
1.83555
14.4004
1.88087
8.68589
2.79686
17.7194
3.24134
18.115
9.9142
17.507
3.72947
15.3012
9.18086
18.736
5.4302
17.7167
12.9374
4.86599
14.2216
3.68343
2.31762
13.5947
6.26304
9.71792
17.7686
14.221
6.03625
1.53344
5.95717
7.28622
16.1307
19.2757
16.4636
12.4925
18.8775
5.84465
10.5661
6.91453
16.5419
11.0535
5.71582
17.166
15.5232
8.18726
18.2849
6.40209
18.641
7.91685
9.768
17.3347
12.3666
6.93216
17.2768
18.6725
6.36492
8.97432
17.5995
4.89732
13.8434
19.2713
0.690789
16.1675
19.5259
12.068
4.50531
18.5616
19.5353
19.544
6.21615
13.7886
17.5774
4.11256
8.24746
4.8578
11.7281
3.92912
9.81546
7.2917
13.4684
13.8701
13.9152
6.9128
3.41765
17.8341
11.546
19.6191
13.3631
15.6877
7.32041
17.6582
2.13843
5.52019
4.84304
12.3144
10.7603
18.2314
15.5305
18.3837
14.5815
2.20845
16.528
12.6353
11.0777
8.16186
12.4639
13.5856
10.6786
19.3501
1.75888
9.33267
4.03178
4.73867
19.6514
17.6447
19.9687
1.96899
0.602133
14.2281
16.5047
0.45055
0.0736968
4.27385
9.16203
17.4557
4.71022
14.6138
13.9877
5.2349
11.9917
17.6184
6.27738
19.7089
13.2753
7.78073
9.43769
9.78451
6.74309
0.0475037
4.90046
8.65977
3.07629
2.29897
5.15549
5.55607
11.5995
12.4082
15.9395
4.92123
16.4253
2.56238
5.75205
18.9388
17.7569
3.68041
5.95761
18.6488
5.89459
15.009
10.9812
10.9657
6.34805
8.67124
2.69657
4.28991
8.86947
18.3377
8.12909
0.141862
18.3059
3.17183
18.397
13.2895
2.861
3.47072
15.0786
17.6601
2.1677
18.3063
9.53491
4.74877
5.7306
1.66398
1.01788
12.5762
8.79292
13.9647
15.2025
3.16401
9.44103
8.38148
5.21759
14.301
6.65934
16.7234
7.0109
0.460488
17.2742
0.357073
1.31491
17.907
0.607914
9.07517
18.419
3.15037
6.31639
15.3516
13.0372
18.1975
13.7794
1.17726
4.46293
17.1034
8.21838
1.45888
5.0195
6.65847
12.391
18.2936
1.46243
6.41251
0.854465
19.1005
10.3013
9.89885
0.641825
14.5315
18.0944
10.9668
13.6465
0.785619
18.6769
8.50832
11.7858
17.7947
18.6023
3.18498
3.22951
8.32031
17.3727
3.24173
3.3047
15.9373
13.825
1.30418
9.159
15.2646
14.5531
9.38807
11.9924
7.79819
17.2464
15.8723
17.7907
13.9354
15.5542
4.14451
2.64787
14.5894
2.2784
18.5865
19.0879
13.2281
12.9176
7.80233
10.3717
3.28971
0.444774
3.61592
8.16195
13.2313
9.35516
4.59903
12.5203
13.8703
2.95525
0.322736
17.9001
1.60692
12.1515
19.4931
18.4061
8.63314
14.5331
14.2331
17.5336
8.81138
6.56487
5.70828
8.42191
0.434535
9.23334
9.38385
14.6443
5.35325
4.83377
12.4661
9.88801
8.87157
3.53319
0.794375
12.1799
9.4109
18.6247
6.28213
4.49898
16.5049
14.2577
0.79018
12.5653
6.22802
9.33226
8.44428
5.92109
17.6641
5.02311
6.03341
15.271
10.798
9.67133
10.8638
19.6536
19.1219
3.94273
9.02329
19.0365
16.5922
6.21252
10.22
15.107
8.27603
10.7189
14.1363
1.22791
10.4046
10.8532
13.4332
16.3454
19.345
19.0634
17.722
6.19081
18.5893
5.72279
18.9123
18.8245
1.1562
14.4925
14.1666
18.7294
7.8309
9.21849
8.72967
15.8572
15.4803
16.8286
9.37587
13.8567
5.08435
15.8255
9.53568
4.5398
4.45641
18.9695
1.87042
8.71103
15.3374
1.17622
13.1101
1.91911
17.8079
0.691631
0.930897
10.9841
16.177
16.9604
14.9527
5.07318
18.6389
6.89864
7.40297
16.4462
19.5592
16.6622
6.55985
17.6277
3.78633
3.26712
11.5909
8.33597
8.1025
4.01025
3.40261
3.71253
17.1533
16.7741
15.5447
1.54878
3.79804
19.61
5.5415
18.9484
12.2661
0.00738713
5.96241
18.5206
4.95595
7.14922
16.8627
7.93429
10.8873
1.44457
9.01441
19.8779
6.51609
15.3633
9.16384
16.3426
13.3684
3.7047
1.46145
17.5052
1.19352
15.4859
1.97127
7.51964
10.3485
15.2625
14.1511
17.6583
19.2849
3.61781
10.7691
3.64105
15.0113
14.8304
1.98197
12.071
2.42064
17.0472
2.72201
16.7326
16.6847
1.46024
12.2739
16.0311
5.82818
9.17048
8.70911
14.5897
0.111759
17.4579
8.60334
12.8532
1.92473
10.1707
0.513582
6.85905
1.62364
4.00895
3.95422
9.45603
12.986
3.91744
0.963348
7.02767
18.7966
2.21801
19.1805
9.6871
12.507
10.7406
19.6067
14.8487
7.00371
15.3319
14.5468
6.04169
15.9071
16.9443
7.50189
3.87565
4.5924
19.513
19.4088
8.53787
9.99146
6.58255
18.3742
17.9297
7.05285
19.4405
3.73172
6.19372
17.3871
1.31992
14.5886
3.60705
8.68764
1.6998
18.6962
15.9417
4.75626
14.3478
8.51339
4.29513
7.60624
9.76978
5.80031
18.4648
19.5194
2.80958
15.5081
7.24704
18.4253
13.3332
16.6127
16.5054
14.8743
2.53517
1.36646
6.23186
14.8929
1.73614
1.32963
4.2953
4.17546
5.36806
16.0512
17.1644
12.1977
6.38952
15.3319
5.31965
4.7088
5.18607
15.1797
15.5266
2.11532
9.20537
12.2871
6.98954
12.8968
13.9244
4.28479
16.7695
8.3678
16.9695
6.461
7.51245
17.4266
2.68406
5.0618
18.8895
9.55007
13.2408
13.868
6.85576
2.84795
10.4472
17.8358
16.921
19.4977
5.24335
18.8638
2.25927
4.2936
17.1019
8.89197
1.36788
14.3401
7.01542
1.59257
1.93015
4.83205
6.658
15.5748
3.56745
2.03657
8.53038
1.37549
15.0056
16.6594
12.9151
13.65
15.5966
14.2087
18.5731
4.08779
1.20793
14.8183
2.79489
7.79615
10.8112
5.41991
6.47176
19.6887
10.3231
3.46219
17.5074
18.9921
19.9659
17.1598
11.5856
6.57867
15.5849
15.0337
3.30279
17.6377
7.89157
5.3931
5.98011
0.535064
19.9367
1.68072
18.0042
14.116
5.53119
1.5006
8.25035
4.08467
9.93679
1.00338
15.7987
17.2866
10.3898
15.4678
6.6023
19.3019
18.4805
17.9651
2.34369
17.8071
18.7969
0.144786
12.3757
11.0925
17.9324
12.0127
7.4414
11.0286
14.5596
1.57851
6.23525
15.1464
1.68472
14.6807
17.2363
16.9726
12.6984
10.7061
11.3208
7.74417
19.903
9.7345
5.93267
8.80347
16.51
3.14236
16.9802
2.77727
6.70688
5.94577
19.2864
1.9956
15.9262
11.4473
8.25751
3.07373
18.4065
9.58195
5.14214
15.0782
10.3707
6.43075
16.7913
5.1247
10.4948
11.3658
4.59951
10.1165
8.30302
15.3759
15.7433
9.96786
9.91931
17.8544
5.03476
7.37356
6.38314
0.708631
11.9126
16.1688
2.44809
7.63598
18.8352
19.9561
4.25306
5.07775
19.2959
16.9254
15.9483
12.7847
10.4009
17.2282
18.6202
1.37286
8.9318
19.7451
0.851659
4.46477
5.03338
14.7102
8.17979
8.80764
10.8886
8.07572
1.51523
19.5777
4.05076
8.90062
3.293
6.30264
5.15678
2.59143
14.6798
2.88057
13.5314
3.9392
9.3991
16.4633
17.4588
2.49646
11.7383
15.5601
1.83613
2.65571
3.40433
10.4217
5.77092
0.875398
18.2028
1.15754
6.4645
14.0147
8.81744
17.8885
15.3845
8.52537
14.4292
16.5066
7.76446
15.9424
6.79545
10.6427
7.26225
6.58144
19.0834
14.6703
8.13658
0.474947
1.48982
0.419758
0.543216
7.59711
4.13139
9.5489
6.9274
6.26922
11.1471
16.1931
17.4969
7.4968
4.93821
19.2561
1.53588
9.63558
8.07372
10.3035
14.5542
15.8294
10.1265
7.32009
11.0586
9.95799
11.8341
6.13214
17.7961
14.313
14.2244
11.2883
17.1123
1.57489
2.47881
19.3016
15.9306
5.49567
14.5898
7.86533
8.79406
8.49928
1.16731
19.4537
1.0294
13.4388
7.77691
7.09571
6.76629
9.62263
18.1577
7.27731
11.1221
19.0448
1.00507
5.87965
10.9888
13.2382
0.580183
3.0112
10.6753
14.5205
11.7979
11.7976
4.8942
7.89927
14.4697
11.4743
6.15932
12.1066
2.18477
14.0561
12.2069
2.17382
5.43194
18.7857
11.6756
19.3863
12.8751
15.0806
11.1736
18.7332
12.4845
0.0640745
11.9082
9.30702
7.81838
0.0285743
11.0326
10.903
12.3456
4.12183
4.51913
3.39494
17.6309
1.20397
16.3101
2.16771
12.2992
6.36665
13.6789
12.3858
16.6905
6.65533
14.4374
16.2414
16.2516
5.58826
0.937642
9.27267
3.59082
9.03157
5.52804
2.34501
6.61826
2.17772
5.99716
6.10058
11.2527
17.0034
14.7952
5.9969
3.70156
8.18606
13.7022
3.27192
6.4102
13.9241
5.81583
10.0981
19.5116
1.14304
5.64813
2.35551
17.6166
6.25495
10.3168
17.944
18.6159
0.549595
8.83044
16.7257
8.92088
3.32301
4.10254
15.6978
5.82893
15.4736
10.5569
1.22782
17.3841
0.0560423
4.30039
4.97778
2.59407
18.6387
3.2397
4.91459
13.1084
16.6892
8.16169
10.8318
0.596847
16.4359
7.6187
1.59869
0.232055
8.63717
15.9103
9.19084
14.3172
5.46395
15.8155
14.2187
19.5608
8.30813
5.57769
19.3593
19.0317
19.4262
1.94211
2.01082
11.592
0.505694
9.21421
15.8105
10.396
7.87744
15.1225
9.10046
5.15401
15.173
14.7654
5.56654
13.9995
12.5816
15.3723
9.77847
16.23
7.73804
10.9737
19.6893
4.02226
14.7462
3.70878
1.05157
0.859623
10.3456
8.24476
16.7425
15.539
7.00434
1.90757
10.4788
19.5487
2.64457
17.7447
14.2197
6.89671
1.10052
15.1
12.0746
16.1616
16.2393
17.7778
3.89348
2.84524
2.86867
0.514586
10.541
15.4501
4.93617
17.286
16.9167
12.4627
2.02393
12.0587
12.375
17.2414
18.0517
9.42503
5.37732
7.61607
0.711536
18.8626
18.527
8.57732
11.8306
7.35503
9.2234
16.6954
1.96479
13.5659
7.51796
7.28898
1.18967
10.484
5.81612
11.1452
16.9066
10.6958
1.43149
11.5691
17.745
15.2073
14.063
19.0234
2.35953
8.54263
6.22924
1.35084
3.23069
7.29583
14.7359
6.20551
11.2029
4.17698
13.234
17.1997
8.43824
13.1741
6.86146
10.0324
13.675
0.269806
7.66467
1.05027
2.90265
18.8549
0.247241
4.23177
7.7141
7.678
3.82364
16.1983
4.11144
5.43986
5.04335
3.17044
10.1271
1.64273
6.04043
7.15962
18.4432
8.91178
2.12425
12.9143
11.5507
14.6804
18.2189
12.5933
1.83914
6.55781
0.125023
0.3206
13.8672
18.2875
19.2625
14.0842
18.1773
11.594
16.3037
5.38718
8.10804
10.3703
1.79368
5.73158
19.3619
19.9768
17.8492
7.12219
1.48058
2.3771
14.6791
5.71374
11.0279
18.9721
12.6447
8.76895
9.36714
3.3922
14.4439
10.387
19.8094
4.17386
18.7541
3.93231
5.12968
16.6922
12.956
16.9322
2.99437
16.0628
3.41054
16.3822
13.3861
12.8082
3.33166
0.667872
11.7378
13.9294
0.418163
4.44438
5.40323
12.1754
16.0656
9.57844
3.13196
0.43499
16.867
9.11899
5.45668
13.4612
17.6266
13.597
1.05341
11.0952
0.0118016
14.3808
7.87799
2.12329
17.1451
1.37588
17.722
3.09157
0.800527
1.40742
10.0311
18.4019
3.5158
16.2383
16.8301
5.49531
1.81339
1.67239
15.3593
17.7785
11.9446
1.10877
10.7548
13.9076
19.0401
16.9534
7.47337
12.1618
15.3545
17.524
16.2176
6.58926
3.76142
14.2771
3.95875
15.5464
1.14098
8.05102
17.0525
11.8883
5.98873
12.954
1.11093
19.076
15.113
16.348
10.4261
14.3405
18.9042
16.2439
19.9973
0.529278
1.56657
12.1489
14.7903
1.43452
5.34664
4.85394
16.863
5.06132
1.72837
3.41608
11.7721
12.886
6.5279
9.25554
0.213475
4.63336
8.94721
15.4704
5.3121
11.6245
18.2338
19.9049
2.36282
19.0803
14.8947
2.68657
19.2285
19.0331
16.2019
19.799
2.28924
8.14528
15.5676
5.28912
1.51872
4.38883
11.3017
6.67466
2.65583
16.821
17.4188
14.4666
14.4812
16.9891
15.6342
8.63274
19.0212
16.7374
10.6044
10.1218
8.63615
13.1828
8.81057
5.77446
14.2552
18.6617
1.84237
8.83254
19.8786
13.3368
11.8039
1.75392
1.83704
7.17032
1.777
2.93267
11.6537
4.60202
5.1669
18.1064
2.98642
5.41708
9.83535
4.29413
12.993
1.04008
6.50779
15.9708
3.34117
10.2069
19.1442
8.40084
4.70133
14.8961
7.3453
2.94512
13.3947
14.4294
5.30293
9.64974
16.0348
7.05992
17.6529
11.8133
13.6987
6.9427
9.59734
12.3522
1.67281
11.1029
12.1311
16.1627
3.35537
7.61541
9.80404
10.8373
5.19557
10.0046
19.8661
3.75942
10.7785
5.98026
17.3409
7.29471
6.30071
5.66064
4.15782
10.6012
1.02892
9.24286
15.4099
5.45708
9.02632
14.7067
13.3685
7.27808
15.0196
3.30736
16.2365
2.09492
15.586
13.5868
8.75841
16.5314
11.8275
15.1136
18.2246
14.0118
0.561091
18.8697
0.97567
14.9783
8.82454
19.8898
16.2385
5.0105
10.8601
0.16423
1.07413
9.83652
17.7018
13.2828
5.98818
10.3261
7.92631
11.6415
13.8872
14.1143
13.9718
3.48757
4.85158
2.02725
9.80607
14.0037
13.8751
9.98044
5.83711
15.3538
4.92006
3.19701
17.7252
12.5565
10.2631
16.8509
15.653
10.3604
13.2967
16.3287
14.8701
3.34126
8.88648
4.12851
1.5918
1.96336
9.38455
3.37273
7.64162
14.1233
0.970571
1.22005
7.48825
9.61441
13.872
5.08941
2.17175
15.3947
3.69451
9.83507
14.2132
2.33143
16.5629
12.02
0.663894
16.3661
3.6732
18.7739
7.09356
5.55088
13.1514
16.897
3.88485
3.25157
19.5398
18.1934
18.2107
18.6356
19.3615
5.00185
13.4734
8.77636
3.30083
14.0585
18.6501
5.42704
16.4343
1.36538
17.4435
1.52482
8.29897
8.75683
18.4716
4.34889
7.57346
7.47535
6.6657
16.6018
0.284127
13.375
10.7436
2.69952
8.2528
13.1412
13.3605
19.9388
16.1464
10.2184
13.1328
13.3333
10.0662
17.6184
14.9691
12.3295
18.614
12.2391
11.893
12.7189
2.27036
0.232821
10.1784
19.3962
5.07308
2.44522
19.5094
18.3355
13.1331
1.53609
2.00785
15.7966
1.92913
9.49134
6.7437
10.356
12.3025
12.1798
15.4593
16.7068
13.7199
3.54907
1.90608
1.34643
17.0802
13.3227
3.4788
6.51861
14.8602
9.76293
0.458712
10.9653
5.33639
15.5956
13.7249
18.732
8.88482
11.3472
6.17229
5.71294
17.8194
11.709
3.49096
7.04043
8.87671
18.3942
18.3888
7.44925
3.98222
17.6122
13.4139
8.71624
13.3284
8.19739
12.6921
0.123121
9.90325
11.2139
9.83668
6.44456
6.23876
0.788772
13.8793
19.4442
19.0187
0.614398
18.2922
13.6805
18.2155
10.8965
13.7347
8.87791
7.77172
4.59916
7.21951
18.7765
9.30795
16.4364
2.1456
18.5911
0.421332
8.08184
8.40713
8.87981
11.0468
11.5801
0.93006
12.4431
16.2385
16.13
5.74799
6.49462
9.24028
11.45
1.78924
6.30588
17.5449
7.57752
14.7379
10.0045
19.5403
9.50888
3.37906
4.09127
5.48026
13.7399
17.8569
1.0335
3.82119
14.773
14.8451
15.3642
15.1835
0.234166
11.494
4.77575
16.679
5.19618
14.632
15.3445
1.71429
7.18104
8.84444
16.5185
14.897
5.31664
7.5587
16.8557
11.7728
0.188795
17.1019
11.3066
2.4546
18.7293
12.1952
17.562
2.65042
6.98438
6.02551
9.07873
4.75259
0.255804
15.3632
10.6112
16.8646
4.60396
13.3612
19.0815
15.5655
10.8767
14.2468
16.6336
1.93204
2.50182
1.23144
7.77524
12.2043
4.74717
8.82202
5.15148
4.69326
12.0807
5.47965
13.1572
13.6205
19.9979
6.05941
17.2374
15.4094
11.1709
11.469
11.0364
2.40823
12.8395
12.8642
9.72595
2.63141
12.3551
10.388
10.2724
1.14633
14.7783
17.8524
5.70927
17.0301
4.42514
19.6913
8.12335
11.59
4.75711
3.86368
16.0165
5.97396
14.5263
4.32031
7.65817
7.6409
10.1873
18.7905
3.73396
6.444
12.6793
19.8231
9.07284
11.424
11.19
7.4236
10.6446
8.64592
9.00919
2.44969
13.7394
12.547
9.48729
14.9919
4.6527
0.155591
10.0299
8.01263
5.0088
6.03838
16.6347
17.491
13.8533
7.61556
3.69501
19.591
3.08786
3.98056
5.1348
11.6278
8.46317
17.9417
14.4589
15.7875
11.1835
13.4904
13.7052
5.97237
6.13441
15.1292
14.6468
3.73321
2.17611
14.9806
13.207
16.646
3.84961
9.18467
3.62779
1.93756
9.87123
16.4842
10.8158
4.17124
13.1572
11.2175
11.0449
5.22236
11.6195
11.0109
16.7723
14.3089
8.95453
11.6769
2.864
12.7386
19.8038
10.1305
14.3443
9.30965
14.6354
4.76594
4.73428
18.4496
10.6611
16.8533
13.2118
1.4837
4.1991
3.84479
16.6491
4.85331
4.02654
2.98458
10.6474
3.47903
7.51373
4.57167
13.7362
7.80757
6.83613
17.1537
13.7042
12.7987
17.1753
19.5501
18.2705
2.93251
10.896
4.00885
19.1751
1.4516
12.9885
2.00395
19.6234
3.36483
12.855
7.09005
9.58575
17.8244
9.48561
16.4222
8.9719
17.5377
0.20436
4.5877
1.42395
3.59483
14.4933
8.27445
7.81807
8.97537
6.70577
3.15765
14.6439
19.8986
19.8837
10.8441
4.71158
15.91
16.8987
7.8075
11.5519
11.1142
0.675143
4.86623
10.6093
19.3363
19.4226
9.58422
17.8775
3.8601
10.848
8.44259
15.5196
8.39993
4.30452
11.7509
12.7807
0.958343
17.9157
19.3742
12.9088
6.96786
7.66327
1.18694
2.20457
15.3
3.65894
19.4292
18.4487
12.8647
11.0034
9.0026
16.07
17.8371
18.9121
15.7035
3.95231
10.4604
1.25775
16.5603
6.55995
8.51127
17.5
19.6628
3.37129
1.03789
19.1724
3.92574
12.1061
10.8285
16.9865
11.8249
4.05148
8.82984
3.965
13.9703
0.115994
8.87545
4.15419
17.8074
5.28273
18.82
17.5875
13.7077
5.46967
1.54156
9.98737
10.2528
5.94688
7.54969
9.47404
12.8596
4.09181
4.52804
13.9149
14.6801
18.0538
5.99723
2.38951
3.98497
17.4612
6.9667
2.23954
9.68679
3.93738
6.52798
17.9175
15.6346
19.1818
4.21244
7.75822
2.51821
13.4928
3.9182
12.6842
2.72132
10.4405
14.9014
10.1117
14.5369
17.1062
10.8836
19.5325
6.28421
11.0148
12.1726
9.43638
0.600857
19.1713
6.48974
19.965
6.47565
19.0126
1.94668
17.8536
15.5544
0.903979
6.37358
10.197
9.41901
4.60545
9.63449
10.7704
18.017
7.57401
2.88853
9.31561
1.86441
18.4165
3.06433
1.12051
15.8964
0.142208
19.1325
11.015
12.5091
10.0657
19.8931
6.26109
11.9079
18.2432
1.93928
12.6056
9.68102
4.43667
0.0158866
3.33349
8.7955
13.6619
3.06046
6.34323
1.01682
1.96956
4.04234
1.91248
17.8055
8.15742
6.62679
15.2629
5.17533
11.1622
10.6477
10.0745
0.747464
1.80216
16.0729
17.2268
18.1964
8.72126
1.87453
15.3461
5.36773
14.3393
8.43457
2.31285
5.4553
18.5598
19.1054
4.13001
18.0971
8.72498
15.8513
2.15847
1.16255
13.3141
6.95908
5.65776
5.88783
3.26636
11.6528
2.03246
2.12332
9.45177
17.63
7.51737
17.7057
3.64181
13.2547
16.393
1.93001
19.1144
1.75851
2.19987
15.7181
3.70108
17.9323
15.2571
5.97908
8.42014
9.9289
5.88316
9.84156
1.15844
18.1263
1.04727
9.15965
12.9198
11.3911
11.1987
14.8942
15.7943
3.31888
17.6764
1.91755
18.9708
1.07017
16.0569
2.93445
6.097
6.59471
1.1773
13.9346
8.88775
6.35249
2.32031
1.27183
4.34396
6.95548
10.481
16.1625
9.31733
3.76722
2.21457
5.48111
14.9574
8.69796
16.8418
8.06916
3.28569
17.674
3.13371
7.67558
16.1371
8.72847
8.72631
7.46039
3.79613
16.9923
10.0305
18.2753
9.17803
16.2542
0.254374
11.4052
0.537004
6.56748
2.16605
19.6091
0.365452
