1.47331
8.28528
2.39552
10.2395
8.66248
2.19509
0.135857
18.3813
7.26612
8.23169
19.2727
9.12369
4.96234
19.0898
1.14806
11.1509
11.2136
14.9171
16.8458
6.97044
5.45278
19.6647
12.0718
15.0746
8.48108
17.6165
10.3257
18.6729
16.7523
13.198
16.1127
13.8932
17.825
17.4137
6.38398
4.10062
9.76986
18.0917
7.73372
0.567243
4.32655
2.78878
13.4991
14.326
8.90362
2.79303
10.6178
8.05751
4.65726
12.7242
4.97669
13.839
9.22967
2.64991
0.057267
7.68793
8.02891
0.115844
5.30458
6.23592
11.1253
12.1591
13.6751
5.75043
16.7147
19.7744
1.00043
5.23493
15.7574
10.9321
14.0609
2.91669
6.67848
3.42573
7.3656
2.86443
2.70108
15.9674
0.942409
1.68987
3.06339
2.33601
1.294
13.4003
14.1714
15.599
18.6435
10.7516
2.7177
4.56626
15.7143
5.19737
0.369353
4.47687
6.65596
19.8006
17.7483
4.71186
3.79576
7.6835
9.98777
11.0458
1.70307
1.24545
3.78524
3.40453
16.3216
14.4872
2.24997
5.12193
11.8166
19.1671
4.36893
5.8804
17.0835
9.16019
13.8985
11.7738
12.899
6.69698
2.92634
13.5411
18.1986
11.1845
1.63076
2.89247
2.87209
19.6251
14.2463
0.994748
0.876275
10.0717
5.80408
15.6025
13.1939
16.7128
2.02181
10.1197
14.5432
12.392
8.89409
8.35135
13.6339
14.0741
1.20263
3.98863
11.906
16.5677
13.443
5.22294
19.0077
9.55387
11.4484
7.4115
0.297032
5.30308
2.11083
2.0635
6.68762
6.30362
3.80707
15.2079
11.0415
16.153
2.20204
2.38997
11.8098
18.4948
15.1604
8.45764
2.11982
7.46289
17.3693
14.3165
1.02083
16.417
14.3332
4.74229
6.24445
9.82964
16.7943
19.5437
15.9954
4.78324
7.20998
1.1138
4.72249
18.4045
18.548
0.517072
0.581571
11.6827
0.219755
13.0032
7.06685
7.81915
17.0742
14.2715
6.99636
6.11771
19.3502
0.795659
9.8131
9.26129
19.849
16.2884
6.17695
6.18308
2.81637
1.89246
2.76008
13.3957
3.71502
4.35188
9.82579
9.81036
6.77822
9.92483
15.8863
2.296
16.5271
18.0671
17.8318
15.7928
6.3169
7.87919
1.33183
6.21869
0.532323
13.0965
13.3373
4.36003
18.8151
18.6615
10.3728
10.9028
7.02417
6.33187
16.0405
16.609
7.86559
9.41766
6.12316
9.73259
13.5603
9.17354
0.798917
5.98855
10.7443
3.0789
5.04077
9.28142
17.5075
6.73296
2.37715
9.31995
13.0631
3.96262
2.79582
2.2441
8.10786
12.7997
0.0526029
10.5065
11.9772
14.9277
10.3693
17.6019
13.6182
9.86898
13.3189
15.0875
12.2327
18.0982
15.621
19.499
11.0932
5.49534
13.4417
6.12857
3.59612
14.6391
13.9211
3.02535
1.1661
7.9289
2.54863
3.27553
3.37137
8.94452
1.35227
2.18519
2.3472
13.4023
7.96694
4.96009
7.18922
10.4307
16.2997
12.0188
9.66106
12.4473
4.0515
9.44255
3.90628
18.7056
14.8792
0.0386771
17.6168
8.84142
19.7053
0.816444
0.115132
7.6415
8.67622
12.4302
8.08315
9.94667
2.47934
3.0741
9.1146
18.9023
2.80356
10.6781
16.0955
5.72816
1.07517
7.61686
1.52715
0.734422
19.8233
3.72638
14.8334
13.1031
17.7965
9.08882
19.6433
16.1456
9.03936
3.50318
1.49168
8.93562
8.44726
14.7524
14.3789
0.787275
16.1906
1.02776
0.181648
11.8028
5.49777
10.1954
5.3443
13.9921
11.6417
3.27443
18.8667
4.04255
11.0059
19.5714
0.50585
1.81027
10.2316
19.8822
19.5203
19.6097
6.17163
11.2874
1.442
0.0893856
15.4966
1.93244
12.2185
3.42836
10.3615
1.17855
8.27309
12.899
0.681227
0.951231
2.80428
17.6104
11.9599
14.8526
1.5197
17.6826
13.3412
19.0373
3.55424
11.6761
17.8996
4.94457
15.1379
4.71964
5.12254
1.1576
6.65391
8.55256
16.0733
8.58987
8.4901
4.63166
7.84509
9.33111
13.8675
19.4003
8.33722
14.5897
12.0965
0.0477724
8.01104
18.3503
14.7882
2.70641
10.9352
5.81687
