7.69387
2.08829
8.77457
7.62416
16.3761
0.829224
4.9816
6.90521
8.2777
2.3546
7.63202
10.6515
6.39794
9.41787
4.607
15.511
4.68935
4.80349
13.9955
2.83585
9.60656
19.1478
10.3915
11.4562
19.3174
5.45639
10.209
9.41095
19.9522
9.89177
16.2179
10.5538
0.946815
18.9311
5.51917
1.33335
17.3158
5.16157
12.8943
15.8574
4.7505
2.42481
10.7638
19.5617
1.449
10.8781
18.0718
2.55141
14.1698
19.0214
10.2288
6.30591
5.11532
3.75904
3.87215
4.91648
16.6916
15.0218
5.0446
19.7216
8.0426
8.80249
16.3265
3.39297
7.31375
16.1976
11.4592
5.45855
13.6774
5.19166
3.53428
0.00274952
18.8389
15.6163
1.01534
0.417199
8.66123
18.7452
7.68589
10.3397
4.34936
14.4423
6.00958
7.9264
2.45359
8.23079
6.02405
15.1754
9.81719
8.00222
7.26874
2.09332
19.0821
16.1643
17.6804
4.81553
2.17198
0.385477
2.15179
13.793
9.11506
10.7411
5.76881
0.267207
12.7528
0.333502
12.6741
17.3445
0.107481
10.7383
17.007
4.77679
12.2062
18.3626
12.1219
2.85541
8.82819
4.4205
15.4246
4.90118
9.76141
6.1116
13.9546
16.5451
9.9567
8.389
11.6109
1.62276
18.6765
14.0334
9.10549
9.82686
19.5037
12.318
0.868093
5.47454
16.9529
11.9287
16.4747
4.28835
15.7817
14.1965
13.647
4.24617
15.9706
4.17425
17.3309
17.9302
15.5077
18.5045
5.82544
5.84312
3.27356
0.553069
19.9327
0.643876
1.35685
6.64237
9.28735
12.7072
8.23866
7.98302
19.4189
16.5755
11.2415
13.6572
4.39925
4.23594
12.7341
12.6047
13.5637
2.20407
2.14526
0.679982
16.6821
8.3191
3.40386
0.553078
13.3734
11.0792
7.87874
13.5039
0.172573
18.9433
0.582139
1.53325
7.73188
10.7549
0.386973
4.24294
10.1115
11.9176
17.984
10.1656
14.3371
16.8725
9.84983
4.6391
1.75858
13.5158
18.1189
4.4609
14.9626
16.1869
0.172987
12.892
17.728
19.8535
2.03927
9.18668
19.1019
18.7451
9.98175
7.54262
10.6258
15.0829
5.2055
12.6962
8.05838
10.9733
16.5316
6.5971
16.2001
3.22973
3.01582
6.69658
11.551
2.66303
18.138
19.2256
3.88684
17.6976
14.0189
6.17744
7.8673
10.0912
6.27411
6.99911
4.88824
7.69999
17.5954
6.51039
17.3169
15.4434
16.8136
12.1479
2.47965
8.14707
19.8277
15.503
2.01448
0.9301
4.92142
9.27753
17.4566
3.68949
8.17931
16.7286
18.2477
14.2913
5.12825
6.45645
10.7989
7.62661
7.69901
11.2064
5.79675
19.8827
4.18219
10.8212
11.3942
15.4124
8.53475
11.3041
7.71887
8.36399
14.0362
8.69978
9.74666
11.9626
1.07426
6.21632
12.4117
14.8909
3.52507
10.592
0.97625
1.76187
10.4086
3.6135
2.8639
16.7254
11.7145
0.395695
1.35322
1.80878
7.1216
16.852
11.3748
10.3925
14.8499
16.882
8.73241
12.5457
5.42329
12.851
4.54092
8.73273
16.2685
13.3615
8.66758
6.22725
7.98646
1.49143
2.09431
13.7012
10.0745
9.55549
16.9495
10.0518
9.23678
8.60683
4.26797
11.1024
0.596623
6.74617
10.0985
16.9779
7.17729
4.59524
1.05783
17.1083
17.8184
0.999608
4.90205
6.26157
17.2205
5.6893
5.74697
13.0506
3.50222
2.84458
1.05951
16.6759
4.4121
18.1807
7.6077
3.16765
14.8816
4.89447
4.64339
2.59015
12.6382
17.8506
3.33822
5.92308
13.3293
4.67043
5.54037
6.68624
1.4247
4.07956
8.01069
7.22239
17.9637
7.78144
8.11414
9.70474
14.9898
4.11067
1.49359
16.8675
0.0305376
11.1357
12.9276
2.66416
8.00826
5.95592
1.07138
4.78432
15.3208
9.46602
18.7775
1.26529
16.8561
2.20946
17.9394
10.4753
5.00122
14.2743
10.6777
15.8891
11.0545
3.50866
17.6579
4.1287
1.88675
1.94568
14.7527
1.8247
6.09484
10.011
9.31541
10.5532
4.06816
12.1919
11.1121
6.96444
14.8143
10.9113
2.37679
4.82206
13.3807
9.41322
9.83066
12.249
8.13721
7.90851
0.149989
12.0565
16.6629
3.5881
10.7841
9.13949
11.7232
14.4285
17.5701
19.0936
17.8366
11.0698
8.3642
8.9348
3.2509
17.9349
11.9588
0.447621
5.45856
4.7467
12.959
15.8473
7.96357
4.62768
12.6005
3.88887
8.34311
6.15936
9.70585
14.9897
16.2082
16.7719
16.0159
13.5732
2.20113
12.6483
15.1581
14.174
1.13361
18.7524
5.31969
15.8908
10.8752
8.90025
2.47417
6.70452
15.5062
3.16933
8.37777
13.2448
14.6315
0.433192
15.8769
5.6607
7.05509
9.48133
17.8692
17.8879
8.236
12.1127
17.218
18.9081
11.4764
1.59318
10.1881
14.1616
19.6456
17.5159
11.7887
6.31578
7.53563
7.79694
1.33322
5.37237
17.3754
5.34947
2.09768
16.5323
4.7527
5.98052
2.36517
2.42642
15.9666
17.5856
15.5956
12.0977
0.471025
7.99109
19.4293
13.7423
4.9755
9.6248
4.33998
7.69277
11.703
14.589
19.2165
6.14056
12.9105
6.13512
4.81697
15.7718
13.5328
7.05589
1.25184
13.4036
1.68898
19.7321
11.2437
0.0092686
7.99174
9.93071
0.188564
8.12727
17.7009
13.407
14.8384
12.2043
3.13042
18.8507
19.1149
0.191486
14.9047
19.0475
16.1576
6.686
6.32825
11.3052
6.09209
2.98076
18.627
17.4984
10.1601
9.89731
5.66264
14.7882
12.4494
17.7769
0.0735108
9.42597
5.70884
14.6798
17.784
6.69612
18.319
12.8919
5.30244
1.36143
7.6407
9.89732
8.16276
10.1061
18.4955
10.1589
9.12068
0.933851
17.2516
0.886948
15.5258
10.7298
6.48344
10.08
8.16404
11.8004
14.7675
18.8756
6.36599
12.6785
15.3183
8.42403
11.4221
8.20325
14.2714
17.0134
13.2473
8.92226
4.62218
9.90454
3.4122
8.45595
1.34745
3.56281
15.3722
3.51803
19.6349
5.7386
7.79698
3.00606
6.02451
6.54199
14.8678
16.1966
18.3764
3.38056
5.39227
9.38908
11.1481
8.75042
18.2397
3.73708
14.4842
10.2595
11.445
12.2666
1.78521
8.82014
16.2002
13.5138
8.36099
12.9091
3.54646
10.2138
19.1676
6.19603
15.9771
3.46063
14.9455
14.8945
7.81301
15.6704
16.3321
4.15876
19.1822
9.52451
1.19222
14.0911
2.25908
7.33919
16.2442
1.98876
0.22118
18.4961
14.6506
15.3432
17.1369
8.88701
14.0369
0.0527496
3.51705
14.3881
9.75464
12.7964
5.52692
14.5849
19.8192
12.4566
1.58062
17.1186
2.97374
10.57
5.05316
11.59
17.1769
12.0372
12.2098
0.273357
18.0155
16.837
4.3031
15.9292
19.0427
4.54651
19.3639
19.5051
6.74676
3.02468
19.1248
15.9179
2.4086
2.29241
19.9241
10.2917
13.9811
6.20534
7.77466
0.200402
16.9577
9.06011
2.46545
7.7916
10.3258
13.2879
16.9325
16.9799
2.45955
16.0981
0.796414
19.886
11.6632
7.02306
19.2331
5.86912
13.9097
8.78391
6.05312
17.1594
9.91118
2.96635
15.2286
18.819
17.1029
15.7222
19.4117
2.9773
1.07563
0.432935
2.25743
1.73948
2.81322
6.23117
14.9891
14.9842
1.50076
2.85251
5.95639
12.4014
4.74002
14.1603
3.41781
8.68869
9.79156
16.7043
18.1991
17.2237
0.365747
10.6496
9.74462
6.62558
6.62664
12.2212
6.56304
5.87672
1.55121
18.0858
3.01626
19.0409
12.8319
18.1373
17.7101
19.3791
19.9295
2.11547
1.9529
12.0293
12.5945
14.1991
10.5247
1.89229
8.92425
13.558
12.56
7.68726
15.7358
8.52644
6.55107
1.29563
14.9264
9.96615
15.1757
16.4505
12.9354
8.07746
5.42589
6.28149
18.6234
5.29696
1.72707
19.0994
8.1108
18.9493
14.9167
11.7483
4.88826
3.31693
14.9718
11.8446
3.6417
3.39813
19.7514
7.48352
8.8314
9.0612
3.33185
4.95744
19.3705
13.9099
18.8462
10.8524
0.774887
9.01648
18.9989
12.0236
11.8879
4.71935
2.51948
9.55484
12.8593
9.55909
15.5186
5.05211
1.5123
6.45834
1.77147
3.7905
14.0708
9.13715
5.36549
10.3589
4.6107
4.57682
11.1105
15.1383
14.9399
7.31744
18.7448
13.0068
18.619
10.4984
9.06035
14.1403
7.66843
19.0534
16.9369
11.139
1.08738
15.3656
5.93949
3.46528
9.68201
8.36574
8.59046
12.106
19.1365
0.593257
7.02866
9.68337
15.338
7.5774
17.1725
11.9702
11.0116
13.9434
7.21547
1.89242
3.03756
5.35325
19.1657
12.5822
11.2375
13.9701
9.31653
14.5915
8.18618
9.43914
3.87549
18.9003
2.5714
19.328
15.6746
11.7191
4.4633
4.516
4.74839
3.8641
17.9706
9.69099
5.14329
14.5962
7.88981
6.69311
16.5511
1.96811
0.921653
1.11781
3.51744
14.7036
15.5039
1.02404
18.6987
1.0805
8.46039
14.0024
10.22
14.6402
13.8923
12.1398
7.1713
19.2926
3.18937
0.408949
6.82774
15.5269
5.37949
18.9993
16.2599
7.81162
10.8201
6.04934
10.0209
8.45481
0.455806
1.06495
3.76675
13.4156
13.7862
16.5126
0.169954
16.0753
13.5216
1.23556
3.2692
13.6557
7.68302
2.14913
0.97073
17.8105
10.9974
2.22716
9.0775
17.1932
10.4196
8.06944
19.7216
5.86037
3.63204
9.10433
17.8554
13.714
0.616165
0.0981732
13.7002
2.23017
8.88077
10.0826
12.3716
18.1884
13.1946
18.0154
1.02193
17.3295
16.0523
8.24687
1.05673
15.6045
10.0307
16.4774
12.0449
13.3182
16.3978
9.93243
13.6401
9.72632
8.2016
7.2055
17.7302
18.6523
11.3613
18.0938
8.95234
12.8428
18.1408
9.83798
10.8291
13.8265
2.51617
18.478
14.8992
7.66877
13.6373
10.6547
12.4633
1.67759
4.1989
14.0456
5.01078
1.39591
12.684
6.56287
15.0515
6.05582
4.73423
3.67066
8.7346
14.9637
6.97534
3.76433
17.7152
6.80132
12.0711
3.98168
17.0242
11.2447
8.58906
2.97673
11.1416
17.8046
18.5866
12.3513
8.63724
5.62524
1.34458
6.16111
1.06967
8.2362
0.298634
8.38775
9.13598
10.5462
8.16683
9.00561
2.72694
15.5789
18.2775
0.937295
9.49679
9.58539
3.84154
10.1273
13.6752
14.0267
11.6944
8.20823
19.3828
8.13131
17.4544
3.90304
1.66911
18.1234
10.4841
5.3529
12.0895
9.72617
15.8348
2.48421
1.40245
14.8894
11.1158
14.967
13.346
16.8523
12.823
17.4755
6.14976
0.436614
5.37077
9.98962
6.52034
4.83194
19.5196
4.73972
5.80113
7.10859
0.649329
6.31652
18.8902
2.30803
12.9798
12.1046
9.69188
19.5432
3.87108
18.986
14.0848
11.8322
19.5964
7.17322
11.3249
4.44703
1.19293
16.8383
2.68548
9.66509
5.91715
6.67621
8.32196
0.173101
18.1205
5.49346
15.4534
12.5202
8.03997
10.1823
7.62487
2.32136
2.94453
9.23267
1.99614
11.0471
15.4302
17.7837
14.2758
13.004
6.21842
16.5322
4.65655
12.3625
19.7087
11.2236
19.4407
0.911499
5.65879
8.81614
0.332872
17.1435
0.0690818
9.67257
6.19767
15.7385
8.21775
10.5301
9.21963
0.595318
5.74777
18.291
9.9229
18.4666
15.3214
9.46557
19.8252
0.23194
14.0379
7.28224
4.20381
5.45938
11.8115
19.225
16.3139
0.00385639
13.1934
8.97777
11.6137
2.2598
7.93827
0.304312
19.9252
6.31149
13.5987
15.7608
14.8219
14.4054
9.81652
17.4129
18.0341
10.5728
5.41671
15.571
5.07923
19.7789
8.52399
13.8171
8.59755
4.41677
6.23761
17.6807
1.10472
5.96944
19.1423
19.3397
10.0031
11.8536
8.03915
4.70765
4.68161
7.10766
6.01198
17.1974
3.40192
1.1149
10.4706
1.77229
18.4531
15.2494
3.95156
12.3654
6.29395
6.66935
11.3853
15.8651
11.3792
1.89641
11.2348
15.2658
15.8458
10.0018
3.97246
4.54361
10.0809
5.46954
8.25154
7.33281
7.00028
18.4629
2.83313
10.1363
6.0929
13.4733
12.5116
8.76245
17.3864
1.15475
0.228095
11.5684
15.5223
0.816688
17.7767
17.4451
5.47173
6.3711
18.9779
12.4259
14.4243
10.8635
3.55357
3.10967
19.9036
11.8852
14.3935
13.2684
1.24437
2.49461
17.665
0.362041
15.8965
18.1204
14.9693
0.865252
3.11606
7.63268
12.0975
13.1547
11.0685
14.4185
12.7159
17.6142
6.48239
18.9439
18.2486
12.9306
15.2188
4.74262
7.63597
17.7356
18.505
14.8701
17.9477
8.03912
18.7456
11.8911
5.61789
1.69047
10.6104
15.431
9.69823
13.6912
16.037
19.0803
11.3628
5.4154
8.2819
15.4647
9.88896
1.98878
15.2881
2.97976
4.23134
9.58973
8.32474
7.77085
17.6983
17.3572
9.59554
14.9035
1.36509
7.10436
8.71331
4.56181
9.08532
19.5717
13.5957
6.97915
15.0639
18.2644
18.9086
10.4664
0.8857
7.33888
4.94423
17.9811
5.28946
11.737
0.610518
19.0334
6.26597
13.7896
4.53118
19.9265
4.72056
5.1002
16.0674
15.3128
9.65354
1.03422
1.20987
11.1634
4.96215
14.94
5.77672
2.44939
8.95883
14.4171
0.00121177
14.8064
14.3222
4.05002
5.63557
19.0386
9.12258
11.1574
9.5476
1.24319
15.3064
12.1729
8.38586
0.465122
3.77726
0.729523
7.12996
13.9857
2.10869
3.09894
16.8262
7.13576
12.957
10.4509
19.9803
7.93492
8.21567
12.6756
11.9278
3.01884
17.6755
8.19136
17.1167
16.043
18.5951
2.64769
15.4461
1.90031
16.824
16.5999
0.542537
18.7115
8.0168
18.1743
10.9711
19.2849
10.6708
7.89826
7.56133
18.1178
7.97747
4.53182
9.49142
10.4423
13.4464
14.3759
9.46706
6.78126
1.20418
3.73842
14.8498
12.8326
5.72614
6.59174
14.7784
5.92995
8.12703
8.80153
16.6914
9.8326
7.12286
6.84311
13.0854
11.6901
2.80658
16.5622
6.98493
9.03853
4.17673
17.1379
7.30097
14.8368
10.5576
17.4746
12.1991
3.50374
9.0936
15.664
4.71126
9.21197
1.53175
12.8841
7.65071
14.4334
0.123159
0.41113
9.70174
11.6931
1.33965
10.9002
13.1697
15.8846
8.94195
14.7849
5.67545
19.1269
16.7578
15.395
15.3877
11.8441
6.37296
2.91496
14.8828
4.26554
15.2095
1.69299
11.2334
11.996
0.0488123
1.74235
16.1802
8.81108
7.11634
9.28959
18.758
6.57763
7.81243
11.8558
10.4709
15.4658
16.6014
18.6151
17.525
0.29
7.08068
1.27091
12.4748
4.18944
17.1651
12.0377
6.09521
19.9419
10.1779
5.95827
8.87688
16.2146
4.55253
18.0796
1.75234
12.0341
2.03752
19.1493
7.77539
9.35646
15.6194
7.4306
3.41799
2.30844
19.4814
18.5794
4.81077
10.6805
16.3044
3.7524
8.28156
4.02013
15.3774
9.33959
13.1486
2.36468
1.06314
11.5274
16.0964
3.83666
17.1623
12.7001
17.2068
18.2212
3.82426
7.78451
13.2754
8.37916
3.16563
2.12354
14.3068
9.72402
11.2129
13.3815
14.284
1.71914
17.5234
7.55168
12.8694
2.79665
4.51105
1.67524
8.97508
4.94163
13.6989
4.05978
2.93361
8.79708
7.43901
3.28494
9.87243
12.55
11.8374
18.416
19.5332
14.2782
9.99313
5.85264
10.22
3.66813
0.647315
6.5431
14.988
2.47165
13.989
16.7167
14.5867
10.1012
1.44757
0.408754
18.8849
16.0408
15.036
15.4958
13.473
17.4689
6.31308
5.67595
13.6583
17.8192
11.2771
11.9622
2.4183
18.6946
9.42828
16.3755
5.26506
9.915
16.6717
5.91163
11.3669
10.6037
11.6635
4.95687
12.2908
11.2442
1.37279
11.8212
19.703
13.142
17.6962
11.8617
16.0055
11.6783
1.4869
3.75639
16.9565
0.773122
6.91196
2.07975
0.714268
19.3961
17.3162
4.058
0.0964904
7.06951
7.50066
17.4422
18.8581
8.69053
12.0453
8.31944
18.5008
14.9478
3.83725
5.92934
7.10045
14.8007
9.28374
5.83884
12.213
6.44654
12.1731
14.9285
6.22144
13.0219
14.6063
1.6272
13.3915
12.4996
1.10053
16.7634
11.5175
7.05711
8.45778
6.07398
8.36059
11.7294
8.63061
13.2625
10.4651
4.8486
8.09479
18.6175
11.6025
10.6052
7.99695
17.3395
18.8279
10.0363
9.51905
6.285
6.70265
11.2156
6.116
2.93482
4.90226
13.9649
5.79348
10.3583
5.90963
5.65958
1.65701
18.6194
0.387242
9.08391
14.7083
11.9269
13.1469
14.212
9.99483
12.6345
12.4102
8.41939
13.1693
15.1529
1.39682
4.54584
12.0715
6.98755
19.148
13.7086
11.1169
12.824
2.07062
16.0306
12.9369
3.28501
10.8666
1.33781
10.5174
14.2522
1.56857
14.929
6.69117
8.22234
12.721
12.798
14.8519
14.3523
16.1871
17.8579
17.1873
11.5195
13.5835
0.734534
10.6321
0.297612
17.1676
0.501436
9.54103
10.3546
17.4866
4.30215
8.89271
6.28089
3.82082
17.116
15.6185
12.2677
15.5481
15.5059
13.6051
9.89201
8.45036
11.0034
18.4732
3.3927
1.66985
8.49641
13.3746
9.33889
9.74918
10.1809
19.857
2.69447
2.12987
13.8974
1.8262
7.09737
17.2329
14.5083
8.69916
16.3156
3.0288
11.883
1.86514
16.7841
12.9702
16.6694
3.79757
4.06197
2.81074
7.21815
3.40134
3.52243
12.1958
16.4511
7.94672
19.3798
3.70021
18.4741
6.69446
8.56359
1.43367
6.06762
16.627
17.7242
5.28768
5.7247
19.9801
9.57868
9.20009
11.5667
6.68903
14.2054
15.1728
2.64462
13.3413
0.545522
10.7382
2.85191
4.46581
3.78113
2.70464
2.11117
4.57091
7.35395
15.2624
0.986491
17.6346
14.8218
18.2398
11.6014
14.7316
3.49452
15.1564
4.14228
14.3206
6.61744
15.9724
3.22355
9.29237
9.98053
17.1488
13.1846
12.3643
12.1585
8.42657
4.25593
8.51964
4.77934
5.93973
17.093
6.75526
4.12957
2.14635
15.391
5.2429
13.1434
0.828165
12.2694
11.451
2.55906
4.57593
19.4194
18.9264
14.4235
4.93643
11.424
5.42589
1.58883
0.416746
6.46231
16.2997
6.58982
2.90726
3.338
10.7571
0.800893
9.41888
8.84115
7.74745
12.5738
11.7548
1.84545
14.8981
4.5618
16.1309
15.4744
6.97504
12.8663
6.84303
18.3474
12.7415
5.98248
3.99706
15.4119
17.6943
6.19337
11.6169
10.9967
5.38129
7.87478
8.38934
19.4789
4.16859
1.46589
7.65209
14.2838
12.0453
1.85826
2.46561
13.0526
3.35049
10.2774
12.5808
15.7066
1.61
5.8612
2.72703
4.06167
5.90053
5.94298
10.2648
9.00634
7.8175
8.61801
10.977
16.2517
6.86427
0.808281
11.7842
10.2911
16.988
11.2093
4.71528
2.11166
1.79358
1.5111
13.827
4.38073
8.94025
16.3302
6.63872
18.5405
11.5595
17.8721
18.9599
18.4266
1.99518
11.4113
7.86959
18.5102
4.3992
2.95165
3.03035
7.27429
7.06775
0.909365
19.4231
4.66882
8.73151
1.57939
14.7304
4.89958
17.2592
0.4783
10.1259
4.01431
5.86597
5.07417
5.16427
19.996
5.02177
7.75799
13.5759
12.8188
10.9403
1.3447
19.4134
11.3845
8.70567
4.75581
3.20323
15.5968
6.47699
16.9349
15.1116
9.15577
2.93023
11.2125
18.7437
2.84001
5.94783
10.5755
15.6859
15.7679
14.1362
14.2975
5.35558
0.480428
10.0232
6.80314
7.40225
1.43468
16.9328
4.09321
5.16949
15.4576
1.48266
17.6318
14.6393
0.850857
12.0997
18.295
15.6879
2.05229
3.5479
3.572
19.5515
8.938
16.9226
8.91436
16.6233
9.10299
9.47164
5.55426
13.1451
17.8234
5.99961
16.5558
19.9836
17.2474
16.9382
6.77876
15.0607
17.8847
2.1758
6.31026
3.85372
16.4212
10.6209
13.6804
3.55644
2.53837
17.3771
6.82885
19.3879
3.49427
15.5049
6.98608
4.84729
18.3917
10.6784
19.1439
5.36365
0.848946
16.1681
3.55233
12.2474
6.35048
0.889335
10.7888
17.8663
0.242318
11.4202
14.7178
17.1777
12.1764
11.3979
17.3374
5.4266
17.8353
15.735
9.79963
17.1111
11.8383
10.5511
11.8379
10.8685
13.6052
16.0485
18.0768
6.94346
2.02697
10.5266
9.08005
2.71988
16.6044
2.23181
2.96554
0.486966
18.5658
16.7287
9.9758
4.86992
14.8629
16.7098
0.981991
6.08937
17.3113
13.0714
1.91973
3.19661
0.153936
10.0294
0.601317
14.0532
12.4991
16.0846
2.88501
19.0999
11.7223
4.76545
13.5275
8.48638
1.52992
7.93542
6.13015
5.05826
3.96929
0.674187
5.32597
7.70476
12.8369
11.8224
8.95441
11.506
14.8589
8.9274
5.52685
8.81627
6.77117
5.48452
18.744
0.123763
3.42221
6.41877
1.43705
5.74837
3.03473
18.6126
12.1511
13.145
18.4901
14.5776
17.1854
12.9648
12.3925
10.1989
2.36998
13.9702
5.78767
16.0843
12.0586
18.7739
15.5773
18.7891
5.19109
14.5915
4.02741
16.7677
3.44052
17.4296
19.5679
13.8627
9.45279
16.6015
3.98796
12.6294
7.27946
2.21521
15.4371
19.3184
9.7466
15.4719
14.6332
18.6933
11.9969
16.09
6.59901
1.01279
0.0581003
3.04309
17.1082
7.34111
1.21371
16.111
2.74559
19.579
10.8706
1.64907
3.64164
2.2239
13.2695
10.4278
2.78034
7.03705
10.777
2.30481
7.42819
10.8744
1.65464
0.932385
14.661
6.96145
2.9239
5.72662
7.39025
5.25657
6.3174
1.86583
11.8786
18.5365
6.34044
3.62278
3.40558
15.3494
11.8576
5.40701
0.40551
15.7996
19.2774
7.07041
9.2623
11.9168
8.90024
14.3542
15.2403
9.989
3.62286
19.8239
6.56931
15.4861
2.36099
1.58711
3.89148
8.10094
6.44111
7.07519
6.75659
9.55561
1.54297
9.85249
9.39644
6.57812
16.3113
1.72251
6.48006
15.6185
13.7209
13.6165
2.37994
6.4376
14.0662
2.50715
1.90023
4.4676
2.38912
4.71948
13.3649
19.6006
14.7134
10.2529
8.11915
6.20601
19.3652
9.13785
9.64585
12.1151
15.3848
9.45079
11.2064
4.46053
12.4132
15.7312
1.79425
9.46935
5.68996
12.1441
8.99108
1.75471
16.3732
7.85336
14.602
2.22548
16.4021
4.25742
2.89536
7.72463
9.98842
5.30817
0.0891243
14.0317
11.1716
8.83341
19.6264
10.6067
14.4371
0.301807
8.81276
9.39097
3.43004
3.79082
14.4984
19.7678
0.0102476
11.5375
9.60426
19.7581
16.7679
15.5535
13.2299
15.6829
7.41
0.272313
9.02878
19.1286
16.7616
14.4549
10.7846
14.5011
17.564
17.0365
15.282
8.82249
8.2102
16.5501
15.2205
3.95796
7.52878
11.4165
12.6802
5.36457
12.9197
18.1994
14.667
17.3928
19.3668
6.08349
9.79692
9.18024
8.04945
8.558
3.07314
19.563
5.62308
19.2242
3.48715
15.8224
16.8106
4.32033
0.0367738
9.17865
17.5767
19.4393
13.3125
4.29324
16.8546
17.6761
14.3706
14.0513
11.1179
5.71415
17.57
16.3395
0.171076
8.39569
3.27854
18.8764
9.87168
7.21279
8.98811
0.872279
8.11439
10.0615
7.74655
2.77797
4.89372
6.51098
9.89676
15.7895
19.6133
5.88359
12.9816
14.3467
16.5981
2.8209
7.65706
3.25971
7.16558
12.1651
11.0864
15.7871
4.12597
1.23445
18.1378
3.46914
12.3491
7.45358
19.8253
2.61298
5.5522
15.0483
5.82352
10.58
9.47433
13.9566
0.605576
0.300476
2.39854
2.17605
12.9989
0.254082
6.75314
16.0369
15.6083
8.98224
14.7754
11.7608
3.71374
0.285051
2.19282
18.482
16.1396
15.7098
7.3052
13.4624
12.444
7.99991
17.2087
2.33136
8.36032
1.67789
0.843304
15.3296
15.0148
13.6338
15.4107
9.2933
7.41912
7.81717
4.20647
7.09246
10.9314
13.5448
18.5959
5.91708
11.2968
9.55965
19.1578
7.9805
12.0477
7.34716
0.137778
8.70026
15.8519
9.0767
16.495
17.1514
18.5755
3.12573
9.55937
4.84663
14.0387
5.31049
0.970223
13.9463
2.53323
1.78586
2.0064
17.8346
14.9515
18.2867
9.2132
5.7088
15.1323
8.5365
19.6971
1.76252
5.6458
2.03113
3.82268
6.86907
7.29398
1.83529
15.302
8.10252
3.40599
15.1664
12.1066
5.50038
16.4456
19.7982
19.3775
3.99527
17.8603
7.98665
6.49133
2.52054
11.4471
14.1094
15.4454
13.638
10.7356
1.13588
14.3679
7.55979
3.42102
7.02657
8.90684
2.92375
3.66975
15.684
3.9985
15.2649
0.511411
13.2833
4.66033
12.3345
5.60316
8.85362
6.53658
10.7467
3.91962
13.8818
1.78092
6.39751
11.9922
16.7676
14.7028
16.6179
11.3118
14.4426
8.54107
15.8369
6.848
7.94326
10.2041
6.51161
14.4433
18.8345
9.61349
12.9278
2.04938
10.0543
19.5961
12.4232
17.0154
9.5019
5.556
19.1068
8.36259
5.68501
19.8582
16.0147
2.78051
14.6047
17.9664
18.7509
2.30717
12.6182
15.6832
5.16631
18.9231
8.65414
18.5582
5.64195
0.929767
10.2151
18.5595
19.5305
13.7164
0.96814
7.15852
10.9642
5.87922
1.69114
8.25945
2.6697
17.3857
4.66941
11.9635
1.94301
15.3801
15.4524
8.10366
12.9317
7.35275
14.0255
5.87096
4.99605
1.73778
11.1653
8.21541
5.27535
1.63032
12.5201
1.49615
1.50579
9.63797
16.9154
12.7603
8.02997
18.6055
2.56191
5.91037
12.7875
11.0528
17.6478
9.98736
4.98185
14.2155
2.49206
0.176398
