18.7434
16.4371
17.0762
5.82001
13.4731
6.07238
12.6482
15.6761
7.65294
14.3778
3.95152
2.42303
5.95364
13.4073
0.494102
8.83308
10.609
6.2524
15.5599
4.76188
1.49285
15.4079
19.5781
12.2725
2.30498
14.5008
2.51731
3.27553
1.79308
9.76032
1.85306
16.535
1.97481
2.89511
1.47302
1.11165
0.702113
1.21822
8.20286
8.58672
12.2669
14.0691
13.822
8.79104
4.09235
11.1086
4.44414
12.8453
0.591246
3.22163
8.39077
15.6006
3.95517
18.2647
10.937
19.6732
17.7364
12.0804
4.21457
14.8212
3.55934
15.1426
2.70125
8.20464
3.69872
14.9974
10.0684
2.41566
3.28284
9.0482
1.56189
12.8129
12.1258
7.07634
18.5915
1.14646
19.5496
6.34487
10.7445
1.70615
9.92543
3.81426
1.6794
5.48114
7.61414
14.0238
13.3734
9.07243
17.8996
19.5503
11.5909
4.20157
15.3776
10.742
16.4048
15.3212
4.37793
9.82895
19.6801
14.9462
12.0604
18.574
6.74929
14.6324
5.01385
12.7784
11.4044
8.28525
9.2352
2.70672
16.0034
6.07543
1.90789
4.03873
1.80686
12.4233
2.58057
0.0896053
5.06618
19.3772
19.2233
11.6657
18.5567
19.1729
4.40018
12.3561
6.27648
2.208
12.3798
3.3709
4.3152
9.02204
19.0098
4.96787
15.5986
19.0824
8.43472
9.02973
12.5118
4.4055
5.97762
8.83895
14.7409
3.63208
17.8776
8.53239
13.8073
