17.467
2.79468
10.6427
11.3976
17.5786
8.67139
8.91814
14.0268
18.6345
18.8788
14.6512
4.36767
15.6807
10.1567
17.1479
2.00373
5.8319
7.19159
1.33787
8.93559
13.2914
5.19268
10.837
11.2857
5.53165
5.36387
17.3115
3.11995
17.2023
17.6732
4.51089
4.71986
18.2678
13.7712
4.31359
7.41605
7.6987
7.87697
4.91128
2.65772
5.14628
8.35865
9.28862
11.8812
8.52542
2.52835
6.7583
10.3511
10.9455
18.8
5.34434
18.8127
18.6564
3.18745
18.1899
1.66476
5.16116
12.9162
11.5638
11.5909
16.928
19.6557
4.60556
4.74292
14.546
7.49824
2.25203
12.7066
11.584
9.14386
18.2127
10.5131
7.44806
6.29191
13.4752
17.6806
2.33132
13.4939
11.4779
11.1701
1.43102
5.11116
4.40045
9.49671
1.07683
13.9575
14.3981
17.1056
8.69484
3.88164
3.2917
16.0186
1.86712
16.2809
8.31698
12.2307
7.92041
11.7014
4.6104
12.4852
12.299
14.9166
19.7256
19.3382
7.60785
8.44328
14.2561
15.1437
11.9102
6.1041
16.5559
13.215
11.8379
17.7442
10.0622
18.3376
17.0254
12.479
17.0914
5.02784
2.22508
10.4453
15.0105
6.67606
11.4742
18.275
0.768828
12.3501
15.6214
12.9069
3.51953
4.35693
15.9437
10.3573
18.4898
17.483
19.4771
6.59624
18.0288
7.95155
6.09179
17.5505
12.5302
10.7287
9.64964
13.9112
3.57341
4.74351
19.4224
16.923
2.89341
11.0856
14.1659
3.2211
7.36959
3.73521
7.85372
17.1399
17.4966
12.6834
0.769531
0.523912
15.1969
15.0222
8.77417
8.86537
1.24661
5.59915
0.281887
5.34175
0.820869
2.08835
12.6605
16.3701
6.48716
12.6545
12.5731
0.712414
7.82951
15.3705
15.1805
9.06201
13.2266
6.38154
18.007
10.8983
9.72872
9.84989
14.588
1.73862
5.21972
6.85135
8.79034
14.4111
0.369587
10.1891
1.67573
18.681
5.55121
6.25615
14.1095
17.1008
6.55455
15.7453
19.6399
4.78134
0.878401
14.5177
13.1479
6.51113
1.78777
12.3978
4.24234
14.6992
1.61334
0.595264
16.1234
19.3064
6.69612
17.9418
8.22616
2.48008
0.468768
15.364
12.9938
2.76783
6.42665
5.2133
17.351
8.27775
17.9635
5.21845
1.78137
18.8013
16.6838
5.52337
15.8608
18.1643
17.3912
0.0743288
2.45228
0.524227
7.4978
7.74002
14.7667
10.3465
13.7872
19.9158
9.96539
9.30928
4.06456
8.7342
4.48457
11.8983
8.88909
4.48745
17.1073
16.5501
16.4174
11.4619
17.8928
0.637321
7.20676
14.2797
12.7153
18.0151
12.329
1.38728
14.9934
17.9576
16.9187
13.1932
13.1706
12.1271
14.4554
12.4838
8.70752
19.5022
8.33746
3.43757
16.7694
12.1687
1.79031
15.1809
19.1625
0.143068
2.5552
5.95274
0.699317
8.65463
2.81624
18.5762
19.0332
13.6744
16.7241
14.1423
18.0363
12.8938
13.4576
4.75275
14.9336
19.85
5.18675
16.7166
16.0461
19.519
1.97608
3.20204
5.33021
17.1317
12.4587
18.8543
11.4779
9.64189
3.16307
5.62984
11.662
1.24758
16.1601
6.6931
12.5169
7.39552
13.588
13.5346
14.6067
14.6828
12.4908
16.4898
11.7973
11.7406
1.54827
0.33616
6.05473
19.3104
15.1628
10.3032
6.96339
13.1437
8.85457
1.86571
2.3785
13.3508
5.33307
6.40994
13.8803
11.9249
11.857
15.5308
13.5673
4.70706
2.39297
3.1132
0.901777
15.1725
7.25841
9.85353
9.2042
2.18192
8.12617
8.39821
18.0609
0.28017
10.0878
4.40063
9.72367
1.46216
13.6399
2.78985
11.9123
17.9177
0.2608
4.84632
13.5349
13.1548
19.9161
10.3182
7.9811
13.4726
0.749974
2.59206
5.603
19.1577
2.29515
16.9482
16.6791
4.33921
3.19631
11.3675
9.7567
13.4061
4.50567
0.441242
3.18082
8.05592
16.0014
9.10849
9.42713
16.1825
14.9934
5.6475
2.43963
19.7425
15.4599
2.67824
11.9061
5.24646
6.1145
12.0841
1.35425
14.0685
0.335488
5.39535
3.72539
11.0012
6.79868
7.96461
1.23587
16.1867
6.45997
13.3805
17.2337
2.06601
7.52648
10.5824
1.10421
2.29792
15.8897
14.7726
19.7157
4.41588
19.3821
8.64211
11.0187
10.5232
3.69201
12.94
7.11093
16.8915
8.64769
15.6931
9.89166
2.07599
2.40229
0.49863
7.67899
19.4223
4.24848
8.99456
3.21111
2.69478
18.1483
12.6259
9.39887
5.24824
18.9417
5.56457
8.73415
10.1495
5.81449
11.8736
19.9697
16.8854
17.3034
14.9422
15.0342
1.28799
9.72227
15.3493
7.93965
4.95203
8.8499
6.8696
12.2247
9.81681
14.4067
3.60052
11.747
16.4
0.610237
11.8472
17.47
5.24888
17.8118
18.0913
4.32673
1.05638
5.84797
4.47076
16.5017
1.95207
8.86003
5.48719
1.86688
17.2228
15.5046
7.40481
7.77702
16.3828
1.8909
16.1649
8.52558
19.9485
6.98065
1.53314
10.3507
17.2062
7.86246
13.6899
17.4388
15.5212
13.9368
15.3086
3.93062
14.6654
13.7019
0.600585
16.0467
19.8371
14.3452
11.5556
11.7824
17.2317
3.75676
11.4358
7.89286
14.1166
18.2432
1.49917
2.06047
9.52846
10.8002
13.9908
8.7271
18.2391
11.6104
10.7691
8.93872
2.32744
17.6312
9.94902
13.7497
13.0106
14.3623
16.9199
17.058
8.27776
3.15022
15.9664
0.0857749
15.4008
12.5533
4.81824
4.3122
19.5519
15.4684
17.7523
2.87025
19.9355
12.4728
17.5865
2.91095
4.03556
12.0107
11.6904
12.5976
4.28896
1.39081
8.8424
11.359
7.87527
17.0998
9.9473
1.72422
16.5408
12.8163
6.05008
6.09481
1.97642
16.3221
14.7834
14.8919
14.7092
19.5743
5.89229
7.50267
6.63634
7.13097
8.3424
3.99002
16.5013
9.32592
16.8519
10.8178
16.4169
10.6542
9.88754
8.19122
5.56074
5.09809
2.6648
1.41948
16.4458
9.60106
15.2875
7.18539
3.69335
1.15016
2.88174
14.5642
14.1064
5.34729
19.8748
3.80196
11.8339
8.88366
7.55787
19.5126
8.07618
13.8472
16.9358
18.1918
18.7614
0.212266
0.251633
2.8197
3.97124
19.9785
12.952
1.02002
19.8787
4.68799
18.1994
8.86189
2.68514
18.5713
0.614532
4.83324
4.48501
18.0805
4.86098
11.5519
8.29782
13.9591
7.12937
14.5847
13.9307
10.957
11.9797
0.36109
9.6959
6.93094
13.2863
6.95328
15.9125
10.3311
9.75535
15.02
17.9421
8.13836
19.6755
6.56664
4.89225
0.458605
8.12824
9.70639
12.0071
8.59231
5.3205
2.87221
9.34389
6.20736
14.0823
2.81666
15.1942
9.59812
15.618
3.47607
1.5177
5.80045
1.48505
14.1038
14.1965
11.0259
8.81248
19.7066
11.8617
18.4733
14.0314
17.579
9.33492
17.9652
14.4616
4.15929
14.5496
18.2656
0.665543
14.2098
9.15596
1.29588
9.22667
19.4606
16.8722
4.81603
15.4282
14.6729
19.7023
16.8597
17.5094
10.4337
5.98322
14.2644
2.29047
3.46827
9.77049
12.6451
2.01355
5.66537
8.17351
18.4585
15.7597
11.7404
3.4799
19.8682
10.2761
11.3144
17.1874
9.89254
11.2238
1.03355
18.1472
8.95313
19.0083
19.7763
6.05349
19.9532
9.47322
0.679973
2.11462
10.8503
0.232409
14.7921
13.1576
19.7571
10.4411
19.0909
14.9856
8.64948
4.00195
8.35605
3.1739
12.5474
19.3044
15.3362
13.3263
0.0491518
17.4699
11.7659
17.7582
2.29967
0.0269427
16.428
10.1118
11.572
11.9046
16.4209
1.55045
1.34352
13.5351
10.1654
0.175075
12.4169
18.5692
8.94317
16.0869
5.2419
2.21053
7.55521
19.8349
18.0107
2.52364
8.78541
11.9523
18.623
11.8941
11.4456
5.29303
2.94287
10.7761
15.6197
3.66494
0.779386
5.72638
0.289716
0.465244
8.70568
15.8472
19.6174
18.8177
15.5462
14.4112
13.615
2.54479
11.7551
19.0512
11.5665
19.1441
6.47106
4.1576
0.152106
14.3648
12.5799
17.9883
17.7507
10.6233
11.3634
17.9628
1.73682
6.65601
6.84851
3.90405
5.24165
4.02903
15.5478
11.9951
15.6231
2.10906
15.1311
0.0246238
17.5489
15.0287
0.963226
13.6316
8.32076
18.3114
17.3778
7.63645
0.138599
6.82184
5.28025
5.12507
19.0902
8.52519
3.07849
9.18186
11.8404
18.3827
0.587265
10.6711
19.6186
13.7506
11.071
18.2815
1.64115
11.6049
9.2518
19.9566
18.3126
16.6138
8.90082
4.5337
6.58965
16.7604
9.53559
5.17565
0.136498
4.59147
12.4621
5.21383
14.1456
17.9688
10.035
12.4307
19.6509
9.25788
7.00756
12.5807
15.0833
2.12842
1.05867
0.90725
9.99337
16.2424
16.9353
14.5411
2.32138
14.4342
7.62325
2.62231
9.0022
10.3812
19.1969
9.41753
13.1408
8.3687
1.63437
16.903
14.0494
1.84734
10.0658
18.9708
4.33754
3.75299
2.59242
18.259
5.10077
15.9565
10.9574
1.77935
15.6779
11.5191
11.9182
9.88187
10.5037
3.8763
2.72484
9.06363
0.563164
9.08793
19.7313
15.1346
15.08
4.10087
2.30333
15.4853
14.9546
7.10005
3.78155
3.70694
3.23722
8.23243
15.5039
9.45905
12.8047
2.35124
14.1574
4.55239
1.69737
9.69431
19.7263
17.9558
2.07111
6.90867
18.9498
5.36696
3.1004
8.79104
1.12208
6.47025
15.703
13.7736
7.04871
18.5947
19.6329
12.5837
0.982967
0.777577
2.51654
8.54936
9.0669
6.8328
2.95543
9.36219
14.0886
2.25582
11.2347
8.17514
8.28219
0.310081
19.8228
19.7984
4.5216
4.57811
11.566
15.9692
18.5014
4.77868
19.1134
10.8663
13.9692
16.4612
16.1121
4.4142
4.0289
11.624
1.36331
19.4237
13.1024
2.50636
6.20098
3.88574
4.44143
16.5068
15.4009
18.9599
17.3145
6.26808
4.04958
6.34615
19.636
1.89387
1.26372
15.4162
14.307
1.09315
14.3936
1.52273
14.5233
6.18138
12.8566
4.72517
11.5564
14.5625
5.168
0.386593
2.77085
1.22539
13.9058
10.187
18.9781
12.357
10.5835
1.7945
5.24326
10.8964
15.2353
12.5075
9.61689
4.57389
11.3907
19.0546
19.521
8.50025
12.9047
14.111
19.6944
14.5
10.6859
0.693108
13.7846
8.73214
11.943
16.0418
9.88754
7.01195
1.59413
3.73654
12.3513
2.33122
0.891075
6.12584
13.5278
6.14981
13.5923
12.3621
8.9574
14.2619
18.2077
2.33202
3.41828
15.4895
16.1786
7.60342
18.7506
4.98734
13.6076
0.0832333
16.9504
16.2684
8.92493
16.9029
18.5603
11.1912
3.43
4.84296
12.3558
16.9738
17.041
2.8345
13.8828
10.2972
17.3189
7.50165
6.30426
12.029
4.51866
2.92059
3.50005
6.55276
8.91097
18.8634
15.6517
0.983536
16.3203
10.4602
1.61647
15.6484
5.55381
10.3286
0.878086
14.1389
7.08034
5.25849
12.4965
1.10931
12.4276
7.1947
18.4371
2.0355
15.7766
11.9199
14.098
17.0586
14.2158
8.72967
14.5718
2.22922
0.476884
1.59637
1.22757
19.6278
5.41785
11.6356
8.61647
2.13572
2.39489
8.31452
3.38434
12.1403
15.2194
17.1708
1.3196
5.66565
14.8779
18.8071
16.8666
8.19717
4.7296
19.6416
19.7497
10.1362
9.92342
13.5972
15.2323
13.224
19.66
9.73291
17.5504
14.7222
10.2926
18.1531
15.9794
17.892
1.28442
16.792
7.31904
18.7772
0.527616
4.22671
13.6999
0.278659
13.3846
11.4502
9.6148
4.28279
1.9881
13.1519
17.4567
18.8195
17.4298
17.5139
5.47008
3.87978
2.09696
19.7518
16.6944
19.603
16.3982
13.1237
11.7758
10.0866
18.9281
0.326559
14.9821
6.20455
11.2519
8.33837
3.7849
11.2353
1.88792
10.6439
4.74385
13.8039
13.0465
14.5241
14.4195
6.00489
1.13171
14.6313
2.47144
17.0232
4.07135
14.3394
11.0141
19.0221
8.17659
5.45415
8.53137
14.7632
9.81383
2.2049
11.5485
14.0138
16.793
8.2639
0.136383
3.88758
18.7974
11.1589
19.2086
10.991
3.17034
0.904982
6.66332
9.57847
8.71991
7.9169
15.7739
4.9243
8.38518
17.9677
14.8612
16.8181
2.63156
11.3384
15.1156
2.72607
16.7539
18.1607
0.0230809
19.4049
14.73
18.6582
6.36342
3.6244
4.73777
2.77471
8.6659
6.78131
18.2755
8.80182
14.3702
10.8167
4.44959
5.11387
13.1896
3.17879
8.15054
11.9133
12.1934
16.8928
18.7319
13.5582
14.5726
3.75589
2.23386
3.68499
9.77471
18.284
12.6155
6.60162
16.8881
10.1747
5.28434
12.7645
7.81925
7.64116
14.9814
7.49621
18.5605
11.0461
5.9114
14.3018
11.03
3.95843
14.9622
9.76745
3.16611
14.6677
18.7377
16.8794
0.458142
8.64767
11.8227
1.74538
2.56467
0.678479
6.73129
8.80468
19.6685
19.2889
0.465135
19.557
6.40858
16.3936
2.98291
1.25874
4.58819
6.37548
2.73323
9.63318
2.32085
17.6958
10.0829
15.6001
4.97239
16.7258
1.40898
2.97829
6.35383
9.68088
5.97405
6.37706
2.23896
2.49382
14.8145
5.26379
3.82651
17.9334
6.01006
16.0976
5.4367
18.2149
5.98532
16.7327
11.0606
2.05879
15.2451
8.94225
11.6646
6.62796
3.60153
16.8533
11.0904
12.9818
11.4193
13.9799
1.14883
8.90538
11.2973
7.66216
8.88084
5.92924
16.1673
9.31559
19.989
4.56885
16.3304
14.9131
1.48701
8.67407
16.4252
8.55519
2.56553
12.6559
18.6046
10.4924
7.68217
19.6507
13.2673
13.1697
3.82621
6.62426
13.4222
18.7761
7.77421
7.66959
4.97434
18.0904
19.1292
5.5465
8.04353
13.367
1.65234
11.9836
7.65004
5.71705
1.20701
4.6808
11.5935
12.5088
11.9607
1.50338
3.03689
2.00101
19.9297
0.18548
5.20179
15.5464
9.13705
12.8304
8.97671
18.1063
19.2261
18.8611
5.56109
18.8122
7.22109
2.28828
11.2299
8.92612
8.34762
6.01123
7.97001
7.2673
18.9422
3.56467
1.41482
12.0184
13.0586
15.3613
2.98511
6.38071
8.22533
8.35964
1.70957
7.017
7.45608
11.8687
19.7177
19.9924
9.69736
0.588189
13.0834
0.169252
8.05242
10.5171
6.54069
16.553
6.63461
17.4635
17.9944
6.79312
6.04485
7.70657
4.47769
10.7868
3.22564
3.04721
5.1639
8.83608
17.184
4.58744
8.95797
15.3478
1.6963
18.8152
3.45389
19.4979
7.40443
17.6589
10.6644
1.83818
17.9252
8.30566
14.0644
11.1799
11.7764
12.9079
1.28696
5.30964
19.6573
6.70427
11.5137
3.6631
8.41085
19.8317
12.4368
16.6641
9.09225
12.1936
18.2512
2.09092
18.9558
2.52798
2.05952
8.96363
11.7502
12.0648
17.1926
7.4646
1.82984
18.7062
7.85251
0.875046
18.4689
15.5628
7.16775
1.15818
7.14208
15.1702
8.33436
9.91291
16.3959
6.08429
10.6151
0.5374
5.18073
3.48158
17.5326
4.82861
9.13301
11.0852
15.6844
17.6584
16.0096
0.141496
16.1327
13.7554
18.1725
2.62366
19.7086
4.45346
9.40424
16.9059
2.38756
17.1293
5.05445
5.17913
2.34713
4.50651
7.94828
3.81199
19.025
16.1485
15.4058
5.98904
15.3247
8.8235
15.0541
11.7051
19.0689
13.0552
6.01974
8.08878
19.4637
18.3043
19.4155
4.11058
6.36541
7.89987
1.3155
2.39761
4.77197
4.04628
11.8982
7.58097
4.45234
17.0621
1.88095
7.73306
9.11824
3.96068
3.3587
4.77286
18.5655
19.3833
17.2536
14.3599
0.335265
18.2093
12.8944
10.6201
5.87556
1.49508
4.08966
4.17254
4.82815
16.631
11.8136
19.6555
0.632999
7.47267
12.8072
5.02316
2.50935
13.7763
13.7183
19.348
6.50551
19.9926
10.8488
13.3727
14.3452
13.6265
10.3325
5.11095
16.3751
2.58178
7.10987
4.61602
8.26977
17.9952
11.2455
2.10508
14.2898
5.62216
19.1333
3.08351
18.3151
9.81046
3.5579
8.0369
13.6039
15.5798
14.0072
13.1826
7.36012
15.5984
0.473973
1.78358
6.44066
19.8024
12.682
6.43124
14.9681
4.25687
7.61756
17.0743
14.3223
12.7984
16.3609
9.91952
4.42891
3.85648
8.9254
13.4614
5.33495
18.4804
12.1021
15.7529
11.6109
16.1871
2.35944
0.177527
4.48615
17.8893
15.3805
2.63698
14.43
16.7435
10.1371
1.75518
8.59485
5.93225
14.5535
9.83787
0.640549
7.17906
19.102
18.0147
5.33376
11.6787
16.943
1.93984
8.1455
7.60375
16.2155
13.7682
15.442
6.1092
8.53669
18.27
2.16992
18.3495
17.9479
10.5436
14.4963
2.45582
9.85297
10.9615
9.63458
16.0045
2.74485
5.65568
9.39881
6.20752
1.06753
15.7969
9.25671
15.6535
16.4769
13.5385
6.62954
12.6106
3.56039
18.5165
12.9789
9.65387
13.1607
5.26556
8.22072
2.05925
10.9558
4.60638
7.03126
12.2342
3.99399
18.6259
4.92902
15.8534
1.78884
12.3915
17.3637
16.0993
1.4289
16.9317
19.9284
10.4195
14.7832
6.9903
17.394
2.94935
3.27188
15.4518
1.02855
1.01013
13.5404
16.8089
4.84181
5.78513
11.8567
12.1634
8.40717
14.0237
9.80861
8.52864
9.94736
8.83146
15.6579
3.18757
3.15883
18.6572
8.86312
17.584
17.3641
13.2023
13.6211
2.11581
9.3431
19.0595
18.0206
18.8546
7.73596
5.64722
16.0888
1.85566
19.293
16.6559
16.5218
10.5005
12.7234
12.3865
12.7132
10.9055
4.92508
9.20946
16.7427
0.721917
2.60997
4.65924
14.739
17.3022
0.691585
3.78472
18.9071
7.6342
16.785
5.07213
19.9599
6.33324
12.2021
15.0718
5.64362
15.84
9.52082
15.6903
13.7784
16.5331
17.1194
18.7282
1.50448
18.7082
6.49156
15.1131
4.76514
13.4408
12.8093
2.03306
5.96068
14.3998
2.56289
6.1712
12.9434
19.9394
9.44253
2.58144
16.3143
18.737
14.9955
9.55648
13.9532
15.3835
3.31968
8.08823
12.1584
3.5332
10.6284
16.1577
13.4673
16.5828
3.21247
