13.5226
11.9259
9.36707
3.32368
10.6013
19.9082
1.95767
8.28697
8.92228
11.131
16.6095
6.4642
19.57
7.25032
8.29003
13.0051
5.12206
7.37793
9.62364
2.41833
19.1015
15.9049
12.9729
9.10448
11.7138
2.48878
1.82104
0.175815
13.7645
1.08943
12.7744
15.7809
11.5883
18.759
1.65585
17.375
18.7834
0.315316
13.2211
2.68636
18.1547
2.40473
6.66181
2.17502
15.3627
17.5264
15.3212
18.0144
14.4786
15.4012
17.4428
8.9187
14.7097
6.32285
6.75517
0.728537
18.4527
1.46559
4.67118
17.0481
1.38263
11.9608
7.82311
2.84087
4.0892
11.775
4.44636
14.1178
4.13619
16.0434
18.4993
17.6517
1.31583
6.43897
14.776
13.0897
4.6973
6.31985
5.01417
10.8341
9.17738
19.9288
9.18317
9.97354
18.5342
6.73854
13.2684
10.9934
14.2568
15.0279
1.5231
14.551
16.4706
1.03261
9.74409
1.17174
14.3273
18.0661
13.6463
16.0429
6.86037
11.555
12.1783
4.91693
17.9727
16.6076
10.4355
6.84773
3.53515
15.8346
11.5768
11.9433
0.0750878
6.00754
4.8943
16.0031
18.2849
7.30186
16.0115
19.2819
0.585405
13.1157
18.3298
18.9619
14.8897
18.3876
3.85655
9.54946
0.383834
11.1179
4.37438
17.6063
1.47964
12.6026
0.113594
2.63264
14.0997
10.6054
4.91569
4.19112
11.975
5.37847
5.5376
0.572377
16.9387
14.9509
14.0868
9.78384
11.1656
9.91311
10.1716
8.84877
1.02576
6.70941
13.1895
8.41575
6.44766
7.54346
17.5663
8.93248
4.11871
7.71911
14.9175
8.94101
8.57334
3.68155
2.49468
11.8756
1.33218
1.46369
4.48624
15.3938
7.50762
3.06615
3.90538
15.6144
12.039
19.7541
14.7017
9.77548
6.73552
14.6633
6.47625
8.27401
11.7015
15.9114
9.52652
15.9214
0.925401
1.98352
12.5345
10.4135
18.7871
14.1419
0.482233
9.40524
1.91384
11.3462
9.92764
5.71411
1.34751
13.9974
7.57351
13.0896
0.589626
17.0084
17.566
18.1692
7.33396
14.2203
17.8324
4.6804
9.33712
8.10571
8.48668
6.04134
12.7791
16.7136
16.9713
12.421
4.97002
1.42975
15.507
7.2097
3.27481
10.5476
9.98018
8.06928
16.2302
1.89595
13.173
16.2562
3.32028
5.59276
19.9441
15.4698
4.5971
0.489741
12.49
19.6039
7.71397
15.6897
6.48316
17.9519
6.12633
4.15014
18.44
18.1457
14.5413
12.944
3.67589
1.28544
10.464
10.1006
2.01308
7.97469
2.09687
8.96703
14.8838
19.1313
3.07247
1.71749
10.4738
2.43586
4.63384
10.9595
10.6445
14.7966
17.7191
6.40115
0.835743
8.95288
11.2868
16.6433
7.49069
19.0993
4.34231
8.39409
1.17449
6.97505
14.4675
13.6662
15.4354
11.8138
1.28132
18.7817
7.92491
8.07733
19.6654
18.5563
14.4663
6.68934
15.6781
16.2667
18.373
11.8963
2.82614
3.90763
2.94456
3.57496
12.9753
11.1299
16.4128
17.3524
16.5845
15.6904
12.4414
17.222
17.0715
9.52774
0.461013
18.0179
14.1563
7.24226
13.4082
0.219581
18.8194
11.7438
7.37462
4.17828
0.591169
10.4306
18.463
19.0679
0.275434
15.7061
18.8697
5.73417
17.4265
5.22924
11.0695
0.183213
8.63816
6.4811
3.13393
17.1135
3.54432
8.49531
15.8704
16.8084
7.70832
18.9637
18.3689
4.58634
15.8933
8.81046
18.8837
19.102
17.4153
15.5558
10.1833
18.1493
3.73177
4.46721
8.10117
17.5337
11.9627
15.4455
8.7096
4.30352
11.9207
6.08812
0.322967
19.4737
14.2365
3.91084
11.3056
7.28686
2.21852
10.7599
4.6511
12.432
18.0407
11.1982
2.08689
6.10691
7.41566
13.9855
11.2943
9.54313
4.65613
10.7314
3.73296
4.4459
3.08682
9.31424
16.6265
6.68657
7.96636
9.11312
17.9926
14.8993
3.7741
18.5215
8.42631
7.55344
11.0415
16.1907
7.07863
2.46933
10.4274
3.0204
11.952
7.56491
17.7492
0.814076
19.5708
7.59524
13.0396
3.78295
19.4955
13.79
9.8278
6.23331
13.8577
18.0788
7.9766
14.9326
9.34854
5.30328
11.692
2.79045
16.7145
17.7008
14.5268
19.8223
6.97913
9.81884
17.089
14.7433
0.450161
8.02663
16.7325
2.20999
1.77611
8.22893
2.58955
3.80975
16.8698
10.5168
13.5833
2.21796
16.6013
10.6087
16.5611
4.73224
19.5303
15.7427
2.02674
17.9169
7.17874
6.27902
10.2841
8.63418
10.3886
14.3719
6.96431
1.46854
1.70338
10.4881
19.891
19.6857
10.7119
11.6726
0.0305183
14.4955
16.2191
17.0078
19.2217
16.9723
17.6238
2.34859
2.51375
10.1327
19.7138
5.30998
12.5959
3.32234
12.9777
12.4256
5.85981
8.55132
1.86381
12.7218
3.01602
11.861
7.81002
9.10401
5.08233
9.01014
10.9939
15.4577
19.7256
17.1436
0.208765
16.9282
10.7089
9.01858
0.121854
11.0915
7.88778
0.319825
9.51711
16.8675
10.9734
6.73333
19.5768
2.02443
1.64619
1.14054
5.25665
17.5182
19.8174
13.6246
6.89352
12.2971
16.0424
12.7325
11.6591
15.1515
6.89098
15.5437
6.06443
19.8185
10.1274
17.0242
8.19603
3.23176
2.88121
13.4413
5.53105
19.1498
2.31312
11.2798
9.82224
16.1158
11.9248
5.14191
14.7179
7.53645
11.5734
15.8199
19.0743
14.6779
1.02799
0.690461
6.94567
8.21854
10.6607
1.39058
6.28464
14.9189
8.36184
11.5513
3.0354
14.437
8.55658
6.90055
14.4807
4.15036
3.09863
14.3891
7.99401
4.16839
1.42487
14.0154
7.75048
10.8412
9.41067
6.3103
16.6012
1.83504
9.6806
12.3832
7.87832
19.8087
13.0029
1.10401
17.9524
4.16697
13.5867
13.7893
2.38823
7.77519
10.3844
2.68628
18.0068
2.21263
19.2952
15.4299
10.8207
0.889207
2.62785
19.5035
15.4473
8.52017
0.297696
7.24825
9.34355
9.48576
15.5014
4.47346
14.4226
9.68507
13.2927
11.0429
5.95615
8.04396
11.8851
1.43903
13.4228
4.96582
9.2295
13.0101
16.5084
10.533
16.7282
16.2102
8.96366
11.256
9.89809
9.13863
11.0919
12.1263
14.4363
16.6605
16.5747
1.3652
14.3647
8.80347
5.9439
17.3471
3.35749
9.47129
9.29353
0.648969
15.309
16.4782
17.9621
0.385581
2.41369
0.758116
7.81267
13.5697
4.22526
2.67428
18.9376
18.4276
16.385
6.03156
13.4851
8.22843
8.28292
11.6159
17.9168
14.4162
11.8513
14.1071
9.1215
9.20439
4.11802
17.3023
5.74759
5.21498
1.27882
6.0817
13.5601
19.0474
0.954369
19.3012
15.517
17.724
2.68066
2.00419
2.32475
12.7715
18.812
12.2078
5.34015
0.965608
17.1357
8.95094
19.4116
13.5825
4.52677
14.6547
5.6026
12.8582
17.6009
15.9735
2.37496
0.693104
18.2001
9.24982
1.55618
18.7988
0.691678
8.20813
9.41102
5.16518
4.69799
10.0906
8.60156
3.19827
8.58383
14.1546
10.4698
1.39539
7.4251
15.3065
5.86314
5.64285
9.07959
19.4858
3.15151
16.5871
2.06418
4.18828
16.8196
13.8468
13.735
16.6585
12.7204
13.9064
1.56704
1.83903
5.94097
10.1683
15.6081
14.0178
11.1011
16.8641
18.9671
9.66301
18.7
19.7951
14.0502
17.727
14.4125
8.39083
10.0781
14.5496
12.4047
8.52712
14.8721
10.7291
14.6662
16.798
17.6429
18.5036
11.4443
15.7491
11.0862
1.59735
15.6185
7.26988
0.583995
2.74307
3.77245
17.3362
0.636497
0.86583
5.79659
18.8774
19.2461
15.7219
13.0399
8.44266
2.15322
8.84918
2.95708
4.69171
12.149
3.41958
1.04718
7.06275
11.2304
4.88162
0.908481
13.8446
17.1368
5.93224
11.5621
1.52626
17.5527
10.6889
3.57022
6.29536
19.7331
4.7626
18.6015
2.63454
5.8792
14.4155
0.26326
1.2348
14.924
17.487
14.3076
14.4948
9.51874
12.5879
8.48536
16.4494
3.70061
9.88353
8.07359
5.29911
13.7089
17.8234
7.65981
10.1809
19.9379
9.04594
13.7384
9.91655
11.008
0.580741
18.2208
11.942
16.8868
0.503275
19.7254
9.1861
6.76039
5.40534
10.0205
15.2835
7.47038
16.453
19.3898
3.7203
10.4076
6.39138
18.8373
18.0603
4.51607
3.36691
9.54243
0.319611
8.42183
5.18528
15.5839
11.6205
2.42242
12.139
17.9671
14.8804
7.81615
9.60157
19.4501
10.1178
12.4073
6.97624
17.4812
17.0471
16.1733
6.9111
1.61452
6.99889
18.8115
12.2038
2.04294
15.1445
6.238
13.0697
16.6578
7.04838
2.5355
5.16099
2.78323
14.6265
5.15489
7.27747
17.6114
16.5703
12.1379
1.03411
10.1077
0.975405
10.74
15.3194
6.92169
5.62245
5.63179
17.2593
10.1741
3.1651
14.0974
4.31216
6.75626
12.8889
9.40818
15.0409
3.5607
6.03761
14.1708
8.11134
15.6695
14.3642
15.8247
16.094
7.16059
10.5285
11.9608
5.27683
1.29982
9.45074
13.2037
15.763
7.17159
3.06224
2.31456
19.1044
16.3454
0.655592
17.4778
14.8509
18.8237
5.41574
16.3608
11.3161
16.5908
18.451
16.3655
7.93404
8.45498
8.78757
11.9544
12.3457
17.3329
15.9602
4.92894
4.42623
14.2436
3.13455
11.63
7.44139
4.83421
6.86964
3.26968
16.762
12.6432
14.5844
11.3723
7.36023
3.80874
18.4167
9.02936
19.5926
13.8572
0.702998
19.2923
1.91993
1.45506
9.66778
19.7947
16.845
15.8642
13.5601
8.70483
6.32022
19.0212
7.59324
8.65312
0.971541
19.3952
3.09005
10.987
18.1692
12.3174
15.245
14.9813
13.0435
5.36442
0.461049
2.50674
3.28978
19.4136
8.38881
12.3668
17.2297
17.4425
0.363755
13.596
4.30305
6.1286
10.1503
4.75433
11.666
11.1091
7.38633
15.8484
14.3025
4.91921
19.2172
6.14049
18.7582
11.0367
19.7481
3.83245
4.45941
3.59496
2.66297
2.72989
16.0236
10.3891
9.87797
18.1316
2.01935
5.87642
0.12892
1.38971
11.6289
8.19619
3.8106
9.24635
17.967
6.99279
9.66701
4.72506
7.76846
3.89029
18.9347
17.6108
13.7009
1.09094
12.7728
1.65581
3.68343
16.3586
2.58826
19.5752
0.783066
6.12965
8.49703
19.8346
18.3027
9.47824
14.58
18.9904
12.4379
5.91027
2.54663
5.19414
15.8002
14.8405
16.9321
13.8125
1.77241
16.0727
6.3884
1.21652
13.7008
19.7817
11.9841
3.98869
6.88193
10.3979
7.31362
0.2559
8.63908
4.47188
17.3929
17.9864
12.7515
13.9082
2.96122
11.631
8.14079
13.1582
17.2214
7.0892
1.56839
9.81726
14.3134
5.13992
18.4391
17.1115
9.54202
7.66813
19.7037
14.0308
2.85856
6.80394
17.2788
15.3478
16.0979
13.9835
13.741
9.65877
0.835641
10.191
6.5165
19.8728
16.8868
10.294
9.06
14.9625
7.7905
2.72184
18.8049
17.5228
3.01357
4.55336
11.2623
18.2593
9.86982
5.98273
1.42971
16.2332
5.12655
13.8719
2.45423
9.72182
11.0178
9.67935
16.6522
10.2212
0.287198
0.503387
19.2645
0.554783
19.8445
16.1384
15.8804
12.4753
8.05087
4.94982
7.11082
4.30129
11.3875
0.492908
8.64837
17.2848
3.37733
16.2411
2.56486
8.70233
6.80399
9.03977
18.5438
19.945
5.08239
14.0797
3.73111
15.4255
18.9505
2.00371
2.56782
1.43171
1.38139
13.3178
12.697
13.871
5.77219
17.6496
13.4727
12.0113
0.46232
7.09649
18.0972
19.76
8.22448
3.9516
2.99099
13.5355
16.6912
8.04334
13.3773
9.06362
2.73975
4.43941
18.402
13.6782
15.6967
1.79081
7.20053
13.1665
17.0744
2.40269
0.382327
4.73377
11.8162
10.0829
14.2058
2.22357
2.32013
11.0914
5.23281
16.0863
6.14378
16.6007
6.70017
7.07947
2.10427
12.5547
14.6467
7.9297
16.7542
10.662
19.5617
18.0455
11.5038
18.6331
18.4204
14.8457
14.8392
4.06799
7.26079
6.07374
19.9251
16.9601
15.5247
13.9896
0.361265
5.827
14.4262
9.67859
17.1418
7.37651
6.71837
5.70348
2.66034
15.6606
2.85085
10.0066
15.2489
0.926923
12.7272
9.7146
5.5695
13.8754
7.61041
9.3954
10.0751
7.85992
2.89628
18.679
18.9134
2.00113
11.5908
13.599
18.6819
13.6811
3.55526
3.15296
18.6961
18.6203
5.47095
14.277
14.659
1.92251
17.7387
9.36488
4.19458
12.8257
18.4761
9.68184
18.6929
15.8293
14.077
2.58903
11.7231
6.27673
2.92703
2.436
17.0889
11.3628
9.97565
15.2991
5.1805
12.992
10.2159
4.51974
6.88838
13.0269
15.0053
5.91416
17.1555
12.602
5.54906
5.44784
12.1491
16.9636
16.2881
11.9026
4.15267
18.2664
16.9014
3.63443
19.2769
13.0062
0.518009
15.1983
6.22146
7.88688
15.4332
19.3479
14.3509
6.61776
12.6382
18.9712
14.9165
9.52218
14.5982
3.10864
10.8809
14.0639
10.5062
1.51701
11.4277
0.0966987
4.76911
18.5551
11.0238
10.6074
14.1522
14.2974
6.34797
1.18883
8.60379
1.08148
8.33607
15.9144
4.97032
8.83279
3.16969
13.6767
17.941
6.64007
3.2611
10.505
4.35819
6.07648
0.35112
18.967
10.3454
0.730089
0.193836
0.284737
7.5667
15.1406
11.0145
7.79669
8.24441
3.3612
13.5902
18.9493
18.0514
4.66002
0.971165
4.40034
14.7293
17.6705
15.6026
10.097
8.45664
10.2735
15.2392
2.84037
9.64372
9.65775
8.75764
13.6666
3.52341
17.0144
16.9343
1.27198
8.65793
4.78918
17.8991
12.5325
7.54903
4.11262
2.77305
10.2087
2.40203
11.5967
17.9836
2.41098
6.52411
9.74422
8.42253
18.0426
18.5611
1.23834
11.0962
4.12623
17.2256
2.51522
0.900947
6.3912
11.6776
10.9932
10.194
18.4284
2.4679
10.5071
6.52451
16.5028
0.922459
9.42827
2.27169
16.043
15.2433
12.2844
16.588
14.0552
6.63931
14.2456
0.128361
18.0445
2.17753
2.61465
2.08977
3.91614
18.855
18.3884
0.502425
11.3887
5.84739
4.51597
1.71391
5.8786
4.72901
6.89625
1.67452
15.8301
8.6661
18.1574
14.6166
7.34714
16.0172
7.29604
5.30866
8.9187
15.1589
17.8135
14.4974
13.2575
5.92279
11.6449
10.977
8.42138
3.49935
9.6733
12.2748
8.61805
17.9204
12.1067
11.5587
7.74607
1.77829
0.400623
10.564
17.6191
6.08901
4.03365
5.87371
18.2877
16.5087
11.7057
14.0141
18.1426
0.88815
6.99247
10.3796
6.37247
2.97245
5.34656
14.6974
3.59947
16.997
14.3913
4.33048
17.0317
0.989598
11.8153
9.09511
2.30811
3.50813
14.421
8.29427
12.8943
11.924
14.2542
0.684793
7.61229
8.26931
3.0157
12.351
14.6904
9.43609
13.926
14.9927
10.1123
2.86012
10.3003
13.3686
13.9786
0.125387
19.229
9.16529
18.4615
7.89654
10.2497
9.89932
10.1989
12.4357
9.71129
11.1114
17.8788
10.386
16.7044
15.6895
4.0957
17.2641
14.0967
17.2464
19.538
15.5429
11.7256
10.0574
8.15664
7.78318
10.1562
18.3099
2.98762
8.99152
7.06871
14.4039
18.2696
9.63821
18.4424
18.8268
19.618
5.55309
9.03958
11.9761
15.4617
1.05519
13.8298
8.75354
10.3556
16.9462
19.4518
5.33587
0.371792
19.9745
12.2822
7.4142
15.6044
4.9234
0.280076
5.97506
0.00478055
17.5589
12.5616
0.567369
15.862
12.7666
0.340569
3.08863
8.96234
3.79262
11.5345
7.62559
8.50783
10.2959
19.905
5.66913
9.18038
13.1823
8.04572
13.8526
14.1383
17.8962
10.9992
19.2182
10.5111
7.85302
1.72806
16.7321
1.54775
15.1603
16.1549
4.44684
4.67174
15.5322
16.2979
3.55058
19.5589
15.8643
4.24485
2.84244
2.5877
4.59297
0.619604
8.82908
11.3584
19.4994
0.602291
9.4865
3.32863
14.3258
13.5932
14.7421
2.91395
1.0154
6.18433
8.76633
1.48579
3.65815
12.4894
8.28682
3.54087
0.311335
9.67665
9.72373
5.28871
1.82074
8.25367
3.39966
19.9204
14.3828
5.31129
18.207
6.96325
10.6986
16.2226
8.18048
8.62404
13.9727
4.54618
5.10365
19.435
2.76792
19.5525
17.9336
5.61469
0.695578
18.5614
11.5201
14.1186
9.34521
0.504042
10.3489
12.7095
12.9135
7.35132
13.2783
19.9548
3.75101
9.80497
19.6774
18.3659
5.61837
0.816206
12.812
7.11792
6.06456
2.37113
0.552411
3.92408
0.723995
7.54067
10.3818
15.8923
15.0806
8.20645
14.9392
10.8802
19.7328
3.32208
17.2128
13.2534
7.14923
5.67026
17.9459
1.96413
2.00278
3.68195
11.889
12.3896
18.6196
0.48218
4.69502
5.78133
15.1941
4.93314
4.32678
8.31457
16.4332
13.5987
6.14837
8.28834
11.0302
16.4455
6.69134
5.50789
9.02766
6.42947
3.34653
1.95706
5.46643
13.4899
5.62724
11.118
19.5643
2.89067
4.21452
18.4783
2.74032
0.940184
16.3386
10.7446
2.94938
11.0814
2.38747
10.2948
6.06209
5.86527
12.4712
12.2814
14.8798
11.6702
14.8484
18.3655
11.6541
8.24191
6.98505
4.74662
11.6291
15.4715
7.87793
0.706876
4.35121
3.62981
15.881
11.7699
10.9059
0.92969
17.1795
19.8459
6.56742
7.34341
16.1601
7.77304
15.5069
12.9471
7.34275
10.7654
19.3428
10.2511
4.59726
11.6692
16.9432
9.52039
12.7336
6.2176
5.65802
16.2906
8.20092
14.6942
13.8589
16.997
14.9935
16.8137
13.703
16.6706
10.0826
16.6165
18.5774
2.00296
12.6904
15.3747
16.3857
12.8811
19.2226
5.62886
4.30708
12.5382
19.958
13.1733
1.18214
3.43078
16.4455
1.16998
12.3019
2.61031
2.51167
0.839453
14.2015
0.616034
9.12613
17.2707
16.8761
2.52929
10.6232
7.25285
9.59272
6.12453
3.83247
12.0493
4.26122
11.2692
0.751163
14.9341
12.2316
9.75927
9.0504
15.4554
3.2887
6.7603
10.7298
8.42366
14.2257
10.0624
15.9637
16.2926
19.538
18.1121
16.6254
17.805
19.9774
14.0985
11.5716
10.1117
2.53914
3.44528
7.18877
2.54337
13.2354
18.4009
2.38132
9.99675
18.4989
18.5531
3.32484
0.807712
5.03919
17.9756
15.5975
3.01163
18.3295
14.4426
7.50454
14.0589
13.8482
2.94241
8.40402
12.5152
8.09215
3.12484
2.56605
7.89458
19.0524
12.2382
2.86438
4.78092
9.80522
1.95075
16.9643
9.58839
7.56279
14.8001
2.69464
18.2034
15.0817
6.91874
6.61802
11.1607
16.8205
2.92638
9.4373
18.9354
12.7441
16.6278
1.42967
1.76253
18.9009
9.65475
14.7862
12.3504
3.08983
4.54148
19.7676
4.96903
12.6797
5.85345
2.73247
8.67214
4.0517
3.49523
13.0323
9.38669
19.5787
0.956938
1.92672
15.068
5.00936
6.9068
8.61329
12.124
11.3394
14.9655
4.19147
1.64435
6.94397
13.7824
8.89916
15.0074
16.0792
3.35933
4.60372
7.04182
16.5578
15.1757
9.02483
16.2254
4.51816
9.35618
6.29092
3.04947
15.0177
19.3594
6.58587
8.82745
1.55901
0.856291
3.48341
18.7779
15.026
0.953015
0.517319
11.07
6.56806
16.452
6.29024
13.9252
2.24342
9.23901
16.1432
8.27989
12.6398
10.403
7.92903
3.01616
15.0978
2.07037
16.9293
1.65816
13.8505
16.2362
7.91774
9.35797
19.59
0.728577
6.17141
7.65087
8.13144
5.31545
4.53985
17.5585
17.4252
18.5041
3.1588
1.64466
19.2557
12.3111
16.7806
9.03069
10.871
0.138178
10.6445
17.6645
3.33118
19.1535
18.1607
16.2199
11.0672
4.87988
5.15106
8.9812
8.67644
12.8253
0.33775
0.0868145
4.76347
19.1306
15.2198
19.8502
8.76599
16.9872
1.22018
6.1098
0.90415
6.80816
0.628428
5.78036
14.6153
11.7136
9.10296
0.252606
14.8369
8.7959
17.9261
8.3829
8.8162
1.8757
0.314609
14.4273
7.49399
6.40406
2.67399
13.6111
15.8888
13.2038
16.5898
19.153
1.1068
13.7568
11.9241
10.3216
13.2359
3.5698
3.73027
5.75417
4.22666
12.6084
19.8568
3.79036
13.0176
17.7727
14.602
17.2121
4.89648
17.2645
10.0452
17.7514
17.749
0.649988
19.4046
15.5396
0.484847
11.3247
14.3615
14.2794
7.89121
3.46598
15.1888
15.9126
9.3906
9.68915
0.291519
3.46245
16.9735
16.9959
0.472965
7.35652
11.6398
9.47067
7.60007
18.4242
2.33528
7.70884
5.34281
7.65256
16.1839
3.28674
9.71862
9.04707
16.4076
12.0812
9.89973
15.6331
19.1145
7.99052
15.0302
17.826
9.19382
11.3797
14.8968
5.66059
6.04145
19.6664
14.3053
1.88062
5.4743
11.8321
12.8739
9.98918
6.19345
13.6592
11.7694
7.8306
3.67373
4.36113
16.0383
7.70181
19.3254
17.6311
8.7518
14.2872
17.2345
15.4703
3.00152
14.564
3.35497
15.9651
14.0003
14.5592
2.31497
4.14855
13.9998
19.6141
5.77909
10.6013
4.04831
3.23334
8.22211
15.3581
0.798419
1.36593
3.83285
17.9372
16.9398
11.3468
13.8195
12.4634
1.46426
18.2896
10.8457
17.6895
15.3918
19.494
4.66424
7.70281
18.9752
5.00707
15.1108
18.2208
6.32046
17.1512
10.0463
11.917
17.3647
3.97664
16.9403
18.2699
2.03485
4.40024
13.9932
17.8121
6.70274
10.6397
14.1764
14.4634
12.3806
16.6264
12.6719
11.7958
16.034
1.80429
8.08125
6.13554
12.034
12.8195
6.06553
7.51584
15.9089
18.1009
5.03072
16.1774
10.4793
10.7108
15.1938
14.3336
17.405
19.4825
13.6509
16.6259
1.04075
14.0428
17.4123
2.86284
4.82858
8.13638
4.90203
6.59086
3.83538
1.49193
16.4885
5.30837
8.57712
1.9972
6.94471
1.1294
16.8434
4.93928
18.3316
10.6615
0.674161
5.50395
8.64266
9.86842
2.14146
16.6828
1.82325
4.87269
5.93307
18.9734
6.6619
0.287885
6.45763
0.0240644
1.35808
18.1149
9.97472
8.49924
10.1126
2.45856
11.1112
7.70307
5.39936
0.0950063
13.964
2.91777
1.12872
16.918
18.8888
19.921
7.21653
18.2217
1.75874
7.91821
5.9277
16.8395
10.2955
4.49913
4.64169
6.01359
16.5721
8.45575
13.9134
3.31382
14.2933
2.77265
5.2371
14.6215
9.30322
18.3998
1.52667
12.6167
19.6993
5.39563
8.05027
6.21874
3.11962
5.21696
0.920748
18.9096
3.01458
17.9866
7.5697
5.94315
5.30191
2.26626
10.5562
17.8801
7.7972
4.3919
1.53929
9.98773
19.9748
15.7952
7.48206
9.18587
10.5862
18.5745
7.21215
8.22528
0.448563
11.6177
11.6431
11.1665
0.358827
9.11893
5.18369
16.7719
18.4976
0.447356
13.4215
3.52686
12.0081
6.33674
7.90226
18.012
8.83763
1.28769
0.443079
13.8031
0.325337
19.1251
12.8938
8.32391
19.1441
5.56846
11.8708
3.93108
0.0690651
2.72558
10.1712
18.9102
0.149252
7.45432
13.9211
4.67341
8.26108
1.01602
4.65648
11.4046
6.19216
7.37686
14.2581
6.23478
4.8244
10.4326
12.4801
4.84727
16.0483
10.2593
19.9107
1.83107
1.67923
19.5455
6.50082
0.927701
7.74426
12.7283
16.9649
18.8218
3.89473
7.89454
3.97666
6.41846
12.3608
14.8559
8.96604
3.86018
7.55368
4.11054
15.2261
16.0101
4.03208
4.89269
14.2343
13.6783
7.4404
3.85803
10.5604
7.03337
16.1658
2.34909
1.98952
12.2895
13.4306
17.6703
19.2191
0.341341
9.59099
10.3565
12.0433
17.4771
3.06997
7.81113
2.54017
11.6346
14.6148
19.2899
3.83603
1.73644
6.33832
0.416892
16.0128
9.97715
13.189
15.815
2.52586
18.5576
13.1609
2.33586
15.685
7.19956
13.5355
5.68228
9.88367
12.0445
16.9265
0.378692
18.0138
1.8284
8.93285
19.9039
17.4964
5.15621
12.9356
9.66829
1.2271
17.6152
0.82013
4.9932
8.42738
6.26618
14.8941
17.7722
17.3832
7.47726
14.2688
16.0461
19.2647
4.45929
9.6597
9.71171
14.7121
13.0528
15.0355
5.36664
6.26331
19.5413
17.1049
0.87456
5.40343
12.5418
9.44627
11.0331
4.7437
9.06739
16.3154
19.9295
0.813883
0.0294246
7.4551
13.1064
16.9243
17.4858
19.9956
14.6466
7.34329
9.37578
7.16838
16.7069
13.929
18.991
14.58
8.35911
1.26823
15.4859
3.66211
4.73608
17.5554
0.260136
7.78566
9.96853
12.6903
10.5927
16.0166
5.60448
4.04507
19.9789
3.89766
15.7957
14.9052
7.6705
8.05166
4.69251
17.8186
11.5336
2.95376
16.0263
15.3055
11.4891
0.276725
5.81465
4.9188
14.8014
18.9936
14.5573
15.3518
4.40654
12.8538
14.739
14.2777
16.5657
2.28888
6.51942
16.3009
9.32957
11.5861
18.1074
19.4426
8.20549
15.5133
8.76551
18.0626
14.6112
7.48395
2.4898
19.405
16.4961
18.7504
8.7647
18.1711
0.164347
3.48184
10.0894
10.1512
5.91169
7.56635
4.18613
19.8491
5.78706
10.2395
2.19509
7.34725
1.99605
14.1044
11.2565
9.91079
8.65956
11.7235
11.6929
4.44711
1.94605
1.11171
9.31158
9.05626
10.2427
3.07008
6.53655
0.930828
3.2368
3.68194
17.9107
3.87623
5.98553
14.7164
16.5907
5.01512
1.2086
8.32917
0.761209
8.88322
19.3479
19.1587
1.23726
1.85874
1.80786
13.2268
8.11302
12.271
7.83078
15.4979
9.13607
12.4823
18.7819
5.18014
11.5408
12.5622
11.0862
18.0847
4.1135
16.8082
1.68449
16.6586
2.84706
17.8205
2.141
11.4715
3.41192
10.0392
4.43957
12.1846
15.4066
19.9146
17.1058
5.2033
10.508
1.60392
16.303
1.09485
10.1382
0.706544
1.88328
13.6625
1.20524
9.82347
3.57964
7.42975
12.3214
9.23384
0.587596
14.2633
14.3902
14.9071
10.0389
18.8492
18.4923
13.732
1.19279
14.8106
12.1131
13.8774
6.61955
3.11847
12.5705
15.3596
11.122
8.52382
11.3386
12.4487
5.45741
6.48284
8.87242
2.20434
8.00638
17.4565
16.2408
1.40144
19.2662
17.973
3.94162
13.9728
14.5701
8.95966
9.03303
2.7067
17.5455
17.7513
16.2081
10.1552
6.22669
16.2914
2.41571
1.75549
12.6938
12.7683
9.80294
7.83736
1.53535
5.94146
14.6458
6.70503
16.9282
19.1665
11.316
10.1919
13.5342
8.86584
11.5203
17.6043
5.59508
8.15051
4.66179
4.91895
0.0345275
4.21321
18.5063
16.7972
13.561
12.443
0.684107
19.9349
1.13447
16.7127
9.62979
4.1369
4.652
7.23076
5.78397
8.34105
15.7904
7.8066
1.91288
16.5037
7.54811
10.9724
4.2408
1.83914
18.592
9.61389
17.74
16.2797
0.302544
12.2609
1.7216
16.6952
7.50949
12.0238
19.5251
8.74066
11.352
12.5202
18.9982
13.2824
14.6349
11.911
7.04136
7.39103
7.21393
9.43269
16.8555
16.2533
13.957
12.735
14.7803
8.73609
16.1581
16.8083
12.566
3.47481
16.8621
0.243538
17.3834
14.1982
1.28203
12.1471
11.1054
17.2551
14.327
15.0158
13.5795
11.8663
5.34219
15.5343
14.173
3.22491
14.3836
3.30126
12.4586
12.5036
13.0562
4.62646
15.4306
1.31917
18.7273
19.2672
12.349
14.4255
14.3479
7.98752
7.39949
11.9327
17.0055
11.169
5.76352
9.25804
14.1956
14.3375
1.96605
2.74723
19.9326
12.0806
14.7636
19.3828
8.7342
16.5311
4.45847
2.31972
12.5891
19.7712
14.6465
15.7074
18.6999
19.335
10.9985
15.4985
10.6823
18.3141
0.739592
6.53601
14.573
13.0671
2.7072
1.89502
18.7574
5.12189
10.3659
16.3028
6.01778
15.6374
11.7261
14.6441
4.34627
4.68324
18.6511
19.3123
1.69328
6.40145
5.81623
11.2737
18.418
15.3189
5.98051
19.5495
10.1422
3.97239
19.8828
4.00647
12.0373
8.37764
19.694
8.47133
0.545325
2.42078
7.30439
0.259435
4.4462
2.36448
4.14278
9.27201
19.0195
10.9777
17.3871
17.0381
5.82242
2.1156
12.9421
0.490671
1.85293
14.0274
15.0628
9.44772
5.63721
3.47813
7.85793
12.0049
0.267302
10.9144
17.4918
12.0619
2.31162
8.97881
2.19793
5.25123
5.49475
4.75265
18.706
19.9661
18.3994
1.76048
13.2094
12.9346
15.8947
11.9947
1.98883
17.8367
13.2138
14.406
3.78757
1.7878
14.2885
8.66979
3.96518
1.65531
6.58879
4.68697
17.273
10.6432
17.5221
7.833
18.5834
11.6187
6.35585
10.1423
1.45567
19.1629
11.9722
18.7214
12.4293
11.7434
18.1438
12.9074
19.9704
9.37371
2.25276
5.95534
19.3337
12.6243
8.43776
12.0535
14.5635
12.4134
3.73075
8.47348
10.2757
14.42
2.76309
12.7846
13.1374
13.5172
18.6431
13.7092
12.1782
1.15735
12.5929
5.94535
9.54222
12.5785
13.4705
13.2452
0.206101
7.74226
5.54856
5.78225
15.6183
13.9513
10.5199
18.5268
16.0024
6.88578
17.5996
6.58245
8.69079
7.23914
3.78724
11.9853
4.41635
0.84834
13.7828
15.277
15.7774
18.935
2.07374
6.07379
19.1007
5.28967
16.9705
16.6631
12.0715
11.2564
19.1102
9.62527
8.70147
10.7889
13.4228
15.3966
1.65112
0.653713
2.77334
4.04505
5.85969
4.79187
5.88669
9.77578
1.39951
13.5626
19.7231
1.92132
0.960707
8.57467
8.0679
15.4997
11.9627
19.7138
15.6019
2.45818
14.0621
12.942
19.0184
19.3855
5.76465
16.1
5.65339
2.56264
7.83053
14.5833
6.08487
3.00459
13.9905
15.7328
9.5416
18.9933
9.52366
16.8074
1.60349
11.1828
5.62234
4.78279
6.96902
12.591
12.3063
3.3967
1.10774
1.46072
17.5103
8.86485
5.42106
16.6731
5.67084
12.9871
12.8879
10.4967
19.9948
6.68525
11.563
15.8119
13.0383
8.89151
18.3435
14.4058
3.35788
19.7537
19.4862
2.48439
12.4024
1.78514
17.4152
14.4585
15.0686
6.54144
4.62181
9.57873
5.64386
8.94696
15.3234
16.9658
12.1493
16.645
1.17867
5.26887
12.5293
12.0435
9.80609
13.2189
1.0686
3.40084
1.7653
18.5148
8.02756
1.65138
9.46068
11.7983
6.61693
6.85135
10.2668
12.4083
12.5421
14.8301
13.4115
2.54441
17.1841
19.8606
18.5872
12.4926
6.23244
19.1748
5.23666
17.5414
16.8337
13.0701
17.7233
5.57722
3.41066
16.2934
18.6041
17.1426
4.58833
0.333888
4.12777
1.07176
9.25355
13.8494
3.20252
1.4227
10.8254
5.72659
14.0164
9.85834
4.13532
2.26392
17.2927
18.7485
19.2314
15.0357
0.542152
16.8148
9.25624
5.49935
18.7739
1.15502
7.68713
3.74542
13.6747
8.05972
14.504
16.8969
2.09729
3.56358
13.784
19.1598
2.3069
9.6374
4.17222
8.62873
13.0268
7.89518
15.8339
0.930901
18.1066
9.41013
1.4353
2.03778
6.46875
2.77905
2.52785
5.99514
12.8682
5.59951
19.8014
6.52003
6.38996
3.09553
9.70279
17.5258
14.1486
5.74825
7.31365
19.485
13.4414
8.67681
10.4418
5.13058
2.31135
19.8426
14.4892
3.88247
14.0097
6.8176
10.5309
16.325
18.6145
19.6207
13.9493
16.6676
5.28275
19.764
2.17212
8.56869
5.13958
7.99453
8.43578
10.8976
13.518
0.12626
2.42261
18.1202
13.0517
0.928341
1.43431
7.16115
5.72318
0.807226
7.0699
19.0317
16.6453
1.60895
14.0994
12.4762
1.57093
5.25482
18.7756
7.77569
3.82878
13.8802
7.02183
8.12007
13.5344
4.66217
3.04828
2.78586
16.1238
13.729
15.5993
18.2761
3.33062
1.08077
14.7681
0.416154
16.9285
5.13067
10.2188
11.6719
1.92408
19.2687
16.1249
3.40755
15.1581
0.903059
19.0723
13.3484
16.9441
6.00536
7.0776
7.33508
11.4708
2.62648
2.21969
1.08776
18.9472
13.4328
6.51704
8.81791
4.0108
13.2644
0.447774
11.2579
1.70729
9.80425
12.4846
10.3286
1.47317
0.155094
5.99044
0.666264
13.56
6.67738
8.76608
7.94681
18.5935
0.940677
3.8651
15.6355
5.45178
11.6463
19.1899
9.31032
0.781838
18.7609
19.9346
19.3008
18.2981
10.138
11.8509
0.427221
13.2521
8.89554
19.4135
0.0452161
4.027
17.1751
16.6375
9.97012
15.0951
3.48968
14.8966
14.1106
6.13797
2.35189
18.3615
17.1839
2.62131
18.8322
12.0315
2.19257
19.2066
18.6636
11.0324
19.8703
3.93781
18.6914
16.4784
3.97467
10.7117
16.5129
10.1317
10.0499
16.3896
19.1289
7.5729
13.1954
9.27227
12.6168
3.92393
16.8806
3.76649
3.02904
9.3032
4.63408
19.304
7.25059
12.9335
10.0635
6.71316
8.25708
8.11493
3.00077
11.7238
3.9066
5.90377
17.4377
0.414837
10.9249
13.073
1.10316
14.0047
1.00306
14.0232
0.0398893
17.8373
2.37911
19.9405
16.0855
7.77654
1.91065
10.3969
6.7577
7.35658
11.5997
2.06056
8.69394
12.3611
6.77258
8.43952
14.695
19.995
2.39813
0.522481
13.1326
6.38781
3.91982
16.0668
3.15291
11.69
9.41626
18.6118
9.9374
3.61336
9.58113
6.77689
16.1586
8.90706
5.82728
3.57917
1.4829
11.544
16.6714
11.2079
1.65689
3.22572
18.3582
0.50576
13.2525
4.83994
6.36819
16.3856
19.0405
2.36965
1.2175
12.4407
12.9394
17.4779
10.9171
1.40326
6.14239
1.9083
9.50882
14.131
4.69074
7.98904
9.16019
8.11038
18.3028
4.71331
3.43274
19.172
8.88782
14.0984
3.9935
9.53986
8.45986
7.46007
16.3432
6.82144
19.326
14.9289
19.3034
16.9787
2.43695
17.2981
1.233
16.0446
4.07341
14.1343
5.09643
9.67521
16.3915
1.54627
6.62728
1.4651
3.61465
18.8112
18.2262
3.80084
11.8369
14.77
0.339119
16.5558
0.981306
8.50187
5.71674
16.545
5.2374
1.06363
16.854
7.9352
16.9778
17.4161
8.9757
0.60083
19.1409
0.736558
19.1633
11.9671
0.00543997
18.661
9.46416
12.1377
4.57633
16.7881
10.4357
1.92203
17.1363
11.0128
0.00389031
5.05394
19.3661
19.6593
10.229
19.6563
13.7097
4.2836
15.0402
3.23147
18.7074
14.4523
1.54033
15.2705
1.20405
16.3401
7.82419
7.09329
2.12875
2.91449
1.19182
7.54057
7.16859
0.739682
17.2078
15.5092
4.01073
19.0564
5.05057
3.09069
6.18668
2.10138
11.1404
12.6135
18.7598
5.66947
0.103213
14.2955
19.6026
18.1859
15.535
15.7528
17.876
1.89584
0.70829
19.0899
18.4325
16.2826
10.0137
12.6589
4.71016
18.5184
1.27079
15.0263
5.10148
1.80061
10.9932
17.4662
14.2345
4.18571
1.35903
18.8336
9.03195
3.9683
3.46907
2.95827
8.90191
0.207327
15.4174
13.8136
9.07563
3.63897
14.143
4.46096
18.0781
18.2996
12.0833
9.57704
18.06
7.70177
3.50308
16.3776
2.95716
14.3835
14.1998
13.7926
7.14483
17.718
9.507
19.9392
12.1648
3.53309
6.90201
0.428817
17.11
17.6502
15.4
12.8821
13.8839
0.124402
9.25029
11.0036
15.5558
5.47045
5.76162
4.05639
2.59551
3.91542
13.4962
9.33122
4.23074
4.16088
2.9887
15.5983
0.966285
19.665
4.77374
0.525211
16.6881
10.3655
0.8532
8.20202
17.2433
15.6388
2.00078
8.8483
15.1316
15.1623
5.97544
4.93423
5.18539
17.3968
19.6806
11.8698
8.14712
12.9763
15.6022
4.3861
11.4209
16.5857
18.9417
14.1073
6.36513
7.31999
9.95861
17.5074
2.98131
5.89848
1.32734
6.83423
14.3225
14.0218
3.23738
3.76854
13.9036
0.165665
5.2159
16.3657
2.37962
6.03808
16.7199
2.59935
13.6713
9.31505
14.1395
13.9827
1.48325
14.5755
4.75429
15.6378
8.85499
4.15638
6.43699
7.70405
5.62168
5.19274
7.22118
12.9307
16.3621
19.9374
18.9888
2.40595
10.1517
9.97853
17.4649
16.407
15.1564
4.48876
19.6791
10.9878
18.2738
19.8047
7.93903
4.80316
11.9792
9.91595
15.8452
9.96459
1.57449
2.66606
14.4568
16.4489
16.5195
5.4924
3.33431
5.79441
17.2383
11.1177
14.2722
19.834
2.04995
14.8795
13.2532
17.4719
12.258
1.32846
10.0789
14.2428
16.6217
12.7792
0.777432
12.6473
13.0392
16.6075
5.88589
11.2415
4.29127
8.9969
5.57264
18.0576
5.76527
0.0707083
5.57086
10.4614
18.271
19.8506
11.7424
0.521922
4.78348
10.5929
3.84693
18.4838
12.7336
8.84632
1.25505
8.60527
4.28996
18.623
14.4325
2.45304
3.71373
2.83383
1.82515
0.199398
17.0522
13.003
9.76493
14.485
1.55156
3.83264
5.64007
2.67295
9.21365
7.6548
6.10286
16.6041
3.14332
14.7662
17.0237
19.6855
1.63617
6.96201
8.44735
16.9158
0.04309
2.54366
10.869
9.51865
10.3525
14.6606
8.62748
19.2539
18.168
13.3707
19.4864
14.658
9.87061
0.0762584
15.7834
11.6799
13.7948
19.8103
2.36958
17.0173
0.408424
14.2983
15.4866
14.0122
5.5224
8.73123
18.1471
2.23066
11.7135
0.66971
15.7858
8.52784
2.80475
10.6669
7.28173
6.75089
1.17424
1.75433
4.62588
0.602592
6.80834
0.748089
9.02989
10.0532
19.3673
6.32944
18.1453
10.4529
19.2476
11.8918
8.86247
6.04314
14.6499
2.89855
1.09337
8.84448
3.43029
6.39624
12.804
10.8474
12.0776
19.8539
10.3101
5.24206
8.00173
18.2856
8.87037
5.07536
14.9347
10.6548
13.5461
4.5357
3.52128
5.29648
15.5174
9.89861
1.02911
12.6842
11.3969
11.4117
5.3731
13.6249
8.4205
7.26993
3.10662
6.77461
15.3449
5.17971
18.1138
15.1607
4.53081
12.0841
8.12052
18.5936
5.59552
3.03451
13.0826
12.0381
0.234199
13.722
12.549
7.06022
5.92229
2.07098
8.80047
9.41903
1.57529
13.0411
3.94528
8.09666
19.8632
13.1781
7.52966
2.36696
5.43213
16.9009
5.52181
17.4507
2.74114
8.12535
8.91609
18.1303
18.6945
14.9248
17.4031
15.6635
11.6499
17.264
12.7709
13.1472
3.30242
2.32216
19.8989
4.47866
5.21472
3.47647
16.3529
7.95171
5.33922
1.45715
19.0854
14.2931
4.41423
12.6314
0.405072
13.9336
3.38382
18.5821
19.2984
6.68453
11.7474
2.90008
12.7958
16.2415
16.435
17.9703
11.3422
1.72044
19.6762
1.40808
1.12707
10.6891
6.50455
11.5451
9.62673
5.37617
13.8904
9.07427
12.0552
0.285313
10.5698
14.0303
1.00365
4.4177
12.1618
16.6362
14.2419
11.82
5.10066
8.36837
11.3965
14.0389
3.81891
4.61907
4.37341
5.66483
5.42578
19.7016
4.17381
15.3613
17.1661
3.86721
5.03341
4.00335
15.0939
11.6373
16.9741
19.4153
14.4072
2.41817
18.5639
1.1076
1.78714
4.61528
4.15199
10.3569
5.67468
3.29214
17.7931
1.82007
9.83824
18.608
14.0274
17.1748
1.92998
4.17633
17.772
19.2471
7.66995
18.4898
15.372
8.5953
12.6952
8.39735
17.5017
14.2521
16.8149
18.5668
2.45382
19.5141
15.8016
10.4866
12.6512
13.856
1.57269
0.646325
11.2708
8.26479
8.22052
1.12645
7.65565
14.3462
0.790431
0.593915
6.89488
14.7659
10.6265
3.15067
8.68091
3.54759
13.0778
12.5385
10.2498
16.0497
10.2298
1.49477
7.14132
10.0653
0.204285
5.98076
12.6804
19.0936
5.75896
4.75537
8.07645
8.91063
19.1124
9.20505
18.8288
14.0588
16.8578
8.6714
18.4718
15.1297
17.8818
15.222
16.982
18.7737
7.43777
14.2311
0.860966
7.22572
1.11352
15.8696
1.77392
3.04877
7.43153
1.67444
12.3309
18.99
6.05014
8.63955
18.9971
14.5774
9.19705
0.882473
4.28348
4.35182
1.12923
11.3663
1.5286
0.145007
11.8525
10.817
15.7179
6.77517
9.6156
18.7398
12.026
8.61004
1.61683
14.9569
3.25138
11.8407
18.0241
17.5455
13.4913
13.6239
5.70323
15.3375
0.599424
15.8078
12.1794
13.4185
11.8995
19.0208
3.89663
12.4139
18.422
9.39765
1.81817
0.148835
16.7086
9.52704
3.24859
18.9727
12.1288
0.327303
18.7093
11.8996
6.98011
18.7711
3.69211
8.40331
12.0775
13.1637
2.34323
0.54084
5.90863
10.9756
8.9765
14.3772
5.50885
18.244
2.37676
9.21373
10.6472
4.60322
0.842137
14.4352
3.02934
16.1555
13.3819
15.2449
17.6266
12.7028
15.7972
17.4672
1.18056
17.7321
18.7097
5.24814
6.08354
1.91869
12.4707
2.23793
12.2137
8.22415
10.8557
16.9617
5.23513
6.05236
9.74047
1.85904
1.0149
10.3625
6.17108
11.1315
0.0239321
6.15885
14.0229
2.2633
0.00612151
3.60669
3.37438
7.02453
8.99159
13.5193
17.3608
10.1595
10.1342
6.51108
3.26047
3.11093
2.99604
10.4749
1.68145
17.2487
13.2505
17.617
14.582
9.41905
0.679476
0.708387
15.0361
13.1801
13.7139
8.35609
12.524
5.32629
14.6182
6.46239
4.52088
8.19495
7.5149
1.72908
6.49338
6.92188
5.39507
12.2148
8.75889
10.5067
14.8208
11.8373
2.70668
5.61803
11.9173
1.99147
3.45525
8.86687
0.693795
18.1776
19.8526
0.362542
13.6479
3.00502
10.5047
13.29
1.63337
14.9587
18.9982
10.459
8.53014
13.4686
17.0216
5.0813
18.3025
5.93722
19.4886
7.82621
18.558
19.1242
1.76627
0.55715
10.5654
13.3218
18.3752
14.4491
12.2017
7.90411
3.1594
14.3176
12.6868
2.11321
4.76573
7.1831
16.7045
8.79654
9.3933
0.010057
4.61654
18.7529
17.2518
13.6919
18.8263
13.7144
16.4857
14.4687
0.823969
19.0663
17.3144
15.6105
8.85316
19.1069
10.0969
0.677225
1.70815
0.498573
18.0834
4.55108
2.04344
11.3871
4.31064
16.7031
10.851
5.62401
11.1322
3.77154
7.35422
10.211
19.3441
15.7649
13.9241
14.4729
13.2914
9.47512
5.02267
14.5589
7.67769
3.88754
14.829
9.39008
11.3724
13.1142
1.80661
2.53503
12.8415
3.73543
17.2537
9.22054
13.0416
8.92401
3.72733
0.630659
14.4748
5.10377
2.56624
16.194
3.25323
15.0607
15.1674
16.6567
12.3276
5.33565
19.3844
6.00413
3.95918
10.7861
3.16088
1.97118
2.68599
6.82563
0.843835
19.8758
9.39007
1.25046
8.31786
0.144762
9.04701
16.3534
1.29784
11.1582
14.7055
4.89757
8.04864
18.8721
11.397
11.1466
13.8089
0.745556
8.55318
14.4865
16.5538
17.8016
4.37129
0.96528
16.2524
9.77397
13.4087
13.8431
4.68813
2.5439
8.50081
14.3448
18.9223
18.4615
4.78677
11.2031
8.51294
7.55892
10.1078
10.0951
6.154
6.65111
8.64698
4.17712
1.27203
15.6079
5.03418
18.9286
17.5
10.6745
5.70024
0.299456
12.1015
12.5005
18.0372
2.39999
7.35417
3.51802
7.77894
2.22726
3.9873
3.21231
12.297
19.0588
3.39169
11.8892
19.3591
13.7054
11.4417
18.984
10.3484
1.23894
16.1994
2.56025
10.5408
7.93172
7.02457
19.5575
9.55267
1.4893
10.7227
15.3219
7.68837
6.47016
8.21734
14.2049
1.67309
17.8972
16.8266
13.9981
16.7376
0.150414
5.13507
13.9203
4.65682
13.7641
10.9745
1.99445
10.9011
13.8865
4.10334
9.9525
7.48698
18.5424
7.01702
0.72474
1.07302
12.2176
2.429
10.8454
17.614
1.28453
15.734
18.5595
15.9886
7.19236
15.0291
17.4821
10.006
14.3022
13.0244
18.7478
18.2037
15.6832
15.9901
17.3825
5.67018
12.6636
16.9786
10.9356
7.43477
3.98166
17.6569
18.1141
1.14425
13.1026
4.90691
18.9969
4.78434
8.41718
8.28665
5.70509
13.8896
1.26522
6.94196
16.1545
6.74548
15.708
13.5385
1.06004
6.50317
15.5429
14.9593
0.817044
15.3286
12.0612
15.9109
7.04182
9.23332
0.489137
14.9786
2.41473
3.58585
17.7115
16.5723
18.4704
17.6334
0.373488
8.89444
13.778
17.1602
8.54181
3.30671
5.04672
4.23168
19.0475
9.47253
14.5711
19.3823
12.9691
9.27595
6.92154
0.323896
19.1347
12.249
17.3418
17.7486
3.01775
18.9974
16.1209
19.6767
4.14895
7.20917
6.30967
15.9056
14.5648
0.293389
4.12085
19.539
3.42773
10.3666
9.23626
16.6493
5.23376
9.38026
7.78462
5.74754
5.24052
6.04353
2.67029
19.4461
15.8115
17.2678
1.16247
4.76626
17.1721
2.65158
16.0722
12.9027
8.44798
9.32166
5.80873
14.8157
4.23235
15.9828
6.94161
5.60078
14.5079
2.74778
3.42069
3.46831
19.9206
3.06441
11.1639
15.4094
9.79815
0.0209449
10.3178
8.05463
12.4327
12.4039
13.5296
1.59996
4.05351
5.11442
15.7483
5.87804
10.2793
17.6562
12.6291
13.2944
7.24723
10.2234
9.35188
3.01583
19.9115
10.4037
3.90125
1.43867
18.1024
3.40193
10.8042
12.3714
6.048
11.4975
2.58688
15.274
18.2708
4.39492
6.81275
13.7199
19.9586
16.2978
5.91817
7.27042
7.64121
10.8477
0.275615
8.52505
18.2568
11.5309
8.79684
15.4452
15.5177
4.3169
0.748134
13.5213
1.62311
6.47606
10.0192
17
17.71
18.0039
16.8758
5.57385
8.36751
15.5706
14.7442
3.6664
7.78456
9.42164
18.5131
0.736547
15.4294
15.3753
6.24311
9.71639
15.2334
7.62094
12.6868
17.9277
13.9373
3.47021
0.325555
16.3458
14.6553
14.7511
19.261
1.32883
10.7377
19.8635
18.6843
6.29829
8.36858
16.2575
2.9072
19.5847
11.6089
15.418
14.69
7.56915
15.7579
13.2261
13.9447
1.1087
1.04551
15.7564
14.074
0.265143
9.70765
10.8855
17.8478
3.79113
15.9406
8.87953
9.07479
10.6685
9.47387
13.7891
3.3963
6.546
9.36681
19.5038
17.1589
6.7037
16.958
17.6995
2.11203
5.79729
10.7655
14.5023
7.28653
6.36222
15.833
6.57602
9.62219
6.66457
13.5287
3.18153
11.1879
16.329
11.3085
8.1355
7.84478
11.0445
19.9654
10.0934
11.7709
4.91049
8.02073
7.51122
9.82722
16.3016
15.1196
5.98327
1.17465
14.6063
10.5603
9.01294
13.8138
13.5295
16.1428
12.0679
16.1451
16.4307
14.89
6.16482
2.96762
14.3348
0.178965
11.1063
11.5864
12.2597
3.46332
2.33593
16.9504
0.673008
16.0659
3.54822
6.26294
15.2299
12.1262
0.944584
13.6849
12.5391
9.23397
9.33217
18.4016
18.7535
19.1614
9.39155
2.19536
2.34346
19.6118
5.84091
19.822
4.63589
1.8279
12.6546
17.2662
6.08774
19.9046
2.34349
12.7989
11.2203
1.81682
17.6203
0.656307
10.0447
6.12871
10.6481
8.87489
1.32317
16.463
13.7131
16.9527
12.3966
2.31908
11.5752
2.28323
12.8431
1.14961
14.8337
8.11715
3.7914
14.1301
14.6951
2.66546
5.99941
17.6705
6.11251
11.8126
11.6905
17.3334
4.05467
18.2721
9.66112
6.6274
9.46137
3.9479
12.8807
11.132
3.77994
10.1533
8.75419
7.79277
3.36042
8.2087
2.59739
16.4123
6.27906
14.1527
8.27749
0.438191
4.95976
0.894101
1.31029
2.80949
3.52958
0.332733
8.31168
1.22355
7.11023
17.709
1.70081
2.89622
7.43523
4.60824
16.0458
1.38509
1.02193
1.99889
1.67795
9.09391
18.6063
2.95251
16.4828
8.07517
18.9539
2.4806
9.89312
3.0202
13.3235
19.7589
17.0275
0.279882
19.7678
3.90046
3.51388
4.60969
13.8355
0.552718
14.0103
8.43225
5.52652
10.1531
7.54428
11.6689
15.3219
11.8615
8.79295
10.2595
12.5828
1.89534
6.29419
16.2108
11.6755
8.35105
4.39886
19.7407
18.9299
1.57334
14.8685
7.32368
8.20587
14.2646
19.8364
4.08313
2.26201
18.5678
19.958
11.3348
5.67001
17.4823
13.1132
1.15752
18.5627
13.2052
16.0013
18.4479
1.22231
15.0927
15.3428
15.3543
9.18327
16.4771
5.7589
11.7547
19.6985
18.3326
1.79914
14.8115
7.39766
18.4539
18.4727
15.6712
7.2769
14.5771
2.65286
8.39642
13.1091
1.56587
9.72109
3.64632
6.12961
6.3027
18.7715
18.2672
12.2224
5.35731
3.12001
2.0531
0.88607
8.02384
13.2784
18.7414
18.1896
4.14498
14.3081
3.10969
11.1981
6.5589
2.12055
0.625746
5.22191
13.0365
6.98041
1.06588
13.201
10.3786
7.80581
4.23098
6.2961
2.44302
17.4405
6.20802
13.8925
8.534
10.3124
1.92027
2.01719
4.68517
3.76609
15.2342
11.4767
15.1481
3.82145
9.47578
18.8648
17.5158
16.8385
8.63899
2.74202
1.69117
11.1167
5.90613
5.07271
4.27411
12.075
6.5901
13.564
10.1025
3.29547
16.4108
0.119897
2.30569
19.9089
15.1036
14.9795
1.40651
12.3525
15.2714
16.5669
13.7925
12.3877
9.908
8.73402
18.4986
5.39033
6.69228
12.8898
11.7889
4.42636
2.50896
15.6233
4.67736
14.5308
0.780381
6.42581
9.47548
8.65858
11.1376
1.89012
12.7723
9.83471
16.8728
1.22646
5.38081
6.86526
18.5575
10.41
13.4191
1.45308
17.6579
18.016
15.8759
1.97761
2.08817
7.80843
19.19
3.72595
12.5734
16.9908
7.54739
13.789
6.36797
14.4044
1.3062
9.37788
16.4522
8.32476
4.31957
18.1732
17.5666
8.08883
0.776733
12.8334
5.50632
12.9093
6.64103
7.37776
10.0585
19.6187
18.5162
8.29479
2.88488
7.22624
18.8778
7.01935
11.6612
12.3678
17.2448
15.1158
19.7393
10.4915
7.34729
17.8557
5.64603
17.8203
3.85122
8.79107
6.77806
12.6736
17.8087
19.7305
7.56635
14.2194
0.266469
1.21581
16.2196
16.6468
7.0368
3.14781
19.8845
5.04516
10.5535
18.8693
5.41388
10.1224
2.05111
17.6155
10.9726
2.21293
9.69508
19.3841
18.7988
3.16692
18.4995
7.96527
3.38767
10.7138
0.765369
8.72524
19.0241
15.8976
9.77664
4.44994
15.3257
0.0365568
4.92468
1.78851
1.87649
15.9135
13.3156
8.87314
18.9585
4.13437
6.78824
15.6623
8.35284
16.765
9.85705
14.3595
2.75144
4.37583
16.2463
2.48834
15.032
8.7066
15.1217
0.76042
17.6682
10.6074
0.659269
3.89374
11.4062
1.59493
7.19909
14.9936
2.93621
11.0867
2.16543
7.55299
14.5216
6.25606
10.0185
16.1386
16.2246
6.55667
19.2605
12.3632
19.0581
9.7075
5.65315
9.68458
0.0116079
18.5003
5.55994
16.0717
5.21087
3.18316
5.07482
4.60114
12.2502
13.1575
15.879
2.84664
9.14907
4.24908
10.7314
17.1114
0.369871
1.99776
9.3295
15.9878
3.36471
5.26937
0.612927
18.7607
2.77426
6.32768
14.0984
7.93958
1.9373
3.9717
16.1009
4.33193
13.2939
18.9893
14.2337
3.95494
4.43677
1.28182
6.99831
11.9541
8.60902
2.886
8.27675
14.1939
0.480708
7.77934
16.5842
12.4849
18.2596
5.28914
19.2267
5.95521
15.4231
4.74585
5.90887
9.63556
19.9339
1.88253
11.5803
13.2282
5.02608
7.6747
5.67982
16.9885
4.12318
14.1046
4.89562
13.4334
18.4679
7.94532
5.13087
17.776
9.56657
3.18186
15.2575
15.139
8.7929
18.8323
6.35877
13.4945
8.92134
12.2909
3.43502
1.25408
2.93994
1.47955
5.15107
6.29704
19.939
2.05246
11.7241
15.0061
18.9177
8.81148
13.3651
3.17417
13.008
2.30315
10.7922
2.59925
18.5408
4.04217
5.57166
7.09325
1.07246
5.18321
16.1204
7.10583
13.6864
12.5471
16.4103
3.04567
18.3377
0.218801
13.1739
4.26436
14.2573
2.28354
6.72369
9.2014
0.175293
10.5375
1.27541
6.60574
11.7176
17.4268
16.4401
18.0572
6.65008
4.16249
17.9709
14.701
18.9959
11.0025
2.13129
7.15839
8.98598
14.6501
19.4348
10.1743
1.70598
12.328
12.9762
6.90384
9.17659
17.9539
17.3392
17.2737
7.7874
5.9705
6.27824
5.53733
17.3736
10.8227
4.43717
4.50372
15.8704
16.684
2.05623
3.20562
19.4837
12.1725
0.474568
13.2234
14.1417
8.7751
14.3325
15.5433
6.6321
4.45963
11.6115
17.0031
9.62738
13.1059
0.18628
0.471968
8.93979
11.1429
15.5954
10.4007
11.1011
6.60292
17.7552
8.46882
7.84082
6.31326
6.77344
7.31309
10.8085
11.3799
5.84913
17.2003
6.62684
5.45267
2.77916
13.3833
16.9885
9.34717
3.85512
10.9813
7.76818
13.5423
18.0539
13.602
8.3402
15.9297
3.84406
0.558148
13.5614
17.3306
16.0905
17.6662
11.5117
1.28647
15.8219
3.72248
9.31148
16.1575
19.4215
3.73024
17.1524
3.91763
0.140209
4.22869
16.8052
9.9375
2.80647
5.82027
19.2143
12.8498
2.5197
8.85
1.82622
1.80883
17.4866
7.25408
11.747
11.4757
5.59258
3.74126
17.4631
11.7522
12.6921
0.0821831
16.9318
12.9731
10.6767
16.6726
19.6383
15.5837
5.89816
13.9627
7.14039
0.708391
6.99818
2.17212
1.95323
12.3872
9.01513
13.8618
14.5466
12.2818
17.7519
12.8072
3.95727
10.9629
6.52995
12.4718
12.1322
11.9761
5.33572
19.1471
19.3966
10.7959
8.77114
11.4837
0.109316
0.667985
18.7945
6.96257
0.792662
12.1671
0.0363514
8.84718
12.2852
8.69912
17.8499
10.655
14.1572
0.77579
3.20116
11.5939
3.33931
13.9402
5.37659
8.3101
6.5081
4.95963
5.41276
18.5439
2.30338
4.39019
13.5991
14.1808
15.5582
19.8813
3.66718
4.82078
15.6581
8.73373
4.93598
0.0553615
16.0674
16.3215
5.50571
11.1893
3.50714
7.0235
18.3281
14.1761
7.08608
1.90223
18.966
16.2001
3.81647
17.4485
13.3733
17.1709
15.4574
1.73512
7.40359
14.4763
12.6988
14.4357
10.599
13.7357
9.00251
17.7676
13.6597
19.8102
9.29384
12.2828
0.0568135
17.9043
15.3481
2.44511
12.5034
17.8883
11.2979
3.63228
4.85351
16.3065
3.49746
16.6251
5.59808
15.4128
6.0594
2.16182
4.67424
0.741555
15.536
12.8386
6.18775
4.19705
16.1595
6.55361
16.7903
18.5397
19.5123
2.03002
16.3689
5.09818
10.5671
9.44645
1.32444
15.4895
5.39345
11.3498
12.2115
0.638309
14.5679
9.75256
6.11435
2.70251
3.13522
17.2528
17.4634
9.83476
7.1432
16.7888
17.9731
6.80541
9.02847
6.92634
3.42365
11.3856
17.3699
12.3925
7.85959
2.28084
4.41152
4.63199
1.755
1.22025
4.24315
6.66669
1.85073
0.908496
18.2782
12.055
10.9062
10.6975
1.18947
4.7341
13.1813
18.8942
10.6337
14.1297
3.83391
15.2984
12.8402
11.3316
11.2037
12.6402
5.9171
12.7039
13.2902
7.24645
8.45617
19.0396
10.1587
18.7184
13.9345
3.06132
9.83536
13.4417
3.94438
6.82951
5.06491
10.0342
0.728972
14.2738
4.49885
10.2471
15.1511
11.9898
9.97321
16.4515
9.75449
18.9726
0.925146
14.1864
1.02833
4.37533
10.376
4.46571
11.8756
14.3869
16.7327
11.6572
19.4398
4.65432
13.8893
13.9663
4.00634
9.70042
6.63863
12.0924
0.230862
9.50496
8.17827
5.42298
10.5892
14.2974
9.51328
15.1554
19.5224
12.9433
11.8735
11.461
15.5936
15.2961
1.67831
0.328668
6.59777
17.1935
17.9578
2.65586
10.0905
6.04059
18.777
6.25555
7.13214
17.1702
8.42887
11.0042
0.199443
9.05144
15.5616
0.356778
18.1245
13.1957
3.21111
14.7798
14.2191
15.4619
9.45626
7.2131
2.7369
2.51657
9.99494
4.88987
3.77843
12.9669
14.4571
10.5279
4.20606
1.18013
14.1102
2.4374
0.0509638
13.3466
9.64886
7.37642
18.3726
18.5949
18.3691
16.4286
19.5101
1.53643
6.54186
0.8345
2.79027
15.0828
9.85315
2.0077
16.5661
0.946813
9.26869
2.65182
2.01814
0.166794
13.2477
11.0371
18.7732
12.1499
2.59884
5.9738
7.11909
9.86415
14.5336
10.1815
17.0192
16.6385
12.4499
8.59396
7.2691
0.468038
4.04179
14.0306
18.7893
0.692945
4.20244
1.93959
4.29686
18.3339
7.53572
8.33248
7.30017
1.14867
17.6503
0.0869066
6.61039
8.284
7.99595
5.06889
16.757
5.1175
14.0786
10.5044
18.5041
10.2847
12.8196
0.813473
14.3925
8.044
17.52
5.93574
16.6756
9.46818
6.67146
5.94454
19.3353
16.3301
19.9798
19.415
11.6913
3.86491
9.58028
8.25307
0.724749
19.7536
3.65254
11.2636
17.8014
14.2938
8.93995
7.98223
3.24982
17.6969
17.0872
10.0069
15.7966
13.9141
18.21
11.2034
0.44711
10.1308
13.8151
17.0363
15.0481
12.4293
10.7664
1.17737
12.304
8.80721
14.1094
4.87218
0.696775
4.64061
10.6769
9.26542
17.5015
18.2001
17.2849
11.8351
15.6969
2.70206
8.2142
5.54712
11.4776
5.37807
5.17691
5.81592
0.14135
1.23647
13.39
1.93679
15.093
1.13867
7.81239
4.80569
2.73
12.4561
0.0636168
13.6318
2.34834
9.06492
3.33531
4.47231
13.2091
0.707872
16.0781
19.4636
9.84954
18.3296
1.84927
1.66707
6.25655
3.81884
1.18151
8.20033
11.6656
17.0588
13.2379
2.92249
1.01287
7.21537
9.17947
11.6982
14.3643
19.7388
5.01505
6.01776
13.9254
4.38781
8.22345
8.89156
2.34386
15.8756
8.26036
3.72415
10.5066
0.60331
15.1244
2.08724
3.81296
1.64307
1.52122
13.8371
16.1733
19.497
18.1845
1.13513
2.9541
10.3683
8.64827
2.36205
0.662426
14.5969
6.01461
5.36118
16.936
16.9126
13.5604
3.98304
18.5846
16.4722
3.44506
17.3724
13.0559
18.6954
16.4595
0.0628017
11.7128
11.1957
8.38578
13.4914
11.3076
4.56978
5.01629
10.6895
0.277469
17.0198
16.3145
0.373617
10.5644
5.53043
14.0294
7.64618
17.9791
9.92776
14.2293
19.7831
2.72931
18.4956
19.5517
13.1244
17.5521
19.6064
3.45259
17.0552
14.5627
4.21147
8.23712
4.52867
11.4137
18.5298
14.9606
9.98972
12.1318
11.7731
6.39491
17.1379
13.5921
13.3212
5.72571
4.87974
0.0606969
2.50094
1.85058
6.43118
3.45747
11.6442
15.3924
2.24975
1.65645
16.8899
0.790604
12.5954
4.69291
4.76817
12.7354
5.09785
9.51221
6.52037
8.29092
4.04578
16.4787
5.43947
15.7957
10.8432
19.1123
16.6746
8.64729
8.5328
16.0814
7.37946
11.4461
13.1636
8.4936
0.389374
11.2123
12.3089
19.1787
2.20796
6.73319
4.95719
16.4362
1.51195
4.47217
4.51154
8.25469
2.48944
6.1142
16.4644
9.209
6.28091
1.46897
14.2861
4.65875
19.2006
0.863962
15.5987
13.12
11.1217
5.57383
18.0936
19.1435
10.3785
2.5618
14.9102
3.79435
11.2231
3.45185
6.55415
6.89693
13.41
3.17842
14.0004
9.35121
0.466948
6.67626
8.42496
8.2058
5.95406
10.8461
15.1025
11.8334
6.45961
18.0836
5.87387
10.9384
17.5035
6.97748
3.03341
1.73332
4.50489
9.91854
16.3296
7.86731
9.94459
7.40337
10.2904
17.4612
10.1944
2.7587
16.5522
0.874281
10.6355
5.29651
18.0327
4.45234
6.20599
7.31868
7.03454
15.9216
10.8768
4.46921
17.5853
15.6824
16.273
3.4719
5.41309
19.0991
1.87826
15.2584
11.287
6.84814
10.5939
6.8458
9.63612
3.99127
0.591362
17.9033
10.4335
10.1728
18.6464
12.1188
7.92956
9.81984
6.5963
10.8945
18.6302
2.7272
17.6676
6.71948
15.66
9.12972
12.4086
7.16955
8.68546
12.5079
13.8618
2.40216
18.794
8.45619
2.99925
5.34918
3.55034
7.07342
12.2629
14.3353
12.3156
4.18362
4.65722
6.05758
1.36013
5.86802
19.8453
12.7618
17.9598
9.71712
6.72529
6.79916
18.2077
16.6238
14.4863
15.2849
1.71839
9.67803
10.5002
9.63249
12.8371
2.23468
11.1266
10.4862
17.9988
14.0933
1.75549
11.877
3.85994
19.013
10.1288
11.7424
12.3551
3.99796
16.9216
9.63524
8.56435
16.2681
16.2756
14.34
8.39411
3.42217
18.239
3.75648
19.7762
5.00077
13.4585
14.5697
15.8829
17.5653
0.951275
1.65197
6.45106
8.14099
19.4288
9.14176
17.9368
6.92955
12.7906
7.3017
16.524
14.7574
19.2106
3.2239
1.045
11.619
14.8799
3.89605
2.55114
18.0875
19.5426
1.01294
2.00224
11.0111
17.3287
0.179639
2.30209
17.5672
3.28656
7.21802
7.51945
13.752
11.7517
3.87002
14.294
10.5055
6.90385
8.88747
6.18084
7.54689
16.459
7.50555
12.3314
0.618712
12.1314
15.47
10.8631
16.7763
8.90784
0.285598
6.8594
15.0676
0.971958
14.9669
4.3361
17.8355
19.2152
2.51372
10.187
8.01548
12.6033
5.95491
14.7322
10.3421
17.7628
17.2849
6.93294
17.8353
3.34187
1.97212
4.99657
9.76289
15.4618
7.5563
2.63603
13.4984
9.0225
18.9383
12.1604
11.1968
16.702
8.64716
8.93047
16.1265
0.60348
15.5007
12.1635
9.62006
8.38783
10.537
13.8833
7.46598
9.54552
5.34471
7.87869
15.0165
19.0016
6.49148
9.70885
8.96342
0.851961
16.2679
3.96832
2.76111
0.989343
18.3743
12.7082
7.89571
2.06826
14.5414
7.31819
13.3484
14.3428
13.4095
15.5623
11.3148
7.61642
15.7647
16.739
13.8822
3.34215
11.5486
4.31206
10.9012
17.6904
3.16213
1.68179
1.31307
1.71155
1.30534
9.70689
9.76484
19.9482
13.7211
0.885231
0.594749
16.8493
19.959
11.8107
18.3014
3.99709
13.1573
17.5994
3.52839
16.9749
15.7187
9.82477
17.2797
17.6118
13.8498
8.48327
12.9847
0.525327
6.85128
8.40884
15.5393
17.6464
12.4575
12.2367
16.8589
12.372
18.0581
8.85173
13.8245
2.30118
18.2234
2.37873
8.64512
5.89502
0.369027
14.8547
15.1029
15.8867
9.32885
16.3331
6.37821
10.8546
19.8216
3.88759
2.31592
19.3518
4.80413
7.70204
13.7214
8.76102
11.2806
19.124
10.2727
4.65104
16.9777
17.3439
0.801114
15.8383
0.926461
11.7255
15.7114
11.3636
15.5053
14.8572
9.28918
3.21688
14.7525
12.0423
10.5399
19.2772
12.1259
12.2009
4.94127
19.8473
17.5094
11.5841
15.5517
16.9548
4.37935
1.45463
14.0553
0.843475
12.2443
10.1798
0.161903
1.02254
14.2962
0.33525
14.3056
4.68063
4.66695
1.01332
10.3953
14.1562
11.7595
13.8981
2.57466
1.04368
10.8097
19.9435
19.3946
3.74513
8.44649
6.83284
8.9539
8.98004
2.28256
13.8522
14.6582
7.89156
6.60262
0.808271
18.2336
5.09783
11.6166
15.4895
9.20315
16.4379
16.2766
5.03036
1.78963
18.554
17.6475
14.7722
14.4914
16.8936
8.401
13.6531
12.6892
0.101178
13.1137
3.7227
10.173
2.52399
15.0162
7.92517
11.3469
2.37287
10.4637
3.38111
9.57302
11.7497
2.44811
5.29011
11.5673
4.99175
19.2101
4.30034
9.26663
19.2916
0.609499
12.9986
13.2909
7.14776
14.8981
5.45511
16.1239
6.77851
0.47058
11.7023
13.1466
17.2917
3.68286
2.28133
14.5066
19.262
0.910752
4.27263
15.427
10.7952
8.1653
4.6923
2.31134
11.9035
13.923
8.50038
13.9776
9.71597
3.91719
13.6496
3.8196
2.91615
9.33291
7.74797
18.765
9.1295
4.22332
5.10506
7.76566
18.9696
14.156
17.0129
4.33612
4.49423
13.4371
10.0707
5.98008
8.54159
10.8612
16.1817
6.27585
18.103
4.82866
14.8313
11.1737
10.2104
17.4004
6.15883
17.0148
10.9168
19.6338
10.4713
14.2891
2.12036
16.2314
18.0103
4.30986
3.8294
11.3954
12.1037
5.51902
18.8945
2.19255
19.9268
15.4611
4.22852
7.8865
2.1458
17.8652
9.75202
7.19241
18.5217
11.8117
12.8354
4.36492
5.15181
16.4574
6.62084
19.8824
10.917
4.99752
9.79159
4.32479
15.3122
17.2743
5.08759
16.8353
8.18424
13.8126
19.9043
7.1435
10.3834
1.39524
16.481
2.83371
0.652876
4.79744
2.40213
3.34235
3.57953
15.3144
5.34057
7.41858
0.0415589
10.5268
2.97434
12.7803
7.03209
0.491667
11.141
0.782428
1.26143
1.82352
18.8512
4.61208
18.7002
13.028
2.83488
13.285
7.95595
16.8625
1.00048
7.11965
5.19847
11.7782
6.07883
5.04914
2.94138
16.1537
14.9638
15.9815
9.22598
9.23863
14.1563
3.79951
0.785979
16.1164
18.6258
18.5927
16.5574
12.1574
4.44869
19.377
13.3152
7.35391
19.773
16.8987
13.5889
19.261
12.1577
14.0844
16.6957
10.0756
2.08161
10.5644
9.37609
9.73328
9.06015
5.22432
18.6539
4.1204
11.246
11.8979
19.2233
3.10858
7.23106
1.40755
12.929
2.33291
13.851
13.1969
15.8841
8.41558
11.7694
16.147
19.3948
7.71767
10.5696
13.2354
7.19342
13.3818
1.05383
8.58536
9.63353
5.95089
7.30967
12.7468
7.5609
9.83638
11.3099
14.8694
12.6887
4.3388
18.582
10.2352
13.2121
0.154763
16.8435
19.4265
1.54076
7.00675
2.7607
13.3763
4.99009
0.290614
0.0195299
11.9818
10.0156
10.2511
16.0255
1.8135
8.07798
1.26201
4.59819
10.8548
8.1581
2.97984
17.8295
8.6641
8.34344
14.0786
0.196725
13.4539
0.177344
12.9985
18.503
5.00873
17.7418
0.985025
16.067
19.5887
8.80909
8.52586
9.81563
9.76792
7.56614
16.8966
14.0556
18.1876
3.49597
10.5906
11.3745
19.8688
6.70486
10.1008
11.7782
7.94914
9.7453
8.31236
10.7473
14.3734
2.48178
15.319
9.52516
2.01246
18.6649
17.3516
18.3792
11.6376
10.5725
17.6626
14.5443
6.96732
12.3437
13.3422
10.3236
1.6248
0.0797339
5.99567
18.4375
18.1138
2.04039
17.2013
10.4982
6.81177
15.2761
1.8543
9.28519
6.26786
0.0433323
16.8593
3.27062
3.53861
19.8895
6.91439
5.14339
17.0857
10.999
5.74831
9.47053
2.94084
16.2274
14.3413
18.9947
18.3585
5.549
16.0453
0.814729
9.08048
13.9488
7.86598
14.3945
3.07751
5.80088
9.98486
14.2529
16.7464
8.65045
16.3186
19.2671
15.1491
8.60313
15.2016
17.7779
2.78311
12.2227
8.26334
3.75388
18.195
5.14945
7.73472
14.9712
1.64992
2.59843
8.08069
9.97215
16.8356
9.97263
13.0965
1.08402
9.75555
15.9352
8.30876
15.6679
4.63746
18.8673
15.5137
12.68
5.2696
6.31146
12.9715
17.5324
11.8961
16.9311
19.9498
14.5643
8.30658
15.7076
17.0952
8.15732
17.228
4.3412
19.4984
5.38068
12.8435
6.78566
2.32777
16.7458
8.61771
13.2603
17.6976
11.5948
11.2113
17.0025
8.48387
12.6003
4.68702
2.07365
3.62028
9.8692
10.104
13.7746
9.15367
14.6197
4.46229
17.1889
13.6061
8.6577
4.72624
0.0681856
2.18121
6.71246
15.3817
4.53276
0.0686283
17.5718
16.5209
18.7655
4.23164
14.0825
10.3705
7.90833
8.10177
6.26186
11.618
6.61769
19.6207
12.3095
0.868825
18.5692
4.72341
14.6507
15.1067
19.5654
2.60459
19.5002
11.3482
11.6975
12.4342
12.3278
5.1029
0.22313
0.460339
7.04486
16.9758
6.57344
7.30345
16.8201
7.29278
17.5735
16.3321
8.93474
12.9336
10.4318
12.2421
15.2618
4.04671
2.97491
7.8701
7.92116
10.9709
19.4189
11.9599
15.14
18.1858
4.07745
15.8062
7.21982
12.2074
18.8213
16.1136
17.4234
5.1584
16.521
5.1766
12.9923
6.45674
14.3353
15.2908
12.0455
11.4408
6.22305
15.0049
3.33728
4.12494
13.9051
2.71481
8.03976
13.5278
19.4317
4.67152
16.1469
14.2927
0.698159
9.39036
12.7556
17.0692
7.14573
2.26548
6.15572
9.87814
9.41919
0.742539
11.3408
16.4578
10.1313
15.1418
0.807144
5.19586
11.4697
12.2308
11.3215
15.8237
7.84206
1.514
2.04546
5.3313
13.7598
3.75659
5.49475
16.5147
18.8741
11.7697
16.2223
14.0431
16.7843
4.03444
1.94968
13.9641
6.45954
6.87567
2.65691
0.51069
16.7531
7.38401
15.9958
18.4905
13.6265
11.1471
4.06509
14.0503
13.2119
5.51957
9.04207
14.272
6.35618
13.1846
2.37633
14.1934
11.9849
1.20883
5.93517
18.167
6.39864
3.36224
8.07061
6.91702
12.9752
9.59789
6.42411
19.9867
16.7861
11.6326
15.7146
4.67466
7.34318
8.98465
17.5992
7.90989
3.54888
10.2678
10.006
12.8964
6.49726
2.83656
6.77329
7.39354
15.6282
4.48404
15.6894
18.2745
19.3441
3.68049
14.0062
19.9578
11.4625
7.72119
9.87047
0.0715433
12.1418
11.4096
7.14915
5.53499
17.5876
12.7847
17.5593
8.16502
4.94589
1.53109
4.96925
6.83197
16.5365
13.3775
1.5933
8.70148
9.06367
7.84189
2.39509
18.3271
17.8036
18.8931
14.0768
7.09577
6.1316
17.6031
13.7271
15.5852
19.7049
10.6181
0.706562
11.4731
15.4625
4.52574
14.1544
15.7905
16.6411
15.5477
3.61763
16.1858
15.3139
1.09434
13.3568
3.44678
15.1534
2.68122
11.8194
13.4085
4.46803
6.07443
9.28053
3.96086
2.95067
8.91177
4.91346
11.2115
12.0723
18.0997
8.59042
6.78193
9.59973
7.7765
12.9272
16.4365
18.1309
15.3848
7.32229
7.8422
2.6563
14.5405
14.2493
16.5299
14.7233
16.6183
18.3534
16.4744
3.21491
5.29451
19.4229
19.0367
11.4285
2.39222
0.822611
9.35859
9.76645
4.34972
11.4955
12.9809
5.94113
14.0444
18.4812
7.26883
9.503
3.77224
19.7063
11.8896
16.6196
18.1854
0.975707
0.616428
4.26817
18.9085
3.34027
19.3814
6.50478
11.5828
5.0177
9.32849
3.6493
10.3904
19.7608
10.6497
3.214
10.763
12.8471
14.2125
1.03082
12.4209
11.3736
15.2446
13.7255
15.4137
4.72854
2.81954
16.8018
15.9793
12.1547
10.2691
19.811
4.26589
15.7246
14.8945
6.83827
1.68976
13.943
6.32665
13.9838
9.37595
7.77871
12.3056
3.75577
18.5277
1.01427
15.4948
17.1546
14.8097
4.36769
10.861
9.47231
1.87942
3.87405
19.7438
10.3805
12.4136
3.0043
7.19887
11.203
9.67773
14.7269
8.91882
17.2117
12.7109
18.3926
13.234
0.629954
12.9121
10.144
17.3415
11.0679
8.91101
16.6455
4.10344
19.4496
10.5082
2.08156
5.31299
3.75785
0.661794
1.03673
3.94417
9.95509
8.90778
6.62933
7.46403
0.348629
6.54565
13.4963
2.96476
2.30694
19.4709
19.5569
13.881
16.1334
15.8405
14.9208
0.274901
8.56339
1.51368
13.9202
10.7809
10.4147
3.87005
2.26423
1.88698
12.7703
17.7911
9.33428
8.87313
5.88578
9.18791
14.3386
2.38269
0.0129427
18.7001
13.528
14.329
19.4451
16.9538
13.1251
16.4936
18.5072
16.5304
1.46375
12.1387
10.9203
0.117549
5.71684
6.91366
3.72503
3.03574
14.7563
4.38343
9.93832
4.1786
13.6717
1.57856
10.3625
14.611
4.23785
1.68878
10.5595
12.0268
18.2468
6.92393
8.33451
14.642
13.9167
18.7119
19.3747
15.3175
12.7087
2.86588
13.9909
4.33955
5.91771
14.3197
19.1689
7.87561
2.44805
12.1127
19.1908
2.53352
10.4123
4.69844
0.277402
14.3414
0.666198
5.53797
7.96468
8.54603
10.7362
1.2058
14.3412
3.62804
9.79357
3.42845
14.7105
3.7333
7.56539
10.9206
10.3598
8.04577
8.84572
9.72331
12.5919
3.16311
7.44609
2.23777
8.7516
17.2764
17.0591
9.50816
14.2837
1.37032
12.8118
15.9934
8.69304
1.39717
13.7471
7.78867
12.0967
3.24352
6.5612
19.8893
15.2211
3.28293
18.8258
12.3309
0.899945
8.78836
7.88748
19.2181
14.6578
4.11882
1.21133
1.16815
1.20634
17.8735
5.26051
17.9758
1.27446
14.625
6.6054
7.36301
14.7972
5.68466
2.53603
13.6332
7.57316
3.02626
11.661
5.25144
2.95111
9.0505
3.86487
12.6597
11.693
5.85908
1.6627
14.9472
14.5196
13.9604
18.8068
13.3781
11.0804
7.12148
9.27371
13.1349
5.33817
4.05896
14.1745
14.5669
8.29009
10.7853
3.4611
11.4903
10.4995
12.8415
5.54352
19.436
12.6903
10.0378
5.48557
18.1813
7.75007
17.0394
2.05164
4.98935
11.2382
12.1678
17.6548
4.45988
14.3568
1.09178
11.171
13.2773
11.0696
11.9205
9.94229
1.80004
19.0992
6.5626
9.65066
6.23953
18.4341
4.86413
18.057
18.1695
0.529882
5.57289
13.7579
5.60117
1.41613
6.9172
11.9588
18.727
4.53444
10.6239
3.01898
10.5445
10.5928
18.0458
3.99292
12.3612
1.96685
15.4304
9.0759
1.8181
18.9563
2.76038
8.81008
6.39861
0.874893
2.50153
8.01418
19.1056
13.8521
9.69011
10.0628
3.8873
0.419107
8.7209
12.9104
2.09147
2.26721
13.9405
9.13172
13.4557
9.51638
12.0705
0.254941
8.86506
8.36684
7.36961
15.5343
8.69769
2.4816
16.3867
14.8399
16.359
6.02301
10.2702
4.09807
15.0643
10.8092
12.0881
13.7508
6.95798
3.49108
8.26303
7.18952
11.5375
11.3085
13.3483
4.70491
18.8783
7.28326
16.6097
11.4127
1.68737
12.9478
15.8514
14.1723
2.14616
5.43344
3.79349
11.6475
9.81625
10.4879
15.5091
17.251
12.647
4.77846
9.78661
11.194
2.16811
17.961
4.31681
13.7356
8.65019
13.7245
18.2649
13.9439
4.24821
8.36736
0.407424
1.54063
19.691
2.97819
17.5507
5.44821
17.4072
10.6445
17.365
0.0960934
12.1536
1.45856
19.5031
14.9585
13.3467
14.9021
14.8719
9.40409
6.23876
18.8528
5.09978
2.25427
1.17203
12.9908
6.77575
15.6663
15.7165
16.0094
19.0835
9.1047
5.25441
0.859335
8.40838
11.6355
14.8608
15.6827
1.82659
2.52689
1.46001
6.80452
16.1518
5.47995
10.942
4.28276
9.73406
17.0067
15.7621
18.4321
12.0648
0.366759
7.68255
11.4123
10.6801
17.6392
7.73898
12.366
10.5822
16.0109
9.28695
11.9477
5.22112
10.4533
1.52573
15.5631
4.62086
6.40291
16.6957
12.7488
18.6555
10.0366
3.5085
19.3243
5.32862
5.44215
2.99777
3.69254
11.8831
12.6347
15.1934
4.66481
1.13412
7.89816
13.0136
10.3882
5.55412
13.4309
1.74957
3.75311
10.8737
4.60863
10.1061
15.1874
8.86676
13.3449
1.73497
8.31272
6.6166
13.3452
4.76941
7.41394
15.185
0.148684
10.42
13.0565
10.6388
2.41997
16.1785
19.9391
11.69
1.85546
10.7049
2.27595
8.89407
1.14157
13.1976
9.8773
12.1736
14.7638
3.94067
16.0685
12.2291
15.2438
2.06644
5.58215
14.3333
18.617
0.130728
9.12974
4.95401
4.22428
5.5786
16.8914
17.402
0.69946
18.8309
3.98763
0.0525605
4.64677
16.7264
3.00093
0.828168
0.467476
5.72503
3.67862
0.0735581
15.9314
11.0068
7.73882
3.17866
5.40205
16.5677
12.2537
4.49484
15.0664
5.40647
7.37757
10.4263
13.38
17.062
13.0001
17.7455
5.00588
4.77548
11.1158
5.6203
19.05
11.8452
14.967
18.9215
7.88942
4.97405
12.6786
15.9547
9.143
17.2491
15.1971
19.4652
11.0884
13.1137
17.1166
16.2819
2.84812
4.37408
2.38557
10.2639
9.14551
11.3937
13.5331
0.809966
19.4588
0.954782
7.10505
7.44222
0.945175
8.24465
9.83598
14.6406
11.3448
6.81508
1.48402
19.6579
9.27035
19.8629
16.6706
15.0012
11.1201
6.52474
5.53143
0.784379
13.9641
3.97674
8.36166
3.38458
17.9121
16.5294
9.26028
8.34853
5.41425
7.25189
6.42115
15.9215
16.7901
16.5488
18.2956
0.911896
10.4599
18.4203
9.50263
12.9539
11.5456
12.5542
12.0322
16.3381
15.905
13.5597
4.23286
10.2795
7.52834
2.87048
18.8909
10.6776
1.50157
6.14204
13.9795
15.4104
18.6417
7.90749
3.97007
3.59756
0.288495
13.5399
11.6172
2.15877
18.613
11.3359
0.552323
18.498
15.5557
17.8134
13.7208
4.753
18.0527
11.4007
15.6808
12.2358
5.63316
10.3067
8.31276
9.96677
13.7739
4.92041
4.36638
5.82741
5.47013
18.7228
11.6224
15.583
9.51322
8.13884
9.3356
1.66434
14.9
4.13268
1.51489
0.23035
14.0753
2.68051
0.591809
3.06319
6.1219
18.0719
9.18589
3.82841
2.71425
17.9259
1.1167
19.0263
15.9827
19.5665
9.92134
9.96953
9.56305
13.8947
8.26435
19.1799
17.4314
15.8272
8.67509
18.7671
0.0601916
12.9658
14.9826
14.171
13.737
14.1954
5.41371
1.29053
18.4915
0.345979
9.63363
5.96067
0.0859026
1.2561
10.6952
16.1163
17.236
12.8888
13.3313
7.73177
3.84595
18.5386
4.34022
10.3738
9.86879
10.9805
1.34088
3.88283
8.63208
11.3882
9.60486
11.48
11.4361
2.96052
16.6971
1.13692
1.19306
19.3197
19.4796
4.73547
2.99237
9.66241
16.9757
14.0698
6.74193
9.12717
17.4607
5.16705
7.45596
18.9661
0.128108
17.1017
5.23955
6.17001
15.9253
13.5625
2.16648
0.680092
13.465
7.09207
15.0124
3.45738
19.8437
12.3956
8.8549
0.377521
2.54181
2.04882
14.3632
13.3448
0.0998828
14.2065
0.964227
5.65563
13.4595
2.52593
6.43409
2.81928
14.4099
8.17439
18.8889
1.81988
10.4809
10.5686
10.6502
11.5068
7.80848
7.18663
14.4304
11.4928
8.04925
0.956169
11.4669
0.0506162
7.02122
2.02291
7.97358
12.5192
0.257588
15.0102
1.3993
16.5026
7.92534
5.12374
17.153
13.7806
19.7874
7.38754
3.95556
4.88152
12.116
5.98043
18.3973
15.7429
12.8725
8.63342
0.641739
16.1293
3.49421
14.6982
5.59067
3.77542
14.6827
13.235
15.9593
15.7079
3.26836
9.22341
11.3027
7.36105
11.9542
19.0115
19.1722
19.0093
1.23437
0.52052
0.248715
18.91
4.86998
0.122453
16.1205
13.5623
18.8475
7.79068
6.16719
1.17188
6.95102
11.6561
12.6294
6.41037
1.90308
4.03315
4.11101
3.35676
12.5905
5.39496
10.6624
6.53463
0.757261
0.924589
15.5891
17.8074
0.145508
18.7851
8.72191
0.529098
5.95437
2.57802
11.0614
14.9353
2.40212
0.165994
8.30264
12.9706
19.6692
9.24345
2.38358
16.9376
9.38432
11.4765
3.04882
11.721
14.0059
2.06797
1.64893
6.27726
1.76552
8.07884
17.9364
8.35627
4.25443
12.8451
12.9626
2.8351
17.4571
11.3311
7.61363
17.444
11.1952
14.8915
14.9087
15.8123
13.9505
0.862491
13.2707
16.7059
3.82485
3.4964
3.09216
13.7804
9.51757
1.9718
9.69617
5.06137
16.9917
8.80622
4.39428
8.17969
16.2566
18.2463
11.7413
12.0928
2.30597
18.7806
18.3676
14.291
10.6448
10.77
16.9993
14.6826
5.85541
7.63984
18.0908
7.51441
3.16615
4.70053
2.67076
7.30115
17.3538
4.51099
7.42459
0.00767358
4.24559
2.62408
15.4305
9.4973
0.238858
1.12453
8.36226
18.2526
5.09881
8.43898
18.1251
18.1858
16.5914
15.4265
4.58167
10.1083
12.7414
0.20017
5.34042
12.2494
14.7488
1.07862
18.868
2.65725
7.65809
3.4408
7.26942
6.78026
4.85162
4.91314
6.10401
3.19696
13.6557
6.66149
15.4969
16.1319
14.4866
12.6792
14.8156
19.1989
17.0037
15.7751
6.41326
17.4437
18.4111
1.87245
6.84844
18.5801
8.83719
5.14394
13.2136
17.7678
9.83664
11.3378
4.60154
2.50421
1.82656
12.1684
18.5387
16.3852
5.6281
18.9318
19.4208
13.3946
18.0659
16.5122
2.81741
8.19632
4.90356
13.9993
13.6338
9.29401
4.84279
3.56318
18.9404
4.95912
18.5133
14.1252
11.0745
5.10026
2.52282
8.74176
14.1103
16.1002
11.0002
8.95721
5.81948
11.5733
15.8013
11.696
11.7372
19.6647
18.7841
14.7058
14.8107
5.81292
12.0944
8.40198
1.63319
7.44273
18.6174
10.677
13.4493
8.45617
5.84282
9.14031
17.2099
5.06644
6.20119
15.0155
13.5944
3.8687
17.5081
8.02366
15.3203
19.275
10.6134
8.75684
8.56118
1.13999
16.9236
15.3507
10.67
3.76606
6.24761
6.22156
10.8603
19.8249
17.1829
8.06525
3.26372
16.8486
15.4791
0.290513
2.8834
3.81855
5.66144
3.08977
14.5947
16.8828
2.05225
3.48126
8.9322
1.16378
14.7874
6.50074
3.10275
2.02551
9.88829
12.2448
10.104
18.955
11.6141
0.555979
19.0514
11.1251
5.43395
15.5392
7.94002
13.363
0.874892
0.0569759
14.1513
14.9571
11.79
16.9381
3.40399
0.794482
10.8781
6.02709
1.42578
14.5207
14.3177
2.61539
16.4783
15.9584
9.71045
16.3258
7.24755
16.4281
1.57761
17.6413
6.79239
11.8211
7.70825
17.5487
6.69267
0.245572
15.4081
15.6667
0.111695
2.40614
7.0949
1.34991
17.0729
3.11144
4.62371
6.88913
1.3562
14.409
18.1803
9.82454
7.14304
8.89371
4.80142
9.10624
7.97677
3.25322
16.993
9.86275
5.17108
14.7487
11.3584
13.2047
10.1876
3.09213
11.618
13.4053
19.4384
10.9742
5.15235
8.68924
9.61947
7.65962
2.74226
10.0524
16.8102
5.41324
12.9893
19.5277
8.15252
5.07825
2.96384
14.0505
11.2703
16.6206
2.30732
15.6549
9.02331
0.752516
14.8322
10.5507
5.10201
17.6395
14.7494
0.608677
4.5713
19.8379
14.511
8.87811
18.3275
4.66586
16.6205
11.8198
15.3691
9.6664
13.4054
12.3999
3.35101
12.2726
7.99308
19.1849
8.72396
12.2818
14.8195
11.7707
3.17316
10.6372
5.70679
11.7701
1.78266
5.82521
9.01933
4.87485
13.6438
18.1205
8.28319
2.36994
16.4148
3.53784
10.14
10.6407
1.78339
16.5795
15.7761
16.7657
16.7505
19.1988
13.1631
18.6497
12.8658
16.4812
10.1307
4.64008
3.923
16.7859
12.4981
13.4786
2.23647
13.3535
8.3889
9.34107
2.35459
13.2831
11.0358
11.6425
4.63745
12.0079
12.0673
1.74573
9.37414
3.68363
8.30151
13.2982
15.1161
18.5556
5.57303
16.1527
5.24727
9.52474
10.7839
2.36036
13.1367
19.0811
6.55235
15.0328
14.193
16.0788
1.20842
0.460106
7.26895
7.8494
14.1285
13.0205
1.44801
18.1748
8.6747
10.1133
0.435659
15.2243
0.404021
19.661
7.25958
15.0646
5.96755
10.1362
9.88017
10.3867
16.8776
8.2398
2.45516
13.16
3.57141
10.7303
17.1876
1.1804
2.9739
2.06437
7.1391
0.271741
3.23706
4.43726
19.9485
10.0766
14.2897
7.01848
10.5778
10.3219
12.4629
10.5913
4.3479
4.67932
7.32446
10.8439
6.17328
17.7769
18.5692
4.02818
17.6564
17.0582
4.47845
1.9903
14.1497
1.08845
3.64486
16.0545
16.5756
4.72704
8.87442
2.18507
0.331388
1.46416
19.8397
1.08011
17.8067
2.24363
9.21883
1.48907
1.26521
3.08141
18.4176
14.302
3.03659
1.29388
18.2428
4.04555
14.7112
1.66167
4.99778
1.255
19.1104
17.9351
6.0219
3.06294
9.60859
12.6569
5.49332
8.19089
4.9915
14.1545
3.54357
19.6479
9.36665
18.0062
0.00917861
7.96686
4.57241
14.5251
11.3172
1.66195
7.3425
14.7266
5.32292
16.9455
2.79105
15.5596
0.481662
9.47828
13.2715
12.4325
11.6887
16.8394
11.2857
6.2695
0.902375
5.6332
13.9036
11.6448
14.9356
8.1084
15.0586
17.6999
3.42718
17.5841
12.9522
3.37467
1.93768
4.19829
3.86466
16.153
0.954524
7.09931
4.9518
0.277399
4.47388
3.21243
1.75925
7.16353
12.003
13.0705
4.88077
16.278
17.2683
12.8616
16.559
3.14171
16.1877
11.1578
2.31925
14.2797
5.44507
17.9529
9.3641
14.4608
4.61501
6.76171
13.7287
14.1792
18.2591
4.1745
12.8124
6.99241
16.229
14.9382
19.6347
19.881
3.10455
3.6833
3.26156
9.81658
1.43903
13.2357
13.6619
17.6828
14.8311
18.91
16.7702
17.8177
4.81199
17.7233
11.111
7.13776
19.7789
15.4428
16.4709
15.8094
17.0338
11.2484
5.03734
17.1865
16.2272
13.8688
15.5384
18.7082
4.46776
10.9384
2.69843
2.93754
7.36061
9.68218
9.21132
4.15569
16.2418
10.8448
14.6428
14.6608
4.89773
8.82689
2.93416
15.7239
6.63365
16.2463
11.7499
1.86548
8.31709
19.0302
4.0254
14.6443
10.1881
19.4709
5.87535
11.0987
10.9325
11.82
0.063553
15.7556
7.19703
19.5319
6.56753
11.2513
15.4417
12.7077
5.47323
17.2797
1.73159
19.1313
2.86973
5.68053
14.5438
13.5445
1.99001
6.86236
15.5607
11.7827
10.773
5.62677
9.80264
7.24224
15.9819
12.198
11.9918
5.25489
18.1838
17.2891
19.9322
14.4727
2.40753
18.0645
0.948389
7.45907
9.9236
5.69971
17.3693
15.7184
9.88889
14.7648
9.2319
8.42743
15.9481
0.356899
11.8562
2.73239
11.1326
6.56649
17.4941
10.4789
1.77508
7.79787
1.86822
4.58342
15.0128
9.39926
7.43623
1.92658
18.0705
2.17017
15.4681
10.206
5.98062
11.1305
12.1999
0.486032
10.816
10.9845
7.11854
4.78962
11.3148
7.47833
11.1583
17.2324
19.815
9.05723
17.1929
7.5915
8.31385
17.2367
1.81799
8.42147
5.58348
6.95471
10.9628
11.2323
13.7527
10.3581
14.076
13.7284
3.76965
8.66969
7.97266
12.6169
7.60513
15.9193
15.82
18.3415
14.8989
8.81725
15.7221
3.64741
9.56191
15.0194
14.4753
14.8648
9.64023
11.7243
16.6037
3.13073
1.4283
1.61881
8.40655
13.2171
13.1188
3.44638
0.749797
18.9683
5.54367
17.8493
10.2599
5.19409
0.292201
10.1954
11.8078
15.9712
12.081
16.6969
3.91733
11.8301
2.41381
10.111
0.00593771
17.3698
18.5016
13.7507
8.67039
0.470343
19.156
0.826336
1.37834
17.5735
5.70914
2.70481
3.7655
5.78345
6.6332
12.7761
19.3177
7.13515
15.929
13.9629
1.80158
13.3214
10.7136
17.7535
2.12864
10.2954
12.9865
15.144
10.5539
18.7814
14.504
15.6612
8.58964
10.329
19.3424
11.4549
13.8515
16.7488
15.1527
17.8754
16.7466
1.43778
12.2871
17.9329
19.0835
8.81379
3.23237
0.739661
7.54576
1.75487
1.88031
5.68036
8.58103
15.2223
6.83231
16.8836
13.8576
1.03225
18.1088
4.61135
2.20237
10.1314
15.48
14.7871
16.4531
15.4204
8.50053
17.0161
5.99768
13.3737
9.31189
5.10614
4.78214
8.66842
6.36262
14.7159
12.7427
19.6459
9.29958
6.69029
14.5646
6.84729
0.227621
2.74168
19.7474
9.2374
6.75168
7.26255
5.05911
9.61778
13.8834
19.1912
1.90798
1.80447
2.25955
13.0114
13.6384
10.991
3.53014
14.0702
5.98034
1.32544
8.20094
14.0298
5.82673
6.33118
19.6679
15.4386
1.69721
17.9652
16.9326
18.3408
2.973
13.1263
1.5151
5.169
16.8347
12.4119
4.73479
5.90022
10.8149
13.7413
12.3241
9.70843
10.2087
0.761369
11.8344
10.0267
1.95007
15.527
8.99622
19.4373
8.70285
0.79117
11.247
6.93212
11.1861
18.0752
4.62028
11.2774
18.9633
5.05622
4.55868
8.82823
2.81849
13.1195
8.85404
8.15971
17.1822
4.0107
12.0782
19.4193
7.6188
3.09565
15.7299
10.9404
13.6441
1.9449
14.1408
10.601
13.1721
3.85896
16.8207
1.38021
7.30195
3.22517
16.6971
16.3677
7.85974
7.02366
8.18558
16.0347
2.56218
14.6649
19.4839
6.67212
12.2649
8.33565
3.37068
13.9405
5.15573
5.53135
3.39884
11.9449
14.6329
2.99786
13.1501
6.39919
7.90659
2.69563
19.1278
17.5366
11.1717
18.9335
4.35614
9.07299
5.83076
12.9648
7.70525
12.1701
8.5852
12.1027
5.79573
8.65439
11.2918
13.6627
5.68723
1.64559
6.80832
14.4222
10.7367
5.38122
0.240928
16.4964
6.80396
15.1185
2.71519
1.80592
0.360257
19.4388
6.72791
4.10448
5.73918
19.684
1.55943
10.0562
3.51501
18.4734
2.52501
7.82669
16.7493
13.6035
14.6971
1.79255
12.7674
1.97623
10.49
0.51831
18.1961
14.3111
0.35726
3.46923
2.60455
12.3803
11.6514
12.7315
16.9329
8.43301
11.5809
14.4014
14.6505
13.1155
16.7959
4.67708
11.9476
9.45462
1.78424
14.6547
10.3344
3.6409
5.68477
10.3835
11.4258
11.2082
4.74559
10.1478
18.4317
1.38963
1.17207
7.44304
10.1274
16.3121
10.2841
6.61802
19.7191
7.11758
17.4633
12.2567
9.43208
7.24452
10.7457
15.406
9.73692
5.44953
5.37482
12.5071
19.8377
18.5046
5.06426
13.8169
6.18591
15.0966
10.3204
1.10932
13.2183
17.8637
10.4893
16.187
1.18798
10.2394
0.365783
12.8073
19.2601
11.5551
3.41527
17.8036
7.41691
15.036
9.68198
6.62698
5.29261
14.0162
8.57344
13.6508
0.628713
1.98586
19.3382
11.0161
5.02334
3.18451
4.07453
1.62151
3.14326
5.92152
19.3195
3.08803
1.36398
1.64397
12.1541
11.0059
18.9562
13.5627
11.2688
11.1825
2.49709
16.7572
5.39776
11.9727
12.3753
11.8975
7.18336
16.5816
12.0183
18.6821
12.8788
5.51595
18.2044
9.34978
6.23083
3.63055
10.4082
0.458924
12.9132
13.8599
13.3749
5.99732
7.03824
18.932
18.2886
17.2311
19.6852
9.34499
9.3277
6.61166
12.8274
2.14581
15.4929
5.86424
14.3699
4.48751
12.6951
9.82594
0.106592
19.0802
14.1589
9.42495
17.0566
7.15557
13.739
15.1655
14.0994
19.0034
2.29032
15.3336
7.09904
15.468
9.3419
17.6571
5.46126
10.8082
7.0122
13.533
15.3393
14.4773
18.8825
1.03585
13.6028
8.49255
8.64938
12.7463
13.6064
9.37943
10.7736
16.0862
10.9062
10.3473
8.12492
2.65158
7.37973
19.4249
1.22045
18.9011
9.95286
8.03472
11.6912
15.2926
0.273177
5.28037
4.44444
19.6702
19.0058
0.89502
11.5784
2.17119
6.71077
12.552
6.84425
1.61116
17.3924
7.199
14.2242
12.3831
8.55186
13.6241
17.0715
2.89466
2.13441
2.63269
2.45457
18.5879
0.573063
14.3429
1.51679
19.3597
15.328
9.64781
6.81868
19.8204
0.365598
3.78932
13.3581
8.13365
9.22483
2.74247
3.41601
12.2234
15.5472
8.25367
10.535
8.36134
17.5562
0.849136
17.9885
13.145
1.73365
12.5854
10.7648
14.1814
19.8375
3.60587
3.88516
6.79906
3.12204
6.79651
17.2616
9.02122
9.11826
3.22225
7.7747
19.2444
13.1604
10.1449
3.60612
12.7319
7.92742
9.07747
13.0015
14.5716
5.43035
3.32891
7.67176
4.43756
15.6966
6.34935
8.93047
19.8425
18.455
12.0215
19.9514
4.15024
6.06295
5.76726
18.0916
15.5078
9.21531
13.303
7.32572
6.72251
0.0039303
17.917
6.55291
17.8136
0.678068
16.9928
8.84808
3.1278
19.8266
5.25324
12.5805
8.54083
14.5305
4.89296
11.0817
17.9629
17.1462
0.96465
1.59801
11.1228
7.9706
5.94564
2.03391
5.64809
17.2395
10.1924
15.0576
14.8052
4.30861
12.122
4.03299
16.9098
2.7619
17.5683
16.3126
17.8721
15.4762
17.7894
12.0937
16.6239
0.633085
6.09765
8.91324
19.1727
9.49981
9.05875
1.8449
15.5766
12.3222
7.1583
4.01228
14.0035
18.8317
4.70658
14.4752
5.00741
0.939179
19.3067
1.82124
12.9123
0.843034
18.8477
4.00005
6.78109
19.7887
15.4977
10.3345
3.41815
16.6622
12.7325
1.08587
10.236
16.0113
6.37882
14.7312
8.49396
18.3878
10.1952
1.7014
15.314
3.33937
9.0974
19.1408
0.0344439
5.67741
19.3623
10.79
16.3198
12.051
5.06402
5.69621
0.740091
11.2682
12.0081
12.9112
3.46731
3.93642
0.0284199
14.4278
5.58485
1.13306
18.6964
0.287955
4.5055
3.80397
3.78145
13.5026
8.36772
18.7856
7.05897
4.46055
19.6735
11.5265
11.1437
18.3951
8.72225
2.51411
12.9463
15.9604
7.08155
19.4289
0.204626
10.0054
8.01633
4.87998
4.90058
5.15787
6.31394
0.6771
11.2035
0.956439
6.00151
3.13486
11.7205
7.01233
8.94497
5.78531
3.88293
19.8408
16.2308
18.4359
19.827
18.5208
17.0275
6.50276
1.47984
10.4476
5.65209
13.7782
17.8882
12.2205
19.4952
14.1144
10.7599
3.85982
11.7561
12.0125
7.64949
1.367
17.7756
6.90393
18.8233
1.8246
19.9385
17.74
14.5151
2.17251
9.02978
7.87901
18.8208
13.2254
15.164
6.05038
0.612123
3.94461
13.0083
10.644
12.9287
8.13213
7.71601
4.37413
12.8492
0.274729
14.1031
4.87008
10.7457
19.3454
8.4144
5.50978
17.7344
5.70256
1.16962
18.7881
16.8176
7.11788
16.0734
16.2931
0.0293674
17.9117
19.4782
1.16334
2.09636
8.84306
17.7384
2.52489
15.6611
12.0706
11.3016
16.8587
9.78755
9.63622
8.34488
12.1358
12.5681
8.48881
2.2981
12.6269
16.9033
13.1185
18.0349
2.90668
19.5632
1.20965
10.0626
18.9089
1.52462
0.345423
18.9928
4.9254
12.7762
3.70027
15.9538
6.3961
7.54219
11.2167
18.2995
13.8867
18.3711
0.0850854
0.730587
4.68293
9.44932
7.32964
17.4096
6.56664
17.8446
18.4801
19.9801
11.5358
6.92663
13.5277
15.0757
2.3554
4.10171
6.46742
5.51852
3.96508
3.4482
19.0825
8.60823
13.1131
6.31279
11.5043
11.9026
9.15392
1.92153
14.2235
6.64949
13.7158
7.17002
5.16899
1.72377
15.2447
6.30554
6.46358
2.28951
10.4518
10.1689
13.3262
7.11898
4.52535
0.184985
7.1734
2.55645
2.60553
3.46142
8.50489
3.96436
7.91611
3.59618
3.76259
19.0625
18.5586
17.2186
9.67639
15.7878
6.12268
9.74257
16.2678
16.4523
15.0292
15.2749
16.3806
9.2735
3.51225
19.3295
16.6394
16.7345
15.6256
9.25284
1.36949
11.9754
14.1503
9.96444
0.562579
12.0799
7.65979
13.2052
17.6852
7.8897
15.8208
5.35102
13.9145
7.66288
10.8223
6.33236
2.69694
3.36948
18.3184
12.9669
11.9501
15.3119
1.09595
5.63351
19.605
5.66073
3.45016
19.6031
19.9476
17.8443
10.0621
2.2476
0.965419
17.6043
13.8841
0.362226
13.9056
2.89321
4.8932
4.78068
18.3335
12.8735
11.2571
2.85173
0.48078
16.734
3.15482
13.9574
13.2445
18.2049
16.3664
10.4528
14.1339
9.12552
4.23821
11.9312
0.580521
8.38533
13.9533
3.28986
9.87029
18.0483
4.65569
3.35747
10.2962
18.3541
1.65515
13.4973
11.7495
7.23054
2.88874
10.4662
1.67666
8.93667
13.4421
4.62561
1.95255
11.4937
18.6413
10.0198
7.27606
16.0001
5.2378
8.18175
11.3025
13.0979
15.6934
4.76471
14.7859
17.6904
8.4427
12.5781
16.1957
13.5478
3.12529
5.90198
6.32151
10.6096
17.8066
4.40751
17.9593
9.45845
6.11169
2.9522
4.41232
11.1528
15.0937
13.9858
14.5032
12.3162
7.27936
2.68819
14.9852
18.601
12.4194
15.5699
8.71108
13.6383
2.8623
12.1531
0.718059
18.9706
16.5413
10.2031
17.004
10.7196
15.4684
17.793
0.0685441
12.3338
11.5731
19.2017
10.5422
2.9121
7.35125
0.106555
0.878991
17.4564
4.43825
13.4092
0.402765
9.96078
9.46957
12.6882
18.9053
17.8909
4.63086
16.6231
15.759
16.6188
15.269
19.9298
4.12613
19.7521
15.2991
1.42481
3.88761
0.283643
8.16627
12.1044
12.0122
0.622482
14.346
2.81063
7.8046
9.90412
18.8124
13.6114
17.0913
18.0172
7.77263
12.0272
8.43564
11.7933
16.7624
3.11651
4.43846
12.3533
4.7266
9.65622
19.3162
10.1948
8.08175
2.34973
3.98454
12.3777
16.1511
4.83262
6.21376
16.6994
10.1446
16.154
0.802285
13.2304
7.96909
8.53422
6.05369
0.13305
11.8843
10.4252
12.4222
17.0479
1.29542
1.91935
14.046
4.01737
9.22772
6.90988
18.3614
2.05967
10.2601
9.18493
8.32688
0.100501
18.1022
13.6938
19.3464
8.61327
12.995
0.502986
11.9324
11.998
9.19605
18.2544
17.8789
18.1028
4.86617
12.8911
5.33404
8.20283
16.8225
16.6708
3.51601
9.25076
12.5117
5.04608
15.4698
13.5754
1.26843
17.961
17.4563
1.03419
19.1816
18.8521
5.5876
13.3524
14.161
1.68981
16.5953
13.7962
14.391
19.6258
9.16491
3.68919
1.10235
14.9777
19.4037
6.61765
7.89285
5.5857
14.7217
18.2909
0.565634
18.82
1.37236
17.3386
4.96898
17.3623
10.059
11.5618
7.35584
19.6943
17.0804
11.5909
12.4639
17.9942
9.57966
7.12229
10.6192
18.3531
3.71463
7.36762
3.81928
0.409106
4.1106
19.6358
13.0261
15.0177
16.6278
13.011
15.6588
16.6425
11.1656
18.797
11.8878
5.55427
13.9777
18.9512
17.3813
13.5765
19.59
14.7985
14.1301
8.24824
5.09134
14.8709
3.91812
6.49754
14.3656
17.6696
9.14777
19.2049
12.9557
16.1702
16.1233
11.278
6.11714
6.62845
1.92646
19.7162
9.18076
7.86773
14.1067
8.34714
10.3756
17.4278
12.0464
18.8442
2.19472
2.11133
18.1072
1.10939
4.04534
9.99885
2.67215
1.65574
2.64055
7.3845
2.52972
13.3578
3.51203
18.3239
7.86216
12.8533
18.693
7.7486
2.92657
14.0873
12.3086
0.084916
8.37014
5.16178
15.2098
12.5067
12.8505
10.3058
6.51383
17.6054
5.44638
9.23627
10.2613
7.69969
11.3397
7.82065
18.3331
16.1608
7.7668
17.1872
19.2392
9.90158
7.25907
18.2711
13.9044
8.73366
2.36806
7.46939
1.39588
7.11119
12.0657
16.2722
15.6873
10.1167
5.79686
9.10305
4.73085
13.7784
10.8122
5.79224
16.5121
6.56155
0.79053
6.97001
1.68384
16.5863
1.85816
4.2995
11.4019
4.30551
16.8961
11.2074
2.96705
14.4606
7.79252
4.53482
1.36231
14.5422
14.0362
18.3582
14.2248
13.4772
0.948859
11.1986
4.51241
7.60055
15.4005
4.70581
15.366
1.11696
16.7952
10.1744
11.1803
3.72914
9.87862
15.7288
6.14033
10.707
19.5894
19.9126
13.743
14.8267
17.169
14.3166
15.6312
3.96176
6.55154
16.7968
14.9424
8.71801
16.9415
13.5081
6.35406
2.095
15.902
3.04879
11.1023
14.17
18.7065
10.1709
7.22236
1.66004
10.6758
13.2117
3.47937
4.26847
5.19329
1.84439
18.4194
19.5752
6.54588
7.45829
3.12923
16.9454
6.67208
2.53666
11.4066
15.455
7.22838
9.38276
6.25771
4.46097
4.99995
18.212
14.9924
19.9574
6.06701
7.06542
7.31333
15.6514
7.61023
2.4756
18.5634
14.1987
6.7515
4.84931
18.6429
12.9261
6.22552
9.62488
3.12907
18.687
17.4743
13.3208
10.2997
11.449
15.7977
16.0152
11.6107
13.6836
0.292489
0.776358
7.88487
0.105883
15.2594
5.57823
0.875585
5.90883
8.97126
10.42
1.86672
3.68692
10.6058
4.38946
9.53947
13.517
7.63019
15.1501
2.10858
1.85446
10.505
16.171
4.88223
1.85081
1.0611
19.7355
5.93577
10.2511
16.4866
17.19
15.8144
10.7105
5.33973
0.209524
1.15999
0.982048
12.8331
0.654654
7.02681
15.1752
1.91249
19.7185
8.26073
0.716585
16.0482
12.3821
16.1322
12.1627
5.8745
10.7754
19.6916
3.97465
16.3217
9.9439
6.85597
8.67193
13.1098
3.30593
10.462
3.02218
8.12384
8.31586
2.41863
6.2196
4.10663
5.09329
0.623707
9.88566
18.7923
17.1361
3.95293
5.47852
10.2488
1.0973
18.8179
18.7528
1.39468
17.2227
15.5464
7.27526
5.87342
16.1044
18.1904
5.46739
12.6988
6.81706
6.02912
13.079
19.3093
16.7189
13.6647
1.65236
16.8062
18.852
4.23601
19.8796
6.01329
13.2285
0.182812
2.71657
16.3709
16.3397
13.2803
3.24303
0.181726
9.4183
5.69455
14.0027
10.481
18.9119
16.1182
15.932
16.2243
10.0606
17.862
11.8815
9.19169
15.8215
16.3927
17.1177
7.44553
18.279
3.68908
10.5762
0.854601
3.03742
14.7771
11.5909
11.2597
6.51252
15.3298
12.4172
5.52466
3.66623
6.79512
13.1236
13.39
0.562935
9.67789
12.493
5.18901
0.603543
10.8351
4.04449
2.31839
2.84302
5.70067
19.7281
9.51651
16.3542
2.0984
19.2042
18.7359
5.34264
1.57457
12.0554
8.53349
0.163016
16.5951
5.3902
6.57577
10.2898
9.07284
13.8131
1.59431
18.5306
7.6712
17.3245
10.6965
5.98065
18.46
4.48238
17.6262
11.7325
11.1639
0.375713
6.2009
19.8767
4.01136
12.2032
13.2112
3.36688
4.30298
14.0706
13.3453
2.77119
18.7751
17.0826
1.59111
13.9309
10.1953
1.07797
5.37311
12.4835
4.97946
8.8984
4.07893
1.39982
10.6816
7.43042
10.7806
4.3127
7.00708
19.2425
3.2728
19.7487
19.2289
2.51034
7.46295
16.2198
1.46502
8.94025
4.71792
4.93519
17.0879
6.95195
7.20092
15.7748
10.645
1.75694
10.388
18.1552
19.4983
2.50215
10.7453
0.885004
18.6164
11.4848
6.44443
10.7424
1.94387
7.17304
2.58581
17.7198
9.6291
18.0787
18.5754
11.9459
9.81811
16.5516
3.62386
19.2656
8.59109
18.6799
12.5581
17.6597
7.13798
3.43601
9.16762
19.4901
9.69558
4.56541
16.9186
14.6313
16.9365
0.140706
5.52468
18.8439
16.7548
4.66547
4.44364
10.5159
2.22291
18.3742
4.70242
12.1093
9.92453
12.4641
6.91594
9.27815
9.60182
16.8522
4.25638
15.5867
19.1541
16.6142
1.17405
13.7529
2.06174
16.851
17.0895
6.3797
14.7487
17.9229
17.603
10.7053
10.7385
13.3018
3.46988
14.96
3.94702
15.3639
9.49509
3.02416
4.94576
18.2699
14.2427
17.4512
14.9446
6.5223
13.2616
8.1478
0.773854
2.62128
11.3502
8.77059
13.4715
12.0536
5.42564
0.185259
0.0222802
19.6708
18.9067
13.7987
12.695
7.95504
5.75776
5.21406
17.3993
15.2893
6.49349
16.9354
3.0476
1.60786
8.75858
13.7179
3.3746
16.5972
18.9883
1.40933
0.55837
3.02651
1.19475
5.83431
7.91396
10.2836
8.60872
5.7574
1.43907
2.69484
18.4086
6.09973
15.9079
1.25458
0.378665
3.22488
13.3268
18.0375
10.6781
10.5139
6.45249
10.9654
10.7633
2.80875
0.253143
14.78
16.5526
14.5501
18.8952
6.05729
0.18681
7.6931
0.971525
16.037
13.9055
18.2095
13.3525
19.3229
6.36241
12.0457
2.5587
17.0159
7.55361
8.74898
9.83466
12.8138
19.673
13.7876
1.45993
9.53201
9.49532
13.2594
3.78792
15.7692
8.99894
0.716503
10.978
10.8524
12.5005
4.76246
13.0982
19.1894
6.21637
0.629605
2.59988
8.28098
9.86647
7.58341
16.0015
8.09416
3.00592
17.4214
6.39294
11.6918
4.9757
1.00562
3.10587
0.676426
17.4111
17.9086
17.4955
9.97117
14.5857
11.425
6.16238
0.859694
5.40306
1.53426
3.26717
11.3393
10.2514
10.618
4.18733
12.4284
10.1113
7.9462
19.5644
17.2557
17.4971
4.59451
16.5308
8.51751
17.8217
2.06709
14.0677
0.478453
3.8602
9.76786
14.1744
1.76279
17.9739
15.4712
5.37915
8.80233
12.0656
5.16456
7.1347
8.36961
18.7729
12.2785
8.75943
2.7403
8.08354
3.62196
8.07465
1.12429
4.02515
19.5929
7.46958
7.79435
14.1643
0.496869
4.26486
11.6923
4.15074
14.5429
1.85378
14.4647
0.36015
14.2951
12.4345
12.3736
0.761478
3.72947
17.2885
10.667
0.692483
6.07909
11.6348
17.439
11.0758
10.5195
17.8675
2.79575
16.4736
6.82858
9.93552
11.0129
1.17206
2.45378
7.51752
9.70568
4.29319
5.66747
14.0474
2.93975
15.2761
19.696
15.1417
9.48427
1.01967
10.5252
6.2854
12.1422
1.33393
18.8638
9.12204
10.2388
12.4394
19.4153
12.8854
14.0632
3.92097
11.9736
3.40469
13.9557
8.73675
9.7323
18.0903
11.7914
19.5115
4.83481
3.11626
10.3027
1.16211
14.6165
10.2194
15.0548
8.98112
11.7701
7.24105
6.56565
17.4856
16.8241
19.3469
5.04416
7.24031
17.886
12.6215
5.22276
18.9905
13.2351
0.0653948
14.4831
17.8629
3.49653
12.7849
11.9876
15.5767
18.3152
6.38106
18.2581
6.56524
6.7262
0.290507
5.99634
13.7093
2.4356
15.0628
12.3937
14.5432
8.76003
17.2889
11.5658
9.70919
0.359715
19.3716
9.57662
3.25696
14.0052
9.27499
0.260434
11.8214
17.8905
9.75998
4.57449
17.789
6.02619
14.3325
1.14704
16.8004
6.59766
2.7209
5.55214
5.73712
8.63962
5.74898
18.9575
8.12947
13.8013
0.68157
10.7926
8.27908
15.3279
10.2555
3.32986
3.28002
13.6646
8.09449
15.3672
10.7182
9.9305
13.87
13.8687
9.71649
5.00274
17.6434
17.2285
3.81684
13.1362
9.23065
6.038
15.5728
17.9247
18.7506
1.11885
0.495794
13.4876
11.6884
14.8353
18.8342
15.8577
5.39488
11.5195
16.0713
4.46489
14.0906
4.56352
14.5127
6.03175
15.5617
11.5818
17.0049
15.0196
16.7711
16.0048
6.78164
5.26624
