991.327
746.432
50.588
428.534
142.126
545.791
673.243
514.781
866.422
992.204
39.8424
384.168
993.059
887.77
251.336
150.273
132.89
328.507
119.401
449.247
206.765
571.74
932.392
884.693
903.149
225.057
87.251
774.492
807.226
957.574
596.666
569.251
622.865
584.022
268.616
516.326
408.208
8.91554
338.92
301.235
615.318
188.618
430.488
743.356
704.967
165.786
583.029
731.458
621.903
4.95166
485.989
850.048
313.9
797.715
812.471
307.995
384.536
186.824
13.3287
73.4668
364.216
480.856
44.8564
148.804
366.143
864.749
451.033
226.208
602.855
722.749
330.992
999.51
648.816
822.036
562.175
544.326
125.281
302.533
166.485
488.844
669.987
691.693
321.748
229.923
653.786
216.565
793.787
778.077
504.824
184.901
811.756
891.63
120.614
180.018
101.2
221.272
663.258
397.05
187.285
242.833
533.571
744.765
377.634
797.62
212.4
157.138
967.834
263.172
828.467
396.586
600.702
328.088
382.982
740.89
816.679
292.636
807.808
60.2798
947.133
246.764
453.749
394.783
167.038
928.8
553.415
71.6999
570.782
700.484
504.818
763.904
610.612
616.544
831.618
781.337
572.182
771.51
987.989
511.733
550.074
759.488
628.742
412.246
313.604
937.832
130.477
549.637
536.02
542.048
241.3
673.844
51.689
92.2581
934.249
993.329
694.88
620.358
948.822
390.677
708.516
858.008
847.969
587.283
990.467
934.253
373.139
595.244
236.858
93.4727
877.362
877.991
877.859
75.6147
856.114
20.881
625.738
960.616
16.9374
553.905
934.484
120.684
681.867
374.478
526.319
825.887
695.722
667.513
434.197
364.506
112.229
14.1092
400.104
18.7282
252.291
420.711
287.087
899.39
54.1604
558.508
399.223
109.688
384.065
211.844
896.869
979.492
67.4512
855.767
729.623
431.993
737.075
574.49
488.142
700.085
999.341
121.319
300.021
687.007
688.214
166.036
210.746
246.086
920.9
457.352
803.96
622.049
102.216
56.4705
55.0918
318.748
423.475
631.595
951.979
920.226
947.183
285.539
879.769
372.665
319.922
18.6766
846.548
376.745
181.442
12.4924
330.369
366.449
203.065
807.704
954.768
362.688
243.75
770.354
654.47
889.119
995.462
382.501
727.64
858.873
615.8
994.046
319.438
787.897
879
663.836
493.391
636.971
672.379
497.182
189.38
813.816
392.673
567.257
883.783
514.251
170.335
141.956
831.826
848.292
167.143
288.189
895.196
120.239
238.093
870.931
294.353
873.154
743.828
315.408
334.197
160.425
432.257
667.983
618.803
607.698
89.7241
374.292
420.144
410.865
638.654
841.254
826.814
83.0776
824.752
611.985
921.344
675.177
889.264
132.624
332.619
423.524
947.407
286.976
28.0854
780.139
274.112
720.285
230.945
363.349
64.9463
59.6236
587.946
184.659
242.326
829.843
837.32
291.841
465.617
462.33
469.033
242.383
987.888
620.311
499.762
763.332
817.864
621.427
48.5709
545.837
994.08
60.3703
246.527
798.418
875.35
557.078
162.117
602.605
699.162
927.783
396.32
893.65
779.707
392.271
588.667
894.421
792.312
290.908
833.189
69.0852
844.288
850.006
471.494
764.562
588.651
728.975
175.647
631.846
281.206
388.113
535.652
497.207
792.261
842.711
221.959
241.378
64.5638
677.194
192.859
819.488
393.604
708.435
377.462
736.962
684.578
723.234
84.879
715.449
209.087
38.3935
278.207
515.083
620.395
707.87
644.89
959.118
937.574
228.785
803.269
41.095
120.479
596.119
389.758
667.475
444.948
321.379
873.744
133.361
802.711
565.298
853.35
597.545
176.4
266.538
492.674
244.359
296.622
44.4816
902.187
97.6926
680.79
803.475
590.31
59.6188
728.48
123.539
463.29
94.7201
569.337
178.307
509.724
816.147
451.88
996.749
924.724
773.096
265.85
913.514
206.408
129.801
365.73
191.726
539.802
133.518
262.267
804.239
376.064
990.968
137.44
830.059
823.793
853.966
312.645
81.7366
895.677
776.136
305.732
932.437
507.784
621.779
328.61
115.777
60.0367
347.546
791.008
608.957
758.657
467.862
780.575
898.027
179.784
591.654
738.389
440.524
296.504
570.321
364.823
525.054
515.353
864.614
249.197
715.573
367.304
150.91
362.9
480.093
414.348
203.443
347.222
803.694
298.052
213.649
696.072
747.624
240.544
777.073
736.755
665.62
747.398
977.495
193.759
20.5755
137.048
197.934
923.207
420.215
507.363
317.585
216.718
600.828
495.283
61.2411
290.665
507.976
674.436
456.059
405.59
207.812
847.713
232.996
225.895
78.721
94.6357
793.293
264.304
688.505
109.667
27.4354
923.607
942.767
880.553
951.365
473.148
555.315
267.892
451.272
497.338
223.075
413.854
817.042
62.8057
407.04
352.497
575.817
206.927
636.989
433.283
780.648
312.579
281.831
468.044
378.854
459.88
343.094
723.967
330.475
508.992
811.451
987.186
869.226
960.04
563.642
671.158
635.195
652.139
170.614
893.642
19.4848
252.12
754.009
750.795
994.708
474.85
532.65
937.378
707.457
750.274
628.354
662.097
989.685
993.809
439.163
612.442
351.875
646.916
829.268
234.769
473.484
107.48
351.097
334.85
882.632
689.469
824.041
298.789
314.174
791.493
721.467
791.466
56.6954
134.674
677.327
898.682
77.0197
637.392
31.3009
562.76
592.914
156.189
50.5754
544.416
105.035
593.847
335.374
688.928
964.064
224.257
201.15
301.867
588.089
597.464
346.93
402.656
669.958
471.816
514.698
929.354
35.7461
155.725
719.286
387.555
851.372
240.013
861.794
196.198
656.812
974.046
183.829
110.699
309.862
829.346
563.493
718.068
151.254
436.225
271.438
183.785
383.197
716.632
461.523
902.435
722.408
94.8623
989.444
807.122
242.165
622.085
381.744
139.076
198.01
260.827
10.0218
99.7303
378.564
668.554
512.155
858.27
183.5
603.744
830.121
519.08
226.453
612.35
854.203
997.822
667.609
71.986
736.88
922.461
571.218
77.5261
669.11
201.612
152.594
923.138
149.398
838.683
714.653
76.3929
737.256
495.204
697.948
432.52
970.032
384.946
726.445
163.893
964.854
123.735
925.055
604.524
207.584
402.84
389.021
596.375
420.128
963.909
333.544
75.999
480.109
523.22
212.08
695.667
145.956
198.741
922.986
419.951
97.2435
255.434
537.082
254.55
9.3353
786.022
715.586
826.134
432.906
452.593
933.083
418.487
485.656
82.8828
265.418
849.697
999.269
930.495
841.855
127.498
867.873
543.838
78.2285
164.46
4.58948
472.179
640.357
242.81
443.799
830.219
249.89
466.531
583.816
114.459
588.638
139.258
103.632
537.019
494.834
201.808
922.718
861.267
177.171
962.036
800.057
688.633
567.585
801.732
287.929
440.261
390.385
720.223
598.664
52.9119
293.171
391.925
100.758
485.21
963.459
718.62
406.472
867.374
296.686
648.594
235.021
873.376
20.1632
416.603
850.826
726.303
659.288
660.347
409.843
663.375
646.55
321.692
612.216
25.247
983.908
26.8392
719.823
588.393
535.542
363.147
218.546
830.282
113.621
665.515
175.379
664.545
879.803
557.969
429.258
950.606
525.11
997.481
919.46
50.5605
442.24
845.875
372.366
960.335
119.33
128.034
848.094
702.988
621.624
200.919
443.879
191.247
786.386
626.638
583.673
560.718
493.238
152.04
812.759
408.374
931.721
440.64
9.23235
136.121
262.744
312.972
369.791
578.936
826.373
487.092
318.96
336.927
683.578
585.536
782.478
119.241
419.46
880.26
892.446
476.183
902.483
437.656
942.091
620.105
408.486
860.856
521.102
780.293
916.259
658.663
598.075
257.655
998.332
95.4092
584.421
571.262
324.377
332.965
664.546
171.079
676.573
743.777
367.829
436.316
719.734
14.4949
315.395
446.794
367.857
738.305
62.3242
51.2
906.901
500.754
433.225
606.768
547.832
999.344
165.664
209.046
857.512
311.505
725.591
466.751
67.2255
227.557
129.166
846.588
436.246
109.498
173.026
462.291
657.544
117.349
415.879
576.957
330.559
55.9942
7.70084
329.195
406.791
164.533
238.52
860.202
357.536
58.5671
150.308
522.635
999.833
969.201
76.7101
260.404
979.68
462.605
940.655
954.011
973.762
201.152
882.156
949.161
594.671
261.541
106.564
184.802
711.355
557.25
405.715
915.402
705.909
503.86
404.305
626.223
406.166
75.0355
532.577
512.247
78.0915
902.888
702.124
699.408
30.9707
583.827
448.457
625.138
329.461
378.081
845.801
636.005
35.9155
717.982
29.734
12.7006
912.667
872.496
557.844
420.143
564.235
825.766
417.3
774.311
554.295
465.917
190.824
297.033
288.672
414.598
52.8768
249.986
507.826
610.285
176.802
245.783
95.028
766.647
134.385
299.56
594.548
871.029
874.973
47.934
607.577
778.088
743.69
593.484
357.919
86.5301
905.846
492.653
230.642
649.107
755.129
407.141
877.921
748.834
307.509
839.745
366.027
822.216
472.688
664.84
778.085
36.5
282.725
275.708
208.892
142.15
424.805
303.085
503.794
206.708
103.309
733.753
270.9
915.034
45.9166
401.976
997.246
866.957
888.61
395.451
726.549
595.207
32.991
880.212
623.74
441.851
33.1956
39.8617
72.56
90.4524
895.867
1.90025
124.863
948.086
653.579
292.136
997.838
810.847
387
902.902
953.812
596.109
548.451
971.774
934.368
861.523
273.549
398.306
816.275
239.303
752.358
31.4406
792.316
435.218
105.617
540.147
946.986
241.765
994.022
516.846
415.815
526.87
744.835
72.839
901.638
772.73
140.525
354.848
308.779
654.908
575.442
46.5872
156.948
878.272
109.283
628.013
643.208
919.362
871.075
191.079
169.385
153.196
351.024
244.39
561.314
194.008
931.034
891.47
853.075
467.419
979.803
137.494
11.6903
769.922
227.113
715.763
488.703
869.95
428.385
2.66787
255.36
220.318
607.914
308.158
793.32
214.835
245.07
714.084
83.7528
741.387
784.464
682.563
577.568
818.597
974.038
940.331
487.545
855.943
359.413
839.266
520.341
83.7704
205.129
927.649
391.156
274.323
624.725
635.661
175.803
527.783
461.063
864.449
853.034
687.153
847.827
521.005
489.636
845.759
943.508
425.668
279.039
725.131
128.308
485.528
673.653
652.81
343.185
269.268
788.41
699.507
196.409
158.572
247.449
167.618
385.172
391.262
351.924
732.033
801.476
926.752
225.046
909.655
566.387
785.676
485.108
948.424
547.422
953.005
383.994
183.413
588.958
670.629
198.132
719.188
386.92
744.737
695.581
94.9236
633.49
573.881
666.842
303.298
65.5202
338.679
829.696
247.862
4.9147
578.538
741.967
519.024
853.4
758.851
218.617
690.616
39.5132
522.176
528.859
345.491
789.951
211.446
490.41
434.862
665.649
973.678
883.681
936.421
572.975
190.812
287.046
464.281
466.334
550.189
436.239
358.379
901.92
698.42
991.577
419.97
380.315
158.549
491.111
812.941
887.981
905.518
46.3653
649.196
258.531
87.0457
714.024
905.89
415.011
783.058
190.412
129.275
922.73
203.851
563.271
640.543
874.887
228.826
198.13
160.783
349.687
690.936
298.071
169.933
844.661
583.85
514.781
232.508
666.607
652.515
160.548
868.315
742.438
631.062
528.787
509.02
661.567
570.383
968.428
85.7041
201.198
867.766
941.967
866.761
447.136
684.025
410.824
649.121
693.041
805.184
608.435
825.075
49.6454
54.2317
186.817
966.713
74.5832
504.35
928.386
429.963
259.164
139.76
184.967
205.103
654.103
368.459
578.696
372.921
848.272
905.697
927.693
712.775
578.79
41.8448
498.944
396.254
762.742
587.077
262.937
434.468
297.973
317.566
532.173
7.18092
694.038
722.974
887.398
652.583
401.794
873.658
227.325
446.848
923.551
816.325
550.285
815.178
598.784
127.906
145.288
932.052
321.891
496.133
892.955
973.337
202.179
131.565
73.8054
725.616
704.509
714.251
136.247
414.602
248.132
770.514
868.974
738.265
794.658
449.256
518.985
942.167
160.383
594.838
969.469
804.572
510.249
959.127
478.31
683.822
279.88
754.834
918.894
804.774
748.045
738.924
98.3111
15.9743
728.916
338.565
523.978
218.67
65.7429
20.9629
111.84
235.205
485.644
742.002
724.295
449.228
419.255
646.285
961.201
375.782
804.391
278.129
449.709
739.169
824.741
109.262
382.329
150.092
585.796
381.764
522.254
583.693
790.837
780.615
434.138
280.873
268.262
935.451
308.323
767.336
779.079
299.968
784.06
297.001
755.12
63.5215
454.019
168.67
821.842
919.025
30.7633
974.186
720.305
754.021
251.272
736.69
237.727
267.49
704.136
859.63
336.357
260.485
42.9008
93.4986
956.892
343.42
71.1151
296.402
97.1508
688.109
926.311
260.03
427.318
192.021
390.059
936.646
512.436
695.068
54.7155
118.537
368.934
806.909
178.707
739.911
682.832
449.206
757.672
667.422
326.199
564.352
816.971
781.546
865.244
988.481
276.658
639.062
592.15
120.307
133.827
471.153
327.99
108.686
985.516
462.533
641.049
576.59
629.644
140.528
882.509
584.094
328.227
578.133
359.734
425.702
122.362
799.539
813.737
389.989
872.635
400.654
673.553
640.716
619.077
130.895
854.134
612.321
6.21968
10.5381
764.989
8.0643
182.911
587.796
411.147
545.408
942.418
576.567
610.701
27.3612
777.334
174.554
957.092
96.7878
124.001
310.016
47.4806
928.687
825.268
52.7136
250.323
749.425
700.585
311.378
670.593
526.232
462.593
371.674
798.878
993.739
96.7354
33.2196
455.139
965.107
80.1499
214.428
463.64
756.7
481.16
466.54
637.27
555.009
847.084
829.508
316.172
62.2841
345.532
865.14
72.2475
19.6136
87.9768
756.04
372.464
338.882
136.858
511.774
686.338
368.131
76.2251
575.287
244.398
940.705
144.49
883.964
576.643
361.347
818.463
604.097
797.468
7.91646
582.947
467.09
691.863
668.231
451.356
903.234
321.079
980.848
774.244
861.774
204.685
594.268
397.448
667.384
588.537
707.509
182.216
300.674
845.539
675.494
15.8746
322.734
166.72
250.606
695.858
243.029
565.234
199.787
158.182
939.394
792.995
89.3642
44.0719
286.74
686.586
139.635
3.338
907.229
509.867
821.85
370.928
636.82
974.732
623.477
871.079
230.561
668.562
261.584
188.498
832.239
143.96
438.857
728.862
816.337
264.537
524.403
49.1605
937.191
703.092
93.9684
895.393
172.478
393.277
187.766
17.0438
848.52
981.476
991.34
776.644
726.095
229.159
737.528
192.597
567.991
28.619
845.23
865.307
861.87
327.923
944.471
685.33
518.191
749.396
321.496
975.934
607.615
550.824
829.278
3.9439
613.725
911.439
551.585
299.974
206.144
572.351
482.885
173.396
634.982
605.498
599.242
93.6032
216.966
962.874
742.711
479.808
33.0171
344.463
853.647
821.733
555.129
274.659
901.591
729.363
915.321
705.061
335.092
208.275
152.032
128.729
678.58
736.541
133.241
42.5405
95.4503
167.885
973.923
471.966
334.206
538.565
461.265
207.076
442.284
105.17
691.686
217.91
590.605
309.574
554.888
580.153
366.143
753.725
112.451
908.967
850.249
62.8754
84.3419
903.234
968.299
349.93
506.186
970.975
699.638
614.787
417.427
452.876
797.595
610.913
70.0837
65.6885
876.065
747.636
629.669
632.759
389.824
11.4458
623.535
268.89
811.639
388.637
738.674
882.911
155.464
407.91
975.884
763.339
448.62
515.138
754.05
712.838
411.405
490.275
914.636
285.846
861.534
653.444
209.645
738.078
529.655
637.202
760.231
742.401
352.299
965.098
174.336
808.231
663.732
935.535
906.426
167.228
616.983
209.2
183.67
113.079
850.865
884.792
259.402
40.1962
131.203
997.229
493.716
198.392
619.796
573.156
848.219
66.1968
70.938
28.999
992.719
759.115
424.995
143.365
931.249
20.9015
752.849
379.503
596.944
212.934
741.548
430.47
317.657
130.164
923.662
740.511
331.533
943.714
499.477
323.784
263.281
667.49
648.435
213.208
987.844
301.642
559.623
272.148
546.538
960.7
907.426
629.659
419.216
906.911
607.374
408.301
191.744
924.744
195.321
582.968
139.82
935.282
412.89
168.04
827.347
34.8353
506.894
346.085
805.109
414.385
748.704
420.624
262.352
9.00428
675.262
31.8191
859.022
15.6056
98.8002
224.103
415.5
626.043
694.721
450.817
533.705
512.753
118.559
866.159
295.952
909.44
309.49
980.712
947.483
872.23
703.728
920.09
193.989
814.523
333.518
22.2641
988.675
544.76
633.014
914.754
584.076
460.882
464.675
623.735
884.527
435.123
473.109
438.923
293.712
15.3763
52.9005
25.0938
518.84
53.234
5.74651
196.241
676.213
53.9017
782.881
165.182
957.76
57.9153
191.277
534.686
922.445
808.761
166.464
188.673
372.017
151.075
450.407
174.557
143.393
973.307
215.897
136.434
171.23
491.713
462.042
405.194
348.492
990.386
132.284
65.6749
260.587
529.76
285.088
674.389
487.388
437.861
98.3685
130.869
450.156
294.253
191.763
344.899
560.944
630.604
