2.84751
9.79805
16.5009
10.1449
4.29679
16.752
10.176
9.14657
15.2078
7.55828
0.762755
3.7745
10.8041
3.65115
0.882632
18.9832
18.508
10.7549
18.3042
4.21753
2.86477
7.24215
9.01575
19.1349
12.5234
6.78065
5.14948
0.507737
11.8866
11.9084
1.09388
10.8433
1.42958
19.7848
16.6022
10.7694
4.78989
10.2788
15.1895
15.2591
9.56698
12.3081
0.77184
9.0009
8.00636
17.9465
15.2256
19.3181
0.927676
10.0817
10.9543
4.05975
6.86244
19.54
0.879274
18.7964
11.4435
12.6267
13.2627
10.189
6.74185
8.07003
3.20408
10.2747
4.96868
13.5783
5.09178
13.7881
3.57128
8.75935
18.8351
19.7477
0.773741
12.8975
10.3106
2.09178
14.8539
16.6484
10.2605
3.0237
19.1387
11.1622
16.0531
9.72545
7.60544
13.5944
14.2194
10.8192
5.90517
12.648
2.12073
6.66998
4.33568
4.45932
7.51839
9.81228
16.6257
0.0364674
13.4672
15.5713
11.1579
9.161
5.96363
13.0299
11.9814
5.80272
8.13924
11.4256
2.78182
2.07165
8.8966
18.4569
1.90132
17.2494
1.03195
5.58912
19.588
10.6359
13.4516
9.44588
14.6316
19.0134
4.54723
12.8705
13.7098
13.4988
18.5025
5.67619
16.5749
18.0981
5.15446
0.483373
19.0188
12.6714
15.0681
2.94366
5.06578
0.219012
2.51702
8.89167
16.3303
14.5352
6.29849
17.7183
11.2889
19.9444
15.4928
12.2755
10.1134
19.4374
3.57701
18.3111
4.33377
14.2854
8.05692
19.7575
3.42767
19.4772
3.32934
15.3555
3.92159
4.98287
13.0838
19.6708
16.3657
19.6167
14.48
5.37645
1.73527
1.89584
6.00989
3.55378
12.1301
18.8919
13.3625
9.28429
8.65455
17.532
6.59771
8.67972
7.69995
15.9792
18.6519
4.64879
4.57273
7.82823
17.6895
7.46872
3.88311
10.9842
18.3197
9.90538
15.0432
9.93312
14.6002
13.717
11.8375
19.8762
15.2824
6.70698
8.59973
6.84139
5.39909
0.985696
4.76775
15.428
4.85187
10.1342
19.3426
5.81109
16.5717
5.646
11.3924
0.611227
6.62665
16.1369
10.2115
4.42216
9.01008
10.3701
14.332
17.3804
9.72383
3.94691
12.5256
18.8763
8.91629
9.29538
10.1273
11.5327
12.6388
10.259
6.43834
10.0854
2.2563
7.81137
11.0836
3.33449
14.5269
5.75519
7.41079
9.69921
16.4227
11.1332
2.30379
7.67345
18.6323
15.9461
7.50595
2.82637
13.5244
6.27083
0.851796
10.4765
13.703
16.7707
11.431
0.0866205
8.8587
15.6567
10.777
0.498263
4.37087
15.4597
13.3332
19.8795
15.5255
10.6225
9.97604
11.8209
14.4951
2.72977
6.29973
1.97403
13.8783
6.56518
18.3635
19.7933
19.1013
2.27376
18.8806
6.28045
13.0184
2.7319
16.7068
8.99346
5.4902
15.6864
18.6102
14.5361
3.29052
10.0622
11.6522
18.0174
15.0136
7.74753
19.8245
6.77666
15.1956
8.87333
0.74413
0.459115
1.22891
8.39938
17.5308
10.6487
5.34831
1.93712
2.8213
14.3595
18.6317
3.22687
2.48587
10.7855
16.765
1.32315
19.5365
10.8042
3.12551
18.1834
3.32106
16.959
13.8529
7.74761
7.4021
7.65322
19.3241
16.5958
0.135025
10.4598
8.79252
13.2779
6.01824
0.344219
7.73145
6.72252
7.89858
2.81307
17.864
8.90716
2.07139
0.964009
17.8172
2.0896
14.5778
10.3834
7.83226
2.89302
13.6203
18.2025
10.71
6.93926
9.43356
7.38504
15.0039
9.43141
17.4306
7.12902
8.16889
8.93292
10.2104
1.45312
12.7593
3.87639
8.85165
14.4205
8.13087
18.3631
19.4708
13.7693
15.2641
0.737974
14.0073
7.2721
5.96926
19.1777
12.3946
1.96558
2.88162
14.6291
1.5534
15.1281
18.6866
19.8799
18.5711
10.2551
15.0978
2.63682
3.73511
5.71705
14.954
11.089
19.5572
9.91648
15.6557
15.9871
17.1103
17.9001
14.8068
17.1383
9.67582
11.2927
0.772771
17.2666
15.7021
1.05128
19.9811
14.2644
4.29518
13.8925
19.4343
2.05445
6.38872
13.2048
12.9551
14.3289
9.80574
11.9211
5.86049
10.7272
15.9276
2.49048
19.0211
2.19458
18.1931
9.50232
18.2854
6.17175
14.0804
17.3027
15.9169
0.974552
7.3515
14.5401
16.1294
4.18767
8.5766
11.9093
11.4276
5.61737
9.23409
3.81524
3.45726
3.16781
15.2343
7.60364
10.5623
2.23033
1.87961
4.35777
1.80995
10.1654
8.75261
14.3955
6.47761
7.00181
8.35683
12.7244
9.05108
9.60994
1.93325
2.67286
2.26907
11.4206
6.98366
9.67585
1.48829
8.31174
18.7869
5.5119
17.1332
11.2961
7.06132
19.9889
15.9318
2.9094
10.1207
0.334426
14.4123
5.56105
0.0359444
5.52684
16.0816
19.2315
4.59622
16.1934
3.38156
9.83805
15.0323
7.11169
0.916794
7.02923
12.3842
17.9268
7.89744
4.31114
7.33873
17.518
7.55647
2.79636
13.0873
6.12081
15.0309
13.7758
3.32559
12.0891
17.4909
16.7954
2.56605
4.29884
7.37846
10.5068
16.3521
2.98792
14.5759
14.3844
15.3229
8.55048
6.21825
10.0834
15.2658
6.70136
9.46859
14.1221
9.47612
16.1773
11.0551
1.86904
8.30393
3.93156
8.41571
6.975
9.90218
5.37686
8.25568
5.02399
9.25601
17.152
9.75292
8.18169
7.97398
1.62577
6.21828
0.305639
18.7918
2.27873
15.3845
4.5728
8.3991
12.7504
14.2608
14.1508
0.864343
6.42471
11.6646
7.38165
13.3897
6.59493
16.0104
2.86736
11.2003
16.9036
5.34949
9.07775
5.22607
18.2732
2.89097
18.7336
0.980698
4.25262
2.19746
11.0709
10.4107
6.60576
18.5275
18.6525
12.7885
0.791369
17.8608
5.03486
6.49678
4.50377
8.92078
2.75536
19.2622
5.70044
19.1234
18.9475
10.5848
11.485
0.435399
0.665522
7.42789
8.55385
0.433232
18.1911
16.1413
12.0779
8.62092
8.08982
10.1254
15.8229
13.4463
11.2791
8.83053
8.13841
15.0657
6.67899
3.6846
10.8168
9.88018
11.0886
10.4086
2.11721
10.096
18.4843
11.1933
9.56621
13.7073
14.359
14.0068
18.92
2.85793
12.0948
15.4351
18.6479
8.41198
9.68289
9.67331
17.4678
2.98784
18.4943
8.47535
13.9298
17.5737
6.94148
0.0641745
7.62324
7.48071
13.2052
13.8708
16.0537
9.54014
6.37854
6.18228
14.6921
7.04441
8.57558
4.01414
9.2273
7.65035
12.5414
16.7013
19.8681
14.3393
13.0654
19.7442
15.685
0.679905
14.6377
17.1847
16.3011
6.35725
16.5188
5.54668
5.07377
16.8775
15.634
9.60904
2.33985
5.99122
15.5705
12.8528
18.6506
13.5342
16.7474
3.65224
10.1463
16.0812
19.3376
16.4269
18.3623
7.43347
10.4698
13.6428
11.5713
5.16329
7.89281
18.9697
3.40856
12.1066
9.23202
5.03195
4.30803
2.60653
1.4579
12.1349
7.30186
5.49019
12.6525
15.7605
11.761
16.7857
0.906328
19.5267
0.970827
18.6584
13.1037
3.23061
4.76196
5.42562
15.2589
12.1537
17.6723
4.87556
15.5389
10.2898
14.7501
12.1369
16.0599
1.15925
17.8865
10.0523
14.7471
10.8599
2.62592
19.2116
10.0282
4.04587
9.25445
4.06912
17.3511
9.33206
15.4442
11.4738
3.26134
5.85452
18.208
5.88862
2.21608
4.61655
18.3324
0.748997
14.0862
5.06987
15.92
10.2949
10.9183
1.27558
15.2794
7.97235
0.994175
1.40428
0.0129837
19.0005
12.7392
8.87836
18.4796
7.31606
14.5085
17.4897
10.3629
11.2463
0.649008
5.6848
5.5089
0.840355
1.67124
4.23296
1.27687
19.7851
10.5299
17.1224
11.4396
10.7467
18.4697
8.0241
1.37032
19.8018
5.53163
9.89917
15.3295
13.8952
3.65166
1.74118
15.3698
19.8976
18.35
11.4963
19.29
16.1599
3.96124
18.2434
18.3825
12.9226
3.11223
6.92308
18.9558
6.76811
19.3363
13.9562
7.3501
8.65043
7.17233
9.07269
4.49848
10.8893
17.8371
3.87445
2.27076
6.91409
10.7316
9.04474
4.31687
6.27543
6.86442
6.0001
7.7085
9.12332
12.4541
11.1291
19.446
10.8893
11.0927
13.0336
8.39845
2.92474
12.8386
6.25989
7.00955
9.54493
12.5936
3.55421
1.68914
7.80593
6.43788
15.8999
6.73977
5.71778
0.948943
5.81002
14.7089
8.89528
19.0661
0.419533
19.5069
16.9574
5.92047
19.1994
14.6746
11.3414
14.7473
16.0714
1.37127
10.5651
3.04747
17.3782
0.861603
11.4075
8.18445
2.31209
3.72833
9.68588
12.0805
18.3617
6.99568
14.4287
11.8809
13.2216
19.355
18.8494
3.46627
10.7419
4.6157
1.03785
15.0939
18.6673
19.0662
17.1663
12.0899
18.7592
2.60696
3.94728
17.2317
19.8072
3.67084
4.98261
9.34816
18.7942
16.1858
11.1752
8.71715
12.7169
4.48282
4.76072
3.27893
3.16586
15.9495
19.59
4.41619
12.2318
12.6462
16.4189
9.3425
18.5402
8.3486
5.64729
17.2424
13.6947
19.5758
9.38869
14.5314
3.06091
15.6665
15.3443
13.8572
14.9261
3.61585
1.27805
9.82294
15.713
4.56971
15.6424
10.857
16.0903
15.5413
19.2692
15.4519
16.5119
1.80119
7.66736
4.3425
10.03
2.47246
15.4937
0.851636
9.18559
7.244
0.60383
13.2221
0.719885
10.3827
8.03008
15.3773
13.4936
11.3557
13.9856
13.6669
9.39717
0.488729
4.4077
1.00042
15.6562
2.97349
16.5249
11.0187
6.88474
0.381992
0.465013
14.3982
9.37319
4.24551
0.930212
2.37762
13.6421
17.7673
9.7276
12.187
6.05143
19.4464
0.65132
7.50456
8.04172
6.29379
18.9112
18.165
7.72018
10.1386
11.9794
17.8445
18.3422
0.257793
0.347237
16.2431
3.94033
15.1456
15.1285
12.8699
8.07627
12.2341
4.23984
14.3551
6.52975
7.61266
16.9165
10.5798
12.2831
7.6656
7.1991
6.89151
10.5369
17.3881
1.81359
19.953
14.7849
17.6501
14.7507
11.9649
18.5349
12.3899
8.0794
3.22428
12.9665
10.0771
17.3071
11.2774
1.5959
7.45881
13.3168
14.2697
16.0466
15.0575
2.44534
9.73872
15.082
17.8332
6.31554
3.49476
16.39
9.27337
11.3732
12.6207
10.5774
0.153895
8.79185
4.52752
16.3722
11.8805
4.50019
6.2944
13.8171
8.59167
16.9348
19.1063
19.3168
15.5389
15.3568
2.31816
17.101
6.51234
15.9169
2.60829
7.87946
10.5913
9.95085
11.463
9.62028
16.9229
5.91163
15.5256
0.655933
12.239
2.8149
0.368776
16.455
6.20527
19.8219
8.97602
12.0301
5.43092
10.9876
10.7651
18.9758
11.7469
0.342821
10.8331
12.7255
7.46996
2.00749
17.4206
5.44569
16.2746
1.55183
19.1348
19.9438
4.04704
7.45307
5.60875
16.7304
10.6003
10.6907
17.538
10.7708
6.86026
4.91106
17.1063
10.6179
13.3519
18.015
16.8926
4.56146
16.5721
6.73754
16.8943
17.2407
6.24992
7.69714
2.97181
0.690673
17.103
19.9996
9.57362
18.718
2.01047
11.6692
17.9309
12.1613
5.02179
16.9067
19.7231
5.36261
11.9879
19.9164
4.6426
1.80798
0.00592766
3.61727
16.3698
6.09214
14.5245
5.23862
4.813
2.69641
4.27261
9.2013
6.79828
2.09368
6.31243
7.00916
13.413
11.229
15.5623
8.72336
13.0601
0.776811
0.220478
10.4184
7.69161
16.753
6.71621
5.38351
13.9073
7.70974
9.04557
17.404
2.84154
11.5725
15.5311
9.18786
13.9317
1.83251
15.5033
14.8587
12.7934
2.84881
19.0041
3.72066
0.835684
3.87485
3.94177
7.50145
2.16792
14.5713
0.276809
1.82536
8.16351
1.25889
1.15474
12.6459
4.8711
18.0729
2.21281
19.2544
14.2467
12.9331
0.304275
12.6006
12.6264
2.41768
11.684
11.888
18.0382
19.538
4.60236
13.7937
6.51764
18.0039
17.3642
19.0924
12.449
13.0686
4.34727
6.5784
10.1989
17.5353
7.96946
7.51653
10.3684
7.25779
1.62728
13.7473
14.7527
16.5889
9.86436
12.2225
6.85887
3.2987
11.6093
19.6812
6.73035
13.6612
8.8798
5.83056
0.775959
0.0366092
0.817737
9.20467
17.253
16.6838
11.6454
14.1871
17.5154
13.2498
2.32388
3.1484
13.0352
0.850653
2.48111
15.6016
17.3306
2.62641
14.2716
14.2964
18.6591
3.53046
5.75219
17.0949
7.54048
9.12526
2.81962
4.39848
7.51024
15.1669
19.6605
14.2318
17.0046
1.49619
15.4894
3.10787
1.66697
2.69048
3.34524
18.0181
5.73096
18.8203
14.7086
4.75869
18.7465
14.2035
7.24223
3.22263
17.5229
4.58767
15.6044
18.6597
5.36728
13.5075
1.06413
5.22301
17.1368
8.20055
3.3626
1.85176
11.5272
6.36402
11.107
15.6655
18.1655
19.4119
7.5869
14.2883
0.573631
10.1102
13.7718
14.9289
0.873266
0.0278847
10.0248
13.6155
17.5062
18.1781
12.0586
9.29755
1.61855
0.615135
18.6828
13.9069
5.94194
10.9758
16.741
9.90722
7.27226
8.54427
16.6433
8.67496
14.6035
16.6977
0.982756
2.81231
15.0986
9.19766
3.31812
12.2188
7.76024
6.75053
12.8787
14.1689
19.9695
10.0679
9.56876
14.2473
4.70213
2.09285
6.34432
4.95514
12.884
0.74079
6.89127
14.4116
8.605
5.94629
7.63531
1.36243
4.19881
5.24617
13.4944
12.8742
11.282
3.96358
7.89844
19.9907
4.9145
16.4881
9.17663
6.96729
13.4588
19.935
15.0409
11.2722
17.765
4.57117
17.8642
1.91918
9.40998
15.897
15.1271
17.7402
7.83281
4.27685
7.69734
7.09929
14.5295
2.28211
18.2124
6.96725
15.2423
12.3237
12.2255
16.6292
19.3242
16.9812
3.20767
18.2362
7.46593
18.6277
7.39181
4.77184
10.6408
6.46055
17.1865
19.6307
3.12595
12.4264
17.9119
9.84223
0.620242
10.5942
5.30712
10.6386
14.1539
17.9766
3.75398
8.13287
1.66888
15.8754
11.5018
12.7656
8.2453
16.7364
10.5186
8.16175
0.175192
2.23321
10.4377
18.6168
19.8278
2.2864
2.38982
4.53973
12.327
6.82776
8.54587
9.44687
18.7807
12.7668
11.7638
16.7357
0.835882
5.47335
16.942
18.9789
6.11482
1.64577
9.50951
9.87299
16.4009
9.60738
13.1998
19.4989
3.55291
4.63252
0.907115
15.8369
0.707415
9.36015
19.5238
7.91215
19.197
0.979918
8.21952
10.8605
17.732
18.368
9.0672
10.5012
14.9872
2.13006
17.5568
12.2625
16.4089
19.8165
2.72368
10.0708
15.8508
2.55488
19.6989
0.148923
18.1211
1.27299
18.2225
15.9883
14.2085
12.8202
5.06705
19.4572
14.6988
8.07079
4.2255
18.7503
17.7671
17.432
1.11351
15.3265
9.72303
17.5821
5.64304
19.3369
16.2379
16.6214
10.9936
2.60355
7.30861
17.0229
9.72729
13.8984
2.79219
19.9577
8.36581
7.14379
12.7383
1.81711
9.90552
2.01621
3.15705
5.22178
8.59258
17.0609
6.18278
18.3804
9.31327
19.6241
16.2789
5.70383
2.90585
16.9919
14.7659
6.54031
6.11094
8.8362
19.8837
13.0162
11.1884
14.6792
18.5194
11.6337
13.0366
1.02907
7.59737
14.9735
6.96275
10.3622
1.87788
7.90418
13.7637
8.18179
5.90677
4.92885
6.10178
0.210859
17.3761
13.235
11.4641
10.0847
17.6678
15.982
17.0503
7.80672
9.43312
4.13144
0.439404
17.1094
19.9819
6.27599
5.84601
0.108268
4.50124
19.8218
11.5023
15.9602
11.171
14.0163
9.45974
5.71463
4.52326
16.4814
1.27215
8.54877
16.6722
16.6923
16.0661
19.4871
19.3768
14.9008
17.534
1.88033
0.518951
6.13954
12.7856
15.3039
19.2086
6.09262
13.593
15.8409
0.561199
11.9645
11.7647
1.84002
18.7029
19.1363
8.5322
8.71826
2.87492
18.7253
15.7987
17.2302
4.92157
11.185
10.4141
15.5063
4.20447
18.0537
10.3628
2.85073
6.28537
13.8666
0.912901
15.4532
4.67575
15.7992
11.6799
3.85456
17.4325
2.13611
15.5708
16.6618
13.0097
12.2135
0.100976
19.5587
9.08251
7.49804
1.18572
8.88425
5.13307
18.9844
13.1653
2.57503
6.88389
17.963
19.4843
2.89331
17.2278
15.205
10.2686
18.179
12.0306
5.59674
0.666559
15.3568
6.43551
1.96859
0.62987
18.4142
19.76
2.10711
14.6274
4.36341
4.08871
15.0595
0.100361
6.20522
7.97801
11.2408
17.2685
5.93224
15.3195
3.65061
10.8865
7.47447
15.6562
1.67076
12.5784
19.2308
18.0043
4.499
7.33209
3.35944
19.4658
5.40998
7.88146
6.74766
13.7373
12.0465
6.10305
11.1957
2.94
17.5651
8.55573
16.1231
10.6046
17.5455
2.21087
11.5103
9.35929
13.6819
18.7319
12.4334
18.9028
4.53614
17.1952
9.48312
0.441331
16.7455
7.23175
9.79536
11.0286
16.5787
8.99586
10.3904
5.33318
19.1326
3.72034
12.5946
12.7575
6.07967
8.07156
0.0535483
16.6843
8.29833
7.16223
7.13689
15.6677
12.9202
7.40735
17.1643
12.4581
8.84972
5.83556
4.86106
8.98615
3.09304
17.7635
10.4335
10.1571
4.17951
2.59128
2.59027
9.34456
11.2389
4.9475
13.581
3.79239
5.47894
10.6281
3.89798
7.27003
10.9319
15.0822
16.9143
13.2871
9.45134
14.1154
6.56566
15.6095
6.4429
12.1756
1.11811
11.4564
7.49777
11.0908
2.23382
18.7673
15.2533
9.41553
9.52031
8.14506
19.4511
11.5091
1.49413
7.23447
6.41458
17.4203
3.26903
18.5861
16.5417
5.6399
7.53924
3.17145
15.8769
2.59927
10.8292
11.5937
3.37024
15.0925
14.8021
1.93633
7.37817
10.1833
16.3435
19.2836
3.18334
15.7802
0.199791
7.91209
9.31703
19.7445
16.3491
1.62829
11.8444
14.6442
18.0856
7.42765
8.10985
6.65185
9.40586
15.4303
13.2865
7.8851
2.84337
5.82923
13.2603
4.56947
12.7843
1.22081
6.12548
3.32784
18.5034
8.30415
7.39323
0.00296523
19.8552
5.08628
2.55671
7.71325
3.0725
19.0592
11.6818
12.9523
0.158142
10.5709
8.83977
10.8219
6.68048
2.07831
11.5291
4.42912
7.06839
9.27729
11.4852
10.5281
3.98979
15.3368
7.98327
4.08525
4.02789
16.9566
6.69547
6.14216
2.91569
15.833
8.3566
6.79584
8.95257
0.8677
3.63275
8.96696
7.63656
6.73288
14.374
0.563403
16.8401
12.1801
10.4953
7.24492
10.1277
5.17916
18.5666
12.948
8.47418
9.32294
11.1391
1.88208
16.4713
17.83
19.6631
19.3405
16.3949
19.7625
3.92948
13.6346
15.841
17.8019
5.40661
11.3503
5.34885
2.09268
12.657
1.77463
19.7875
4.53693
7.03686
15.1994
1.05371
7.54591
13.2586
2.19556
14.8494
7.68957
19.4183
16.498
16.6241
3.12201
2.01738
9.89423
15.1291
18.6134
15.6772
7.55012
12.638
13.1494
5.75309
12.9514
15.6502
9.42183
4.22811
15.578
1.26317
3.80191
18.3782
3.0188
11.6469
1.26608
15.3955
12.8058
19.7067
10.9581
5.67952
10.3511
2.45758
0.112303
2.69367
3.34988
