15.9496
16.4245
14.1077
9.98738
17.4944
3.81804
18.3119
17.7415
4.64434
6.44359
14.5543
17.063
17.6045
2.61651
9.54653
0.535826
9.43218
10.2676
13.5374
11.0819
7.5422
9.76885
13.2951
14.3011
2.57524
11.3927
17.986
12.9229
7.35485
2.09663
13.8952
6.0687
18.7958
19.2859
10.1533
18.7948
4.60407
9.33067
5.21897
14.7085
7.0323
1.85427
4.51775
16.1974
5.29061
8.53751
19.4242
8.23439
16.3117
15.1487
4.40941
7.43806
16.9754
10.1597
9.76839
16.9009
17.7541
11.6018
5.68771
3.94895
5.01363
7.07325
11.7824
12.7942
2.46786
15.2866
4.95852
11.9256
17.7033
12.3561
15.9505
12.7802
7.26005
15.5014
7.8025
14.1912
14.7703
13.5804
6.1571
8.63394
2.61814
3.50485
4.24845
4.5673
8.55192
5.44571
11.3833
15.5724
13.8503
11.5854
9.34615
18.0133
6.82091
12.4273
10.2822
6.57858
15.7052
18.6221
15.3589
18.6252
2.95582
5.63508
4.86074
5.90364
5.66682
6.29572
19.4136
13.2965
10.3949
6.45188
11.6109
6.01922
2.43181
14.4402
2.01546
19.835
6.30499
6.54723
2.54632
17.0407
10.3552
5.81306
8.28339
18.6631
13.5135
3.98627
4.31345
14.1501
14.0141
19.8288
12.1318
0.264146
4.55927
14.3204
7.59265
13.191
19.327
9.11317
18.3545
3.48619
5.08281
19.3234
17.0748
16.7884
11.3116
12.6181
4.32393
19.4174
0.993779
14.2014
7.6872
17.3594
4.45978
1.7392
5.8043
14.0911
4.69161
6.0968
5.85303
19.2066
18.2461
0.295778
13.4668
15.2179
18.6327
7.20068
16.112
1.27744
3.37429
1.5607
11.4535
16.8099
7.65218
4.7201
13.6435
6.122
4.85053
14.573
17.1302
16.1426
17.2381
17.8686
18.9007
11.1333
10.6115
5.50469
15.3079
6.56314
17.6676
5.37873
2.46926
0.359852
6.23729
18.8735
11.0733
0.478
14.0091
0.312587
14.9651
19.9984
19.9562
11.4395
6.54599
6.16824
8.1448
12.2852
7.03823
4.33085
13.4324
16.1135
10.4425
17.582
1.08933
11.0202
17.4546
1.97105
4.41496
5.52572
3.96848
15.9178
2.87935
1.48659
19.2233
7.53355
10.7576
5.56497
8.25175
7.40741
2.17488
6.72735
15.0407
4.58889
8.19549
2.22315
16.5825
10.0931
5.74927
8.40855
7.75922
9.93485
18.0726
11.3095
7.54743
14.3163
8.90379
1.44175
14.4795
18.3478
9.08143
14.2138
0.913743
8.82181
3.51237
5.06934
14.8952
17.9493
9.00373
14.5524
6.22864
14.9398
8.4865
0.459409
8.06259
1.53425
16.7372
15.6825
6.07862
17.8319
12.4806
12.5299
4.07758
12.6475
7.63769
13.6686
15.358
9.15253
1.82269
15.4579
6.53736
16.0782
3.25139
0.262019
16.5502
12.0472
7.90379
13.8625
12.1879
5.82981
13.06
7.5217
5.78275
0.115634
5.83178
0.958885
0.305751
15.4739
11.8751
2.64979
14.5922
4.35904
10.257
3.78634
13.8819
8.44124
17.1782
10.4206
11.5305
3.92403
9.00768
10.7235
16.7215
19.1318
11.2026
5.01421
15.6185
16.9562
19.8983
18.8277
17.1914
4.35053
16.398
7.43124
4.05594
4.53904
4.02077
19.1569
17.718
12.9464
4.84144
4.77337
9.23697
10.2263
6.19229
11.5382
17.9008
12.7586
7.18754
13.1534
9.30683
1.00262
2.00986
14.2625
7.13265
16.4267
11.6489
3.88565
7.41954
6.07318
2.46158
4.87487
19.3374
12.3876
16.0701
12.8859
10.4181
1.29646
8.88174
2.89565
6.82131
7.5572
6.96326
18.459
5.333
12.7813
15.6861
7.76792
1.83897
6.38002
6.40963
9.11507
16.0059
9.15827
2.99701
6.85558
2.39946
14.2388
1.09057
14.4652
17.7935
15.7123
12.7035
12.4869
11.7441
13.1044
3.49136
1.9516
2.15386
1.32628
17.6878
1.21399
1.37231
14.0693
1.90378
4.96099
6.01084
15.1545
3.77144
3.87543
14.5207
0.0579669
9.8941
11.4266
6.52923
8.15962
15.5226
8.08658
10.8974
3.36315
17.9456
5.4598
15.8989
13.0102
6.59608
16.8337
1.79719
17.3796
1.7012
12.0968
1.66178
14.5955
2.37258
18.7063
1.30263
19.1374
1.80871
4.48607
12.4195
17.4581
18.1709
17.4132
9.30339
6.08766
8.67566
19.9249
15.4431
18.5888
14.7662
4.23206
6.37211
9.95661
3.39029
18.7975
7.32103
6.45686
2.54054
5.5928
14.1854
2.64435
1.18728
4.41864
7.16222
19.9802
18.3456
9.31326
9.90115
3.5481
12.8997
11.8541
15.466
4.15339
17.0085
18.4165
8.77926
16.6591
17.9387
14.6706
9.49179
4.08971
13.8225
13.9399
7.25986
1.43685
8.63051
1.70065
5.16883
10.379
4.83468
17.9337
1.30586
11.9349
12.3299
11.3013
1.0195
8.23914
15.4816
13.3859
10.898
11.7503
10.5422
13.3034
10.8288
10.2816
4.89846
16.1439
16.3257
8.29732
13.267
12.5946
15.9541
14.6024
1.79258
6.66193
19.5299
16.414
11.0115
5.50821
9.28325
0.840363
10.0693
5.76433
0.500578
9.23518
18.2636
8.38972
17.1767
11.4033
3.3113
3.42204
13.3743
15.0047
11.0493
14.1745
7.95191
5.22147
5.62926
7.02753
3.00828
18.6626
15.5758
7.85224
9.32922
0.357595
11.018
5.67195
1.64121
11.4912
12.8869
5.65455
17.4735
11.3211
0.369837
12.1296
19.0746
13.7537
7.23777
9.16341
11.9264
2.43388
2.41584
17.3159
10.8651
6.37511
11.6115
11.0326
16.4625
6.12158
1.61502
16.6849
10.9115
6.90968
13.661
3.07907
17.599
0.470268
13.1567
15.6318
3.37271
11.7806
9.99851
17.2484
15.0637
6.95513
15.3862
0.841579
2.95341
5.13253
6.4905
18.0738
15.235
10.9077
16.766
9.56537
3.01462
1.25618
7.04213
2.4202
15.0677
2.74489
17.9583
18.5845
8.04415
4.43981
16.5608
13.6422
5.65919
3.53755
5.25661
3.02831
15.8101
9.90684
3.32973
13.5893
1.73322
9.72546
13.0222
18.5148
15.1598
19.1757
10.1354
17.0233
10.082
7.38897
3.5506
11.4799
4.26115
13.6148
17.7175
10.2214
14.1226
8.98993
2.7121
13.7508
1.30705
16.385
8.7351
12.095
10.4976
14.446
13.6891
5.44364
3.62657
18.8108
4.62934
3.3092
2.22604
6.547
0.0791463
12.1104
0.0744439
6.78924
0.373196
6.89805
12.3174
2.5179
18.8714
15.2526
18.9372
4.1
15.7568
13.0004
15.2548
16.9808
8.1547
7.58182
7.76539
11.9107
16.1502
18.704
5.93967
16.9444
9.75872
18.2992
1.58847
5.58615
6.53959
9.42491
7.33598
10.9986
16.675
2.1568
14.8665
5.21833
13.1042
4.98889
8.7266
13.2583
1.9506
6.81699
0.869465
0.439513
13.8369
19.9351
15.4261
8.30011
17.5779
10.8992
5.30412
15.7535
6.70179
18.7112
2.20417
8.28426
10.9856
2.00127
12.5539
18.4915
6.87947
5.49722
6.22973
5.14468
18.7545
1.22028
6.90776
12.152
8.88066
9.21227
15.8085
19.2405
13.6286
16.4159
10.4779
7.19815
11.7892
16.0987
4.16303
13.9246
13.001
15.3114
7.50064
11.9905
16.0796
6.56166
7.42562
5.55357
10.0399
11.7007
14.0299
5.66899
3.68964
18.4407
14.881
13.2562
5.59658
16.6566
16.7983
11.3922
19.9005
13.9664
17.8106
9.5823
11.9927
7.04447
9.57658
17.5713
19.1481
10.7436
14.398
10.3695
7.6222
7.16055
11.6852
12.3429
19.6232
17.9847
17.8391
14.1735
4.48044
2.28126
13.6277
11.5235
17.1181
6.86779
5.70865
14.3014
5.38253
11.9596
15.295
10.4775
17.4856
11.461
5.50883
1.91164
5.54762
12.1834
9.10108
15.1733
5.67982
15.8504
1.54822
2.33455
18.2117
13.1235
17.3914
18.2474
19.68
5.52425
13.9839
16.1447
12.8186
15.0794
15.2086
4.1329
12.7577
8.66816
3.48225
17.6422
19.8083
16.9565
4.80254
4.62193
16.5782
19.2575
16.9626
18.3178
8.91947
4.41412
3.33587
3.44388
17.3584
2.38999
16.0721
7.65099
18.5581
13.5946
17.4582
16.4985
3.55753
16.357
16.3927
4.34631
0.308194
7.88683
5.34474
12.0812
16.0038
3.11266
1.67212
9.78436
4.47828
12.7498
10.8877
11.176
19.4775
6.54731
16.8502
8.38692
9.76014
2.97578
9.2278
18.7053
12.9853
19.621
13.5002
16.7758
1.62295
19.4697
16.4199
2.44316
1.60848
8.68621
17.55
3.07614
2.24657
0.141312
8.95192
9.45705
17.0488
14.5162
6.10671
5.89111
12.7612
4.16088
8.93613
1.7911
7.73965
16.0496
9.68519
10.4705
18.6017
15.747
17.7426
1.26152
6.17595
14.967
9.03752
8.86007
8.61504
10.3766
17.9239
7.44383
4.05094
17.8025
6.80158
18.3592
4.03833
18.2725
19.5989
3.78972
13.761
16.4462
5.26192
3.24691
15.2563
13.8206
18.1167
16.7212
1.52949
17.0385
15.6478
17.7839
6.47071
12.4572
17.4155
5.69414
7.40942
11.8412
18.2005
19.2353
10.8789
0.199126
11.3743
6.2774
12.4297
9.82845
13.517
7.53816
9.94018
8.62719
5.36535
8.69637
2.40101
16.1057
19.1591
18.2418
11.7019
8.41591
11.1007
4.21093
2.2628
15.1311
16.2363
14.1018
3.55545
7.29734
4.38418
6.58228
12.7933
7.64838
9.95331
12.9964
16.1111
11.0532
6.00479
5.65056
3.82544
10.5443
13.5875
10.3318
9.17724
11.5326
2.60803
10.9312
0.685035
5.34786
11.6255
9.63841
19.6567
15.8481
1.62684
7.56951
8.71978
5.57317
11.3243
10.6214
16.2065
8.43305
7.00083
6.67345
15.3439
10.8124
11.7342
8.40125
8.30856
1.64081
9.75209
15.5408
16.6377
9.98549
10.726
17.869
4.83349
16.4769
14.8417
2.48847
6.05309
0.69629
4.82057
15.5257
2.26959
17.7993
5.05951
0.196252
13.087
6.19913
6.1733
13.7227
17.7042
17.6704
19.1003
17.8331
1.95016
11.917
6.71605
10.2514
2.6934
6.30317
9.88866
4.44293
3.26692
19.2695
5.2658
16.165
18.0527
8.2083
7.93945
13.2736
19.2321
19.3835
10.3121
7.40941
12.5146
6.06892
14.7415
18.8995
19.795
13.1218
2.48448
6.95439
2.74979
6.83733
2.16936
3.51351
17.3529
6.60079
17.6334
19.9489
16.5287
15.6681
11.9302
18.3583
16.6624
9.79505
8.47946
14.5871
11.7421
3.45653
16.8513
17.2956
8.2406
13.4993
16.6149
11.9409
12.7234
7.04082
14.346
8.21063
5.82376
2.36089
19.7489
7.88925
12.7642
0.929394
14.8548
5.41774
18.3128
8.22103
2.56143
13.8119
3.18752
17.8857
13.6412
6.43301
6.28941
6.61287
9.07864
4.17047
14.2823
16.1857
13.8673
12.0634
12.2017
17.2768
8.47584
1.24571
2.02979
2.74476
10.9991
4.45232
5.88799
15.7082
3.91766
6.36474
5.69768
5.27617
13.0869
13.6995
13.706
19.051
5.28679
12.1582
8.45309
5.70428
3.78616
12.8611
10.8234
10.9762
7.88952
12.3238
1.67877
18.8112
7.88335
9.49692
0.702939
12.5834
3.94544
19.0614
8.40147
19.5618
12.3371
17.9226
19.0561
12.1242
17.776
8.76796
17.8362
12.4081
6.54288
3.66942
12.5931
2.09116
9.91917
8.03602
12.4332
1.82363
12.2903
14.8835
14.898
15.1826
15.211
1.44692
16.5349
4.70632
15.0879
4.99852
0.322129
8.07595
7.25953
15.714
5.08808
15.1536
11.8706
7.87924
1.39401
15.0718
14.9097
12.2769
12.2327
10.8618
4.54018
17.773
4.43882
18.1988
6.25325
6.46547
3.34596
8.42298
17.2928
6.60709
5.24878
5.83326
14.6859
17.0535
4.69878
19.883
7.72908
15.2718
14.9767
4.86651
4.35223
15.2187
0.288726
17.6382
16.6276
0.366131
12.7541
10.7688
13.0199
13.9344
8.50258
10.3761
1.41092
19.5775
1.31088
14.8215
19.3519
19.4943
6.38956
15.1085
18.119
13.404
9.88696
11.4277
10.8779
10.9305
4.56298
3.80331
15.8123
10.5513
6.72094
13.3548
19.0272
14.1361
18.4167
4.35069
11.9968
5.87917
5.7103
10.1925
16.8144
8.74853
5.92803
12.5704
12.8298
18.0576
16.4203
11.0667
17.1992
2.1031
5.02068
12.0354
8.66366
3.16552
12.0902
0.467382
18.4286
8.93152
5.93709
13.6553
6.02681
0.182006
1.07817
9.07316
16.649
5.36441
18.022
18.8053
18.0777
5.07262
2.68409
14.4015
17.2206
11.7195
7.50761
1.39968
14.5009
3.87423
2.44608
1.35916
0.0175815
12.285
16.9178
16.3791
13.0524
13.6614
2.21056
8.76457
8.53459
4.25804
2.44616
3.32323
6.88171
7.41374
0.117422
14.5814
16.5134
7.87677
1.1352
18.645
4.41624
12.7976
3.60214
4.02123
18.0545
0.926362
19.3801
8.76075
16.3633
15.8067
6.64822
18.2414
16.4346
19.4695
9.94025
3.19971
5.96022
3.48792
7.23244
18.3896
7.66847
11.2802
11.3643
2.18858
8.50396
18.614
0.529491
5.30513
8.54576
5.45369
16.3039
1.25344
8.56236
15.6547
2.74617
17.6168
15.2558
0.0125637
3.80343
13.6164
13.4495
12.8091
4.41603
10.2803
11.4741
17.3691
9.91639
2.46173
6.38063
1.04698
11.2014
4.38704
15.3354
10.4461
5.13686
12.7334
15.9468
19.6096
9.33117
18.3119
18.7857
11.4337
18.1982
16.1787
3.65147
1.71691
1.29873
8.48377
16.2244
10.3931
12.0907
10.1107
18.9449
9.00589
1.37796
6.2242
5.25032
0.58618
6.81427
10.2699
5.23556
3.84084
0.225736
17.2548
18.3971
11.5074
17.0955
5.10587
1.85726
0.910359
17.0494
12.5699
8.13918
4.66357
3.16755
0.348379
15.0647
5.76853
14.8054
16.9207
4.30479
18.092
13.7441
10.4643
1.89523
19.4862
7.04438
7.11013
11.3368
0.452433
0.0410885
5.65204
16.799
13.8364
1.88349
16.3013
1.67972
17.5071
4.86509
6.81079
19.9109
18.9515
7.06291
18.1715
12.4672
13.115
15.9936
1.59239
19.4298
12.2308
1.38314
19.6633
10.5812
14.1258
8.19479
4.42311
19.6513
4.88759
15.4543
16.3473
2.61698
19.7104
14.8957
3.31885
17.3263
18.6194
2.1912
11.5813
14.4588
4.13998
14.3615
11.1603
19.8458
11.2269
5.58292
1.4701
3.64333
10.2092
11.7818
3.49172
11.1199
19.2691
18.4041
9.63318
4.02478
7.47414
1.75322
14.993
12.2017
15.2252
14.264
19.2465
8.51186
13.9964
6.50196
15.7814
8.83684
9.97274
3.34053
4.84317
19.0091
3.02053
10.996
4.95635
12.358
4.04488
11.6752
13.7328
6.19017
11.8093
5.58069
17.1375
19.2492
2.45925
9.93794
14.51
14.4042
14.1665
9.40135
12.7422
12.2646
3.90218
14.9237
7.35554
6.28456
19.4073
3.02195
6.81464
5.23142
2.05433
4.61674
0.200565
19.9784
5.36912
17.8096
12.7438
12.2899
9.1144
7.65272
15.1617
8.64365
2.03882
10.0792
15.7696
14.9257
18.5936
1.91341
14.5313
6.16888
3.67848
19.0508
17.0679
17.1018
15.8956
17.9587
8.20146
12.3788
19.249
2.6477
4.54714
0.00231958
10.8307
11.8824
3.70256
19.7869
15.9833
13.2316
4.48344
4.23649
0.0304991
16.9382
7.07604
5.94686
9.39946
1.61493
3.58417
7.13613
3.71074
6.61553
7.97337
17.5517
16.439
2.49173
1.28141
18.4922
0.427099
2.12925
0.0696877
14.1474
0.96905
1.93794
10.8122
18.2458
0.35788
17.2542
2.34754
14.7492
15.4578
1.98441
5.77848
0.623056
5.03417
9.86525
1.39835
3.54077
4.16575
7.2625
9.2114
3.33982
11.0198
9.88609
4.70319
14.4509
2.61856
19.6071
12.9453
16.0755
1.97543
10.99
7.63421
11.4386
18.3384
0.0592359
5.05506
3.46779
12.8037
17.6242
5.10404
8.26493
1.59487
19.1136
8.15747
15.3365
3.97531
4.53278
16.3007
11.602
6.60141
15.3222
7.73632
18.8265
15.1664
18.285
16.9732
5.87929
19.7051
10.674
12.9606
14.8385
15.4002
11.3207
5.76822
16.7616
6.50418
7.30467
8.22366
15.023
16.2327
10.9664
3.75492
15.4282
16.4948
11.5261
3.84946
10.8263
2.29281
5.50642
1.34554
17.0785
2.43384
11.9223
11.3427
19.2632
3.22696
13.2663
10.3453
1.25137
15.0025
5.71702
6.996
13.4073
9.66999
17.8729
11.1856
8.29205
19.0625
9.91437
5.54851
5.45892
13.5215
14.2374
4.42988
13.8318
9.5037
12.8616
12.9838
15.4119
2.57207
9.23001
11.9324
14.2949
0.100814
3.95468
14.2518
11.4168
7.7452
16.4849
18.9966
15.9747
10.6502
9.67168
12.0379
0.356216
10.4512
6.24506
5.94652
15.1861
14.7528
16.867
13.7815
1.43545
17.0014
9.8271
14.4688
1.7656
5.7317
13.4682
5.06103
8.56114
14.5992
9.66866
7.2969
5.64525
5.436
7.21475
3.74584
2.24866
18.314
12.9849
8.01429
14.6713
8.3591
10.3792
7.1424
16.8919
8.6601
7.17059
14.8927
1.00879
0.888713
1.10615
9.60154
6.22853
3.54515
1.07367
15.7556
0.325327
14.4091
13.2069
3.43292
18.3382
7.61225
1.91128
1.48774
3.30056
12.8818
5.78024
14.3237
15.2253
16.2129
11.0479
12.3693
5.28064
11.1309
14.7378
18.8806
19.2509
3.89058
11.337
17.0896
0.339419
18.2709
0.144573
0.555058
7.36113
13.6375
6.93759
12.1909
2.99266
1.21894
4.78312
5.34031
2.04096
16.2867
9.55363
16.6829
14.6121
9.55566
12.1067
10.3437
1.24033
13.6151
7.06163
16.1871
15.4404
19.8372
5.39812
15.6671
8.23777
13.5629
0.444542
13.1001
9.62567
9.52466
4.00462
9.97667
0.649352
4.30881
6.35015
1.46622
11.3734
17.8884
4.31945
7.37439
15.1077
6.69817
17.1855
9.26705
13.7301
4.23502
13.5959
5.47966
2.06386
17.6207
1.59086
0.260132
19.308
11.1088
9.58857
8.66672
6.62695
16.722
3.82537
9.86142
8.35049
19.2808
1.85096
4.21362
1.60145
1.22612
12.0767
9.96884
14.6167
1.06457
14.7407
8.85102
5.71752
19.4006
7.31051
1.43041
0.411588
6.4127
19.5163
5.79102
14.6972
12.6525
12.5861
17.5596
4.04994
4.86005
15.1764
16.1674
19.0385
17.2445
7.259
12.8849
3.07883
17.2054
6.74874
18.4837
6.28552
11.2378
1.79331
1.57821
5.46222
0.592299
18.5989
1.40973
16.1451
16.0752
17.502
16.2398
3.25162
7.58577
16.3482
15.1411
4.29433
17.1274
1.63508
7.12996
3.56782
9.27795
19.953
9.55823
12.9519
10.7884
2.78646
11.5502
18.0088
17.0741
6.11335
12.0054
14.9312
19.1362
3.78535
4.8889
9.91063
9.16414
15.6829
0.496684
17.4413
12.1373
9.16323
5.87261
15.095
11.1313
18.2923
10.9918
13.7428
1.78666
4.08944
14.195
4.71012
16.103
0.497614
17.7233
7.66852
6.08265
15.0207
6.6487
7.06894
6.05018
15.7302
4.289
9.81858
9.78192
1.65486
4.1432
19.2997
13.5637
3.33115
19.437
0.678503
4.26657
2.24875
16.2193
0.606639
18.4166
8.24111
8.96951
19.9593
3.9566
18.7573
15.0191
12.2845
19.7538
2.34223
1.88314
18.5074
6.36437
13.968
6.14917
15.9311
15.195
19.4619
6.84139
5.88221
13.9756
10.8218
19.8137
15.5576
12.7429
3.2125
14.3557
9.89062
3.3725
14.2688
5.99679
5.14933
5.54217
14.7282
13.2575
4.48148
5.82685
3.74094
2.25856
10.9208
10.2936
12.9094
9.86963
10.2059
14.4673
7.26867
5.20482
0.326838
15.1492
12.3016
5.97431
12.6642
15.2678
13.7081
12.1954
13.4151
14.9484
19.7179
12.4719
9.06762
17.9298
3.47245
11.5328
13.4759
14.0481
10.4478
2.63851
2.45752
15.4384
0.852849
13.6452
0.531813
10.9319
19.4555
8.65667
6.74651
16.1987
17.5561
14.4979
1.92016
13.4076
1.64408
8.04431
7.73791
0.638447
7.27112
16.4661
15.6706
12.3745
19.201
6.08826
5.58757
18.5365
16.8226
8.22175
2.71317
7.10591
16.1831
4.17459
0.68635
11.644
18.3165
11.2779
15.0885
5.85831
18.4322
16.9248
17.0802
19.3588
8.57215
12.3296
11.5705
8.44371
14.4083
8.31579
7.58094
6.46262
16.9244
0.492015
10.6349
10.6741
7.01213
16.9932
6.89958
1.63195
6.26052
13.136
14.3726
10.9577
8.41883
4.50512
16.0254
12.4834
11.0254
10.3445
11.2177
7.2506
6.96106
14.8657
8.38373
12.5774
10.9902
1.11521
18.3092
12.958
3.86673
6.03675
12.493
5.0533
1.92373
0.563901
17.0461
10.4235
4.41168
18.7664
4.4122
17.9123
16.4307
19.6823
11.6975
4.26752
18.6211
9.75168
7.68008
10.4351
3.44662
18.0862
15.8338
3.83403
13.7536
13.8037
15.8571
2.20077
2.1025
6.50871
13.8348
12.095
19.0157
11.3157
7.37029
11.7977
11.2174
18.3418
13.2938
6.73992
7.54355
4.05925
10.8692
11.7359
5.86673
16.155
1.67879
5.86485
18.8352
4.5857
9.50545
13.5602
12.1757
18.3971
5.35617
9.00554
8.86651
14.5685
18.4953
12.4734
10.8305
1.91768
15.5294
14.0845
11.0374
8.82965
18.957
16.5527
19.368
13.2055
7.03229
8.18404
14.1614
0.525483
2.87577
12.9812
18.8367
9.55123
8.45898
3.11407
5.38919
4.71295
9.1184
14.398
17.3646
2.59826
9.62573
15.4493
17.3943
2.84065
9.70972
15.8038
5.54847
2.57792
5.22315
19.1655
17.419
7.93176
14.0881
8.73717
9.39308
19.9118
16.6436
15.6525
15.7505
18.296
8.40441
8.77671
14.8953
6.17779
15.5924
19.7291
12.9598
17.2388
17.3413
14.0962
4.79172
1.48275
15.7038
11.9447
1.94366
1.026
0.229117
7.82023
8.97564
1.75366
1.76343
6.18726
14.2503
14.1127
13.4739
2.07606
16.0213
6.17949
6.91338
12.7523
6.65665
5.99946
14.6985
5.16358
11.2634
5.15433
19.247
16.815
6.37784
3.14083
8.65057
2.87397
17.9971
17.6551
1.9902
3.62585
1.12748
14.3604
4.21735
15.9638
4.72332
5.08005
1.02166
19.0408
11.1152
12.3335
14.2263
0.628984
1.19089
6.41104
18.2762
19.2796
16.9628
6.09941
7.44692
12.6764
16.0741
3.81576
6.66482
5.11065
16.6154
7.61241
17.5776
12.0153
0.893597
11.5545
7.33943
19.031
15.5907
2.7517
17.443
8.22552
13.5731
15.459
1.52838
14.9239
4.97961
7.67543
11.5854
14.8643
10.6376
18.8031
4.68559
4.13621
16.6825
8.26254
15.9407
3.96048
17.2751
3.67575
4.78244
15.1087
3.80219
14.2264
17.5578
15.4756
12.1092
17.9101
2.03024
16.4146
14.1161
19.162
1.27606
19.1539
3.71804
11.6569
19.3492
15.6439
8.92335
8.78854
1.15327
19.0016
2.35625
10.7328
18.967
17.3835
17.2888
7.90125
5.00416
1.34152
6.64471
3.69519
17.3055
13.7991
19.2881
0.82544
12.5336
13.6877
5.38808
4.24068
10.8414
19.3378
4.75431
14.752
11.4537
18.4527
16.2599
14.4339
2.89291
16.7073
3.68434
5.46959
14.7647
14.866
8.45096
14.0461
10.4015
16.825
3.67194
16.2212
3.21681
18.2511
7.17989
14.41
4.53939
6.32974
14.1254
2.22112
10.708
13.1869
19.2427
2.72581
12.85
4.06709
6.47818
11.0134
6.43698
18.9283
4.07878
4.22147
7.85507
5.41549
14.506
19.6319
11.4161
12.1496
8.71192
19.4719
2.54955
1.60113
15.8678
13.5376
8.85902
9.69883
16.6954
16.6668
15.5508
18.6414
1.74326
7.65847
18.1429
9.15261
13.7121
10.1355
1.56236
18.336
9.97958
19.3742
14.3393
15.3587
14.7368
7.83142
6.26153
4.11586
16.0668
5.66316
5.38746
0.50073
12.4025
14.0091
6.5665
6.46613
5.24156
12.5051
15.592
10.2206
9.13289
13.5858
11.798
0.673424
2.65982
14.1533
18.6422
14.5823
11.7353
11.5422
19.1503
4.74161
15.2628
4.75631
2.03028
7.77646
17.1514
2.7488
13.3874
12.1015
10.6793
15.201
0.427748
3.58633
8.21391
14.7024
15.5159
15.466
5.96457
6.054
7.19096
5.10325
16.5288
0.0510684
16.5591
12.3704
14.7119
5.16832
5.03576
1.66722
19.6785
12.9495
5.4007
16.8994
14.8527
8.35889
6.87098
2.93142
6.51296
7.54019
0.647765
8.80763
19.4387
8.36023
13.8791
0.653134
14.4981
19.9399
9.95237
1.02133
7.43086
17.5736
13.1738
18.0922
17.4228
17.6586
17.4557
2.6009
2.82466
3.76473
11.4927
11.6248
15.1914
8.41831
2.49302
19.9829
3.19327
3.14588
10.079
3.07511
4.36006
13.9498
7.17188
19.1485
14.8911
19.1683
7.31985
7.77587
13.2021
10.7745
13.3498
12.3053
17.4476
11.2553
3.34399
2.8402
19.5942
8.23559
12.1259
18.8005
9.49484
17.9917
18.634
6.33108
5.03695
18.3794
0.856473
14.4843
13.2185
5.4024
13.0475
12.5227
3.0968
15.4955
4.9762
6.61114
1.57305
18.9691
10.6361
14.7518
12.7051
16.7687
6.11718
3.27724
18.8946
16.6931
1.21943
0.158416
3.18024
3.40885
5.9749
12.7179
11.5286
15.8404
8.61976
0.962684
12.7073
7.8671
17.9646
9.09088
6.29893
0.743972
4.88216
12.1135
12.5156
4.86099
17.0846
2.0838
15.2489
19.063
3.96169
4.44345
2.12467
15.3036
10.8566
4.70969
5.34097
16.7559
16.4878
11.6494
4.32126
16.9317
14.3574
9.63206
1.2355
12.9869
12.4722
14.9889
3.45165
5.02226
8.43695
1.82204
8.64813
17.2591
11.9086
0.294483
12.8951
13.1183
6.16844
1.5762
10.2078
17.0026
19.3516
17.6114
11.3185
18.7733
9.14955
15.8626
14.9188
10.1106
9.72874
10.6912
14.82
4.37421
13.6359
19.048
0.805512
6.03061
16.4936
13.5016
9.3768
15.1432
2.1012
14.7837
0.404289
18.9489
19.2437
16.7009
7.73759
6.5055
9.6983
9.55098
16.3544
10.7699
9.31717
5.15328
9.82194
16.1141
14.0559
7.7542
13.3123
3.84002
18.2025
2.76331
1.47989
6.44174
10.427
7.22225
10.7506
12.7246
2.99999
1.3305
16.3418
19.3595
2.85646
1.68598
4.4719
15.9715
16.3674
10.2017
18.8831
5.44712
2.15076
16.8889
11.2372
10.4902
19.1342
3.57597
19.6606
1.99653
2.28742
0.844931
11.2113
15.805
8.73761
13.6742
13.0887
16.9885
13.5966
9.1368
14.8716
0.203759
13.948
2.85547
8.57678
18.4335
0.0193032
8.09267
7.57728
3.61797
19.2958
14.7602
0.289438
14.2722
19.1028
18.3682
6.05831
17.5487
10.9063
15.7008
14.8549
6.73943
15.6597
16.2275
2.95965
0.114141
9.93931
2.17399
13.7261
8.84105
9.88994
12.6428
9.61791
8.99278
2.57498
15.9077
12.2977
15.8098
10.3465
0.0991891
8.71386
3.33209
1.66633
11.852
0.249291
3.22111
2.23145
10.2328
5.24859
13.8911
16.0202
5.58502
17.353
1.11981
16.142
19.0454
9.6753
7.56149
13.7665
17.4632
7.25421
4.22592
3.8901
13.8157
6.89033
15.5052
5.54557
7.49847
8.91164
0.988715
4.15773
13.7622
0.125251
14.773
3.93343
9.1284
7.2057
6.72311
8.46908
9.10257
16.5416
5.03241
1.23208
3.40921
3.67192
12.6761
5.8744
14.2916
1.90914
1.85562
16.8672
6.66618
0.70648
0.180908
19.0135
15.2737
0.445515
3.76926
19.8421
19.8886
5.00786
11.0076
8.5094
6.26413
3.66762
11.5086
13.6183
15.977
6.64007
7.03592
9.35122
11.8973
4.53381
18.4067
3.04146
9.64683
1.25541
15.319
3.26004
15.4866
17.8603
12.9871
18.9939
13.7544
1.08286
12.2026
3.07298
4.69545
18.9504
9.43363
13.0954
18.4616
9.6891
13.1406
7.38027
10.4551
5.84141
11.9672
2.06553
12.5602
3.68064
8.77383
15.5895
13.2029
13.6335
15.2095
13.3119
4.0081
13.0929
1.43093
15.645
13.2441
18.3577
9.98396
15.5993
11.1021
9.52547
16.7587
14.0955
2.81514
17.3656
6.06606
5.34319
15.3466
0.960245
12.2603
0.689362
16.2769
14.2609
6.10278
10.4172
1.50573
13.2847
6.7278
16.4003
18.9431
9.35294
15.8059
16.9004
14.5733
11.0758
17.7685
7.10785
16.7936
17.0239
10.1163
0.315019
8.40331
17.8553
12.7571
8.14801
11.5077
11.2368
4.30273
2.09441
12.0128
18.6284
14.7596
6.02343
6.46351
15.2884
13.7048
7.14164
11.5113
8.40956
5.32285
4.26675
14.2204
10.1857
5.33478
3.61606
2.99755
12.8523
12.6655
8.98763
3.5908
6.02029
19.6728
10.5453
17.0497
5.12406
18.4887
4.10595
5.72017
4.73563
15.4203
6.98844
2.24553
18.5105
6.64347
9.50354
16.6151
15.3909
8.82839
19.4521
12.3912
11.5716
8.30496
8.76781
3.72716
7.17039
2.89869
14.7555
17.6139
2.57051
1.33077
15.544
10.4529
15.1979
15.4448
8.30307
10.3129
2.6388
9.04364
14.7195
6.35076
8.57944
9.89822
19.2826
9.27375
8.27518
8.72767
9.11949
0.0670617
19.5046
1.73004
1.90854
1.71434
14.1175
19.356
5.23478
6.21085
4.43298
9.12743
3.68374
2.78268
18.362
1.99677
14.5153
9.05989
6.02917
11.7266
7.5569
5.89041
17.0447
7.45597
0.751446
6.60474
15.7447
0.499424
0.374852
12.4001
19.8386
19.2051
18.7421
2.08523
19.5438
15.8833
15.1561
10.0606
1.31199
5.70605
6.0122
19.5743
12.4371
0.574864
19.421
8.64415
1.68999
6.38107
1.11377
4.41576
1.13258
3.86331
15.2604
5.65289
11.1107
0.476644
8.63679
12.929
14.0932
9.36578
14.047
13.2618
11.741
19.5011
9.20223
11.7684
11.8705
19.5411
10.5872
0.122645
0.614049
18.2983
14.8998
7.79006
17.9701
0.634002
11.7735
2.9708
13.5626
15.2702
6.46279
10.4304
8.83526
16.1862
2.23795
13.975
17.8305
16.4279
15.9521
3.53523
6.51661
6.33068
18.5043
5.37125
14.7036
0.245951
3.15325
1.52125
3.36556
16.4016
15.7071
3.56717
12.356
10.5574
10.455
4.34671
7.89056
8.88504
19.192
15.0791
13.1347
15.0368
7.95672
17.2882
1.02582
7.47772
10.7396
9.74692
15.8658
17.4015
10.7913
1.93225
6.53176
18.4295
14.3086
8.31244
16.1086
15.9681
4.42922
18.0934
4.11747
11.8836
10.5972
4.20077
5.945
10.6669
3.76085
19.4855
14.5318
3.24854
16.75
9.37311
17.8337
3.36317
15.8103
18.0346
6.67117
5.12206
7.36199
19.5346
11.7323
12.5225
19.7999
9.23087
12.9845
10.3736
8.71634
18.6907
18.6802
11.4839
18.3002
9.37305
3.20778
5.71014
6.54667
18.8725
8.84275
17.5057
19.9994
14.9885
13.3488
14.7667
11.1559
6.90492
14.8847
15.921
4.30445
8.38785
18.6797
7.34641
2.0291
16.2588
4.71544
11.6401
9.8845
0.272833
9.71994
7.79092
14.4997
11.651
6.72123
5.71216
5.75451
3.06767
8.30254
4.82385
6.00391
2.82488
4.19191
13.3912
6.67532
15.9401
13.3743
8.89696
14.3087
12.4644
17.4755
3.89571
19.9043
6.24059
4.51915
14.6848
18.3665
13.4833
1.14855
1.87002
17.9687
18.5283
17.9753
7.44096
10.2916
3.1666
13.1666
13.9743
1.65147
8.13436
19.1941
13.0596
10.9123
2.80276
11.8829
0.809404
4.76622
15.2287
17.7664
16.0313
1.0592
6.41324
16.395
10.346
13.053
0.745596
13.6536
19.4589
11.2357
11.9326
15.8754
9.00918
16.0283
2.05464
19.9902
10.5315
1.31666
8.37304
5.98607
5.10136
17.4974
16.2952
5.46105
7.40902
11.6028
14.2744
19.7798
19.8006
6.48478
13.3082
12.4949
19.5397
10.9355
6.74727
19.0011
18.6247
19.3209
13.8565
11.3515
0.0411136
6.50866
13.9775
14.2126
14.1213
13.6784
12.2885
14.1301
1.07717
10.4811
7.34616
11.027
5.07088
7.7873
4.18402
12.9244
10.4489
7.3439
0.938646
16.3243
16.1093
17.1472
3.90049
16.5796
17.7132
7.44668
11.1347
2.82239
9.14191
3.08949
11.9694
19.2964
3.76928
13.2216
8.96422
9.38903
14.8022
6.25691
18.346
14.8078
16.6641
10.6418
12.491
16.8896
7.02809
15.3432
5.45187
6.19219
5.73465
5.06197
19.5847
19.6284
18.5418
8.89327
0.722593
8.63562
13.8591
1.05081
3.7269
1.86843
10.3629
7.30124
7.26264
1.53906
19.2434
12.1042
14.0868
7.35995
3.33151
9.38187
17.9124
7.59839
4.94965
17.8321
9.71497
7.46074
10.4018
16.6699
14.5231
7.59145
1.87581
16.3484
1.41171
1.73973
4.02407
17.1101
1.69556
5.92537
4.82094
4.14029
2.65373
3.44645
18.6164
2.99476
16.3994
2.79539
13.6443
4.66193
16.3646
5.11517
14.9733
13.8518
6.26084
3.16936
13.4516
10.0604
14.2389
3.28428
19.8878
4.35867
7.08675
16.9523
17.6701
3.70053
4.21589
8.89205
17.3532
18.9271
12.7498
15.029
3.99341
4.55316
3.86118
16.6561
0.954927
5.5051
18.931
13.7913
16.859
14.5984
7.36934
17.5979
17.8777
2.57263
10.0718
16.4
0.78624
11.9229
10.9665
9.85152
3.52837
10.8913
10.998
19.7022
14.4891
18.8831
6.9207
16.7025
13.4649
6.65612
8.09594
13.4048
1.0123
13.5882
10.3716
5.61938
10.9635
9.95806
18.841
2.78349
6.61937
11.7786
12.8351
2.47422
10.3713
2.83786
6.56545
18.8712
10.6249
7.53056
0.705734
10.0944
17.6138
2.72359
17.5072
5.1479
4.83398
17.9577
9.03609
17.7721
17.7292
13.0643
14.4253
10.0822
16.7272
8.93946
11.6988
17.7874
1.96606
19.9223
0.340031
8.61888
13.1506
7.7084
12.4865
14.8708
1.17171
9.35277
2.31966
11.7322
0.0710072
13.9796
14.1935
4.95565
10.8873
2.9878
16.2323
3.93416
10.3828
4.39748
7.73576
7.56506
6.49256
12.8501
19.25
1.98137
7.55793
13.506
8.7921
4.63835
14.4184
5.28365
5.36466
12.2487
7.05042
14.8634
17.333
13.4009
10.5698
16.5485
14.7091
6.57855
16.9062
5.54572
17.0716
14.8456
0.833829
19.5294
2.47023
7.95955
7.15568
9.05156
19.2094
10.59
17.4185
0.650834
8.69093
3.11173
13.6353
8.13956
6.29017
2.6276
2.07523
8.01028
12.4468
7.62698
19.3834
5.37136
11.4535
13.6907
16.22
6.35564
7.78533
11.7817
17.8595
4.01837
19.4359
3.63693
1.91152
19.2211
14.4639
14.3333
7.17624
5.70513
0.139909
18.977
9.64622
2.64126
10.5912
9.74361
16.8259
7.06396
4.34688
11.1114
12.6266
11.4425
14.6408
18.4832
14.907
17.2714
9.10419
14.4758
3.75923
12.4457
11.2117
19.314
15.8304
2.61193
18.1061
8.81685
19.5447
2.47405
14.452
2.83302
10.5581
19.9619
4.79909
11.4278
17.813
8.84925
13.9124
1.18791
5.80416
12.9893
1.1013
5.12496
15.6416
19.7865
0.253734
19.4716
2.03124
9.50725
14.8413
10.4673
9.46299
6.76578
8.24406
19.0686
2.59502
15.0009
7.85655
18.3476
2.66663
19.5773
1.23332
10.2851
16.2157
2.86716
8.25453
18.4396
4.69138
3.34774
18.3514
4.50161
0.85636
19.2518
11.344
16.0187
4.9966
10.3818
7.93448
8.24302
5.74691
18.1545
1.32863
17.7902
0.678448
7.81236
7.27609
3.38202
2.87584
3.89106
2.52413
0.386186
1.02098
12.3603
19.7651
9.20005
11.5223
7.94989
9.56247
18.4539
14.3565
5.63473
8.39407
0.436222
10.222
18.8729
16.7686
15.7921
15.882
4.37842
11.3804
1.07724
10.689
1.78353
8.87842
3.8971
8.07522
14.3765
5.05183
19.725
5.35156
8.10318
5.7155
4.17031
7.78365
16.2867
4.0733
13.3705
5.77073
15.8393
12.8941
1.89701
9.8828
7.30634
16.9738
13.4894
15.4914
19.9653
6.26489
1.94838
16.7513
17.4177
5.41786
2.15442
14.9687
11.8974
19.6873
5.2108
2.07545
9.79863
3.9021
3.09163
3.54666
1.08882
10.5165
19.7276
9.1063
2.80799
15.4752
6.07122
9.82432
3.03341
17.1012
0.747638
14.7534
3.7261
17.9508
6.16107
14.8952
10.4856
19.8461
5.10906
12.5215
12.7229
10.4175
6.39063
14.8341
12.176
17.706
1.10862
7.26818
6.81359
2.67564
2.43512
4.50574
9.4228
19.9985
6.4803
1.21723
14.3854
10.0402
4.73148
19.8114
2.36551
6.4648
8.53714
17.1443
10.5299
0.466524
15.368
9.75506
10.2183
16.288
11.989
2.32226
8.96246
4.55371
12.2556
1.67481
14.9304
16.2707
1.42953
5.91538
0.195791
1.53092
13.563
4.91584
1.9895
19.7968
6.5779
11.2004
2.11599
19.2352
6.5735
15.4405
2.84006
19.0298
9.61708
17.4266
6.52632
9.36026
18.0423
12.8385
15.8605
12.2775
15.8296
0.237099
3.30307
16.8058
15.2519
14.1978
3.50342
12.6328
10.4601
2.56465
2.61951
14.1723
15.9766
15.1382
13.1809
14.9976
19.6071
8.06307
17.1503
13.6357
1.76966
3.84643
4.52342
10.1229
11.6913
18.2312
3.7235
9.93685
17.922
17.8952
12.3451
10.6402
5.68351
10.9284
4.72393
14.2291
6.81125
11.5734
4.67799
15.2871
19.3415
9.32403
4.20726
14.9605
18.6292
3.94428
14.836
6.29263
16.6505
12.2372
14.3327
4.17523
14.7975
13.843
17.0472
13.3663
7.97652
8.3768
8.95643
7.88893
12.2225
0.157978
17.2325
19.1545
19.0164
4.74471
1.18844
1.05579
10.4963
13.9664
10.718
19.9228
19.4181
11.5081
4.70282
14.9368
0.454929
8.86868
5.11591
2.70977
8.8574
2.37684
4.96918
19.5877
1.94644
7.69741
11.3062
6.01174
4.27427
17.5386
6.05269
7.40322
9.36601
14.3878
10.4796
15.4909
12.3055
15.812
6.14757
18.7203
16.3175
9.46016
15.1817
19.4798
7.33506
18.3599
9.74455
15.8665
14.5991
17.3386
18.957
10.3541
2.44936
18.3661
1.20407
12.12
9.70612
5.92085
6.11876
6.52388
8.80693
6.53843
5.28747
16.2575
13.6815
7.31454
1.34612
1.60033
19.8493
13.6362
2.49126
3.83602
2.04248
15.006
19.3977
14.3395
3.47399
6.25454
2.27195
8.53185
7.85377
16.8115
15.6951
15.8939
14.2454
12.8198
8.52455
6.38436
9.90834
7.60968
11.7217
18.8976
9.46202
5.82738
8.56451
18.1433
7.49657
0.643701
0.335555
15.9309
0.0328824
18.3604
16.8965
17.2843
16.6924
17.8998
13.8327
10.4382
8.6282
14.1309
6.63066
9.98463
3.76235
4.93046
19.7
2.62345
2.77644
11.5988
9.78043
0.488178
8.2957
4.16745
18.5518
12.2301
15.7319
0.868183
0.324867
17.3012
12.4776
3.81604
15.3976
19.3489
0.0816073
0.994732
14.9926
17.8884
5.24748
0.576037
2.86129
6.90245
11.2136
9.18866
5.0068
10.6092
8.62621
15.5569
10.2305
7.93688
14.9449
17.1808
2.09275
18.3172
2.32454
17.0855
10.9513
1.52083
19.2159
9.48005
11.9384
6.94808
19.1674
4.4329
3.54637
18.1723
0.586205
16.1767
6.44236
11.1957
10.5388
12.2254
0.253326
8.52151
4.20386
13.9374
2.9778
9.45146
14.8089
19.0642
3.42277
18.2373
6.04674
9.89301
11.3096
15.7605
18.1505
16.4792
18.6445
17.9128
13.5873
18.7273
14.144
7.89883
2.54413
9.00207
12.1352
15.247
16.0238
8.47197
14.0599
8.75399
15.5838
10.4226
18.0636
8.29111
17.0895
0.274879
3.52528
18.4366
13.1729
0.216209
2.11449
14.3034
6.61462
14.8685
17.229
13.763
11.4153
7.56872
16.7221
17.0092
7.57424
4.01711
11.272
0.476184
3.53906
16.7312
10.2072
8.31566
10.147
7.17714
19.5293
13.8588
7.79748
12.4736
14.3627
19.6832
15.0847
13.2514
6.65978
6.4398
11.8804
3.03275
3.09268
5.4767
18.9289
5.62411
15.643
14.5995
7.72268
9.34042
19.3457
12.5419
3.9819
11.2286
1.21106
13.7356
2.27927
4.74418
14.58
10.1679
0.253486
2.59843
0.570303
7.0104
4.84985
8.36037
15.2318
12.564
19.1347
9.75942
8.89038
9.21449
1.95835
6.65013
10.3001
2.39758
10.9683
16.3185
3.74571
11.6308
2.42578
9.11484
9.97244
8.72289
18.0922
9.92573
2.33235
5.14796
17.6829
4.79903
18.3868
10.3932
11.7665
16.1612
10.4242
18.9341
14.2061
12.3459
0.182178
19.7832
19.1769
0.787483
19.1708
3.36471
5.70428
6.99086
8.88205
4.70477
3.36009
9.52199
6.81737
14.2945
17.0324
11.5003
10
16.5637
1.27693
8.03016
0.318638
4.34333
0.734964
12.6271
9.1836
0.737177
6.45556
0.117521
6.21894
11.0456
10.1515
16.4381
9.06116
16.6973
6.18837
9.74969
12.4855
3.63991
7.83369
14.0534
13.6849
3.44441
15.6664
15.2881
14.5719
1.55367
7.90088
14.1735
7.06015
3.13064
16.1185
7.80059
14.6369
15.8387
17.0213
2.06751
10.9762
11.1253
12.396
14.0737
5.20298
7.72143
14.5273
14.7508
15.9529
6.64648
11.2796
13.2169
8.94369
1.05904
5.58789
5.58897
6.4419
5.5288
1.43129
19.9425
5.38311
6.83778
3.34185
8.73398
1.97664
19.3729
5.91201
2.70905
1.84593
19.3554
16.9486
14.6152
16.8239
4.14624
9.50811
16.9527
13.2641
7.97579
5.03399
8.25517
17.937
11.5514
2.66033
17.6346
10.2386
6.88343
17.6434
7.47718
9.50573
13.2962
18.7342
13.3847
8.14436
11.3023
18.6783
8.49396
7.37703
11.6932
9.31421
7.45549
15.5639
12.7659
1.92953
7.73628
5.46453
2.99187
5.28392
9.36211
16.585
0.306524
19.0629
3.54111
3.29008
11.2047
4.55753
10.5189
5.15931
13.4853
14.2262
13.0511
4.10575
0.559824
7.03036
16.5559
2.57431
12.2295
10.6213
10.1175
8.84004
4.82711
0.338237
15.7615
14.0692
5.31207
8.55924
11.9345
3.17749
19.3663
4.40118
16.3186
5.61843
18.1554
7.86235
1.46615
13.4153
13.6122
5.66872
6.46689
3.90063
14.4078
4.69039
15.3074
16.676
4.40822
12.0219
15.5876
4.15534
0.310805
15.8225
17.2066
16.1636
5.7278
11.7337
5.70799
1.81665
12.875
17.0027
11.794
3.15222
14.0899
16.8392
8.33086
7.44164
10.435
8.45317
5.91188
1.72268
18.8729
6.31918
3.24475
10.2794
18.1194
2.69641
12.5115
4.42329
5.61455
13.3338
15.0409
10.7531
5.70573
6.37142
12.5781
7.65107
6.85944
1.30616
15.0321
1.07826
16.9193
14.6423
12.7577
9.1313
3.0559
15.3078
12.6229
14.774
11.5133
15.3571
0.722583
0.148528
5.02821
18.4592
11.328
2.50834
18.4958
18.8602
12.8415
14.5296
9.5991
16.8851
9.65269
14.7962
13.549
19.4671
3.12552
0.164111
10.2323
19.9122
10.0438
0.124303
17.0458
1.60593
16.9854
19.4267
5.58399
7.50617
17.6342
16.4498
17.9338
9.95734
1.89305
4.43159
14.5784
14.9952
16.9475
5.04793
4.64008
3.76642
14.1616
6.89481
7.31059
12.9403
4.07709
15.9602
8.32995
0.161248
1.82849
12.1681
3.43292
1.08584
19.617
17.8849
15.3928
10.3073
9.01033
14.2546
19.5993
16.8859
11.3368
17.773
1.31516
19.3763
1.41013
14.6324
17.4082
14.3373
18.4512
12.4157
9.9981
18.7273
3.22257
8.6256
7.95868
1.2243
12.3375
3.63837
15.5925
1.02763
11.5943
3.25101
14.5181
11.0783
15.0597
3.00093
8.69505
19.1258
8.21661
10.41
5.62063
19.3557
19.4336
14.8606
10.3868
18.0176
13.3422
16.4562
1.94435
9.88829
15.9845
3.80841
12.7468
6.23095
18.382
6.73672
17.2114
18.3302
12.9745
6.36188
18.1105
19.0387
8.5138
12.0915
9.15006
8.3032
7.88556
19.4284
10.4995
8.95181
13.689
17.0134
16.9983
11.9436
14.7898
15.9075
4.61824
9.23216
0.402398
1.99801
13.1493
19.896
5.38464
13.6694
17.4771
12.296
7.80362
14.2006
16.8074
5.73206
13.7167
0.95652
4.5879
18.7305
9.54916
7.14043
18.0634
3.21383
15.2141
14.3526
15.8932
14.6247
6.62164
2.86404
13.8855
17.7532
12.8929
18.6244
14.967
5.55702
15.7228
4.24734
17.7801
2.64603
15.1981
4.51197
10.737
4.88287
7.97954
10.9766
19.229
11.9993
0.065608
17.355
14.352
7.25785
9.47416
12.2153
6.36682
6.10872
0.153492
8.92327
13.8636
1.87124
15.6511
8.56198
2.83882
4.5302
2.44721
0.766863
12.1903
6.11741
12.5096
17.5983
14.6822
9.40115
1.15437
3.99081
7.83965
6.08508
9.07018
1.47855
15.037
16.3486
15.5713
1.95239
4.85466
4.3532
17.8493
19.5578
14.659
15.2503
11.3163
14.2422
19.2945
12.6927
2.01932
9.53134
4.82785
2.19262
11.2623
10.1073
9.43033
12.6015
13.1847
14.8341
0.626763
2.89718
18.3467
5.39391
17.3398
17.1377
6.91759
17.4054
0.188914
5.94673
0.0935769
7.74685
14.4686
12.2364
11.0221
5.59455
2.00184
17.9818
5.80446
18.8551
9.96934
11.5993
15.3596
11.9904
9.93536
10.3831
12.4657
19.7546
6.03011
7.33742
19.8054
17.128
12.0715
1.16283
1.64701
19.1254
4.70989
19.1376
9.39978
6.62902
2.51405
5.21352
19.7457
17.6505
19.8146
15.7183
19.4641
2.87216
10.5159
0.859256
17.8675
15.5301
16.8038
3.15639
6.5514
17.7185
2.59672
8.58347
2.37336
7.43479
12.62
2.74342
11.5791
1.05212
14.8245
7.75754
6.96613
12.1854
8.22335
13.8327
17.5369
3.55734
7.88134
2.81998
1.33325
4.73113
2.13285
11.5453
10.8966
6.20293
15.3617
6.89178
13.607
3.99627
0.88242
9.86127
10.5721
15.4359
14.7436
4.96248
12.1777
10.1745
10.0593
11.0492
4.48114
1.72197
15.1185
0.590017
13.3723
4.48695
18.6459
3.90838
6.06592
15.3743
14.5588
2.14259
11.6884
12.6644
19.7662
3.78918
0.69485
4.07633
0.201488
12.6134
18.8435
13.5025
4.51041
3.21173
15.4929
8.466
4.04042
11.0934
1.58427
8.71251
0.504138
16.6903
7.97052
8.89348
12.1532
4.17808
3.78156
10.5665
11.2727
4.10824
4.24096
16.0661
11.3225
12.8869
2.87275
17.9226
10.3545
9.16582
7.90661
15.9676
11.6259
13.4719
8.85816
2.83875
10.6254
19.7981
15.6984
1.73187
19.2658
7.44386
2.30772
11.0077
17.6036
8.08627
16.1224
9.81576
0.148734
10.6628
11.3421
16.2608
1.08194
5.23703
13.1906
10.5028
3.47191
16.4024
18.5173
11.5348
8.61869
11.9691
15.3809
13.4598
3.27782
1.91592
4.33661
11.634
15.2979
7.4009
15.3247
0.711408
17.4234
2.41297
7.1672
15.9528
0.52788
14.4684
4.06174
8.47681
1.22105
8.01576
3.49266
0.295823
5.18869
14.9529
2.00817
12.6728
19.1206
8.44423
4.92258
4.04262
17.3203
13.8988
8.99256
2.50358
2.77859
17.2937
3.75728
16.9871
2.92927
16.1806
3.89531
5.0865
2.77329
2.75264
5.67634
10.2289
16.8884
1.24761
1.70308
0.460968
6.34003
4.71331
1.93574
0.22524
1.05071
0.910364
19.7737
14.034
5.24438
1.43109
9.01882
1.87439
15.5639
13.7956
3.01384
18.0425
0.27492
15.2841
19.6566
11.203
16.3662
6.31915
16.9463
15.8349
4.43086
13.5046
15.4663
19.1073
18.2437
17.8812
8.22095
11.6172
14.8534
1.30114
19.11
19.7015
17.5184
8.43425
16.9381
19.4563
10.0098
1.29926
10.5031
12.5941
5.91705
0.974773
13.5885
6.02761
12.0517
16.4197
13.847
12.2168
14.1608
7.6393
16.6022
4.85571
7.5165
0.98385
12.4535
18.2938
2.0048
12.6876
2.2838
1.79996
18.5884
2.35854
13.3012
12.9709
4.33228
13.0767
16.2315
3.66049
5.13414
16.211
7.13924
18.5886
5.68259
1.11003
17.4798
2.0683
2.00168
0.285416
17.1476
0.647448
19.3567
3.6947
9.0763
6.48411
10.8952
19.6334
1.99287
1.94069
8.49627
4.32308
11.4396
3.5946
16.5478
16.402
5.15253
3.58624
8.05314
3.76844
14.583
5.37068
15.5528
6.72772
12.0422
11.1909
19.169
5.84396
12.3792
18.374
5.86663
14.4103
13.0364
17.8651
3.98654
16.3103
16.3068
9.80865
6.59252
4.36523
18.1338
18.5106
15.8908
2.59725
19.7099
12.2296
19.3783
1.70703
14.922
17.3066
17.7048
2.52067
9.27681
3.6677
18.4866
6.52198
1.38147
18.9059
4.91573
9.59462
7.71925
0.313082
7.44214
9.57288
11.9832
14.8391
1.45146
14.1111
15.7573
18.4684
13.6617
2.23323
19.7957
6.65451
10.6948
6.62315
14.4589
8.31514
7.27416
4.11676
14.8847
18.8006
4.11575
18.9755
18.2871
14.6702
19.8891
9.93995
17.4222
6.8488
10.6278
9.93599
15.3831
16.5889
8.47711
11.7822
14.6295
17.3252
12.2539
8.62232
11.5706
7.78525
19.8365
14.6057
10.6055
17.0416
16.6031
18.2629
14.5804
19.6091
8.94597
5.82882
11.812
2.48935
4.16052
0.701883
10.5287
9.19303
15.5641
19.0386
8.71859
15.9281
0.937723
11.5787
8.19286
6.26472
9.6218
5.9932
3.54439
4.70323
10.9656
0.40445
9.96112
13.0555
2.30939
3.56545
8.67239
14.9628
11.995
9.8232
15.8848
2.15779
3.0728
3.66993
5.82318
3.26844
14.0594
16.1482
17.0757
16.1111
6.11625
4.94709
1.80187
6.2465
10.62
8.70837
3.08623
9.01659
5.51268
12.9766
6.94423
3.24099
14.3737
17.9152
0.669492
8.70894
1.30776
17.784
16.8121
10.4284
8.28397
17.8394
0.95879
0.407944
16.4686
14.3511
13.3786
10.2863
0.469149
9.48417
4.45623
17.9388
17.3946
3.24396
3.78005
15.2944
11.2214
1.60031
12.2882
5.55739
5.75597
11.077
15.7899
16.0899
15.6053
8.61929
18.1336
16.1864
17.797
7.81733
1.85449
12.4515
16.67
9.6767
15.102
1.73732
16.5679
11.8805
1.63636
7.01373
11.4453
4.48149
2.2252
19.4565
0.976599
19.087
11.6624
4.67649
11.8698
9.37055
8.94884
14.6948
16.2634
19.8734
2.08429
2.39644
17.1624
10.6568
12.6967
8.39534
17.5746
17.768
3.64254
0.481458
19.5674
7.28519
10.7342
19.0888
13.8642
11.4083
6.04179
6.46933
18.8115
17.4353
12.3507
18.3285
6.32284
18.579
7.11948
14.185
12.5482
12.4884
3.21896
4.99923
4.78898
4.74988
12.4756
9.72139
10.3578
2.8836
19.5914
8.65849
16.0721
2.98925
11.2864
2.69031
19.892
15.0756
3.68959
16.1354
2.98077
5.2032
12.9892
16.0493
9.28927
15.0581
8.71301
7.80417
17.3354
8.37166
14.0563
13.3957
19.0593
4.56485
13.6644
3.16166
8.13101
12.8287
10.5437
9.54168
14.7586
4.59973
5.8946
19.329
7.97438
5.76373
8.6166
11.118
18.5752
4.62109
14.3116
16.0212
15.0602
6.87487
0.731853
12.5186
15.6048
10.9733
6.5582
7.57703
8.83001
16.0258
14.0042
11.5224
13.8081
0.398661
7.48795
10.1034
8.00608
13.2482
7.98334
8.05794
4.76845
13.2423
10.6461
8.55524
0.110504
3.20788
14.4404
4.36993
10.5983
14.8387
15.8151
15.6389
18.0943
2.95302
9.12561
1.7083
10.2632
9.20853
16.8393
2.05826
15.8563
13.7074
0.0655977
12.8403
7.54925
3.88651
4.89403
14.7372
15.9958
7.60594
17.4684
15.0772
4.41335
2.69212
9.64569
7.3824
13.0646
12.7338
12.0733
14.6937
7.37326
2.0813
16.6933
6.67328
10.3247
9.06187
14.2002
4.62031
3.67519
5.39777
10.1641
5.73841
3.57188
16.5476
13.5908
5.59025
6.77832
1.76404
12.4462
9.62785
3.27656
0.30351
9.47774
19.8211
14.3181
18.3039
0.00291112
5.37361
16.9845
6.18028
2.24532
2.7568
12.75
19.192
18.6351
15.3747
19.3761
0.247077
19.5949
6.27626
16.1877
17.0341
19.8441
9.55061
15.46
14.9237
13.4151
7.88315
14.0056
17.9848
6.13773
15.5638
19.9379
2.05293
13.9651
4.69927
3.62716
14.6793
15.1771
1.29211
2.78191
18.3322
2.20133
19.7082
10.4885
16.5551
7.94114
12.3023
3.96953
16.9654
16.6187
14.7948
10.503
12.5069
5.29004
11.6891
18.556
17.3121
9.21955
14.1098
4.72602
11.7647
15.9743
13.7611
16.416
3.06306
10.6779
10.6304
16.9741
11.5223
4.31827
14.0154
3.86393
12.3663
0.786752
3.56408
16.6359
0.390159
6.49324
9.80226
13.3774
12.5369
2.42845
17.6228
11.6619
8.2351
14.8395
1.31716
5.09431
0.333421
10.6393
9.05887
17.117
16.3402
9.19024
0.809176
8.75136
7.18489
5.32945
17.48
18.6134
5.89683
12.4901
1.00464
13.1858
1.84827
16.813
13.1269
12.1498
10.9416
19.0005
6.09963
18.4564
4.98801
17.195
17.7912
15.0667
7.43718
8.89905
10.4717
16.1087
5.3489
7.92983
6.84703
17.7245
18.2115
19.0201
13.5862
4.43431
8.86455
19.366
10.8531
10.0269
19.3851
1.50384
10.5716
3.00296
14.5386
15.792
1.2881
0.112238
4.44868
0.16968
6.39734
18.5715
19.2782
7.03936
4.37055
1.10677
3.18313
9.09732
16.6071
4.07897
8.01507
15.2782
4.64149
19.0981
9.42669
11.4796
5.21514
14.4985
10.2828
17.8771
9.35259
1.25329
10.9686
11.2115
13.0719
12.5218
5.1656
13.3705
12.5275
13.5921
3.34761
3.6648
9.31659
7.61687
1.73273
10.3267
10.7555
2.44266
0.954197
2.98219
5.307
8.13182
13.8392
1.9593
3.02433
19.4949
7.85581
4.87825
0.301559
13.7029
2.18071
17.2935
14.9333
11.124
18.8274
9.07453
17.9195
15.2264
11.9262
19.011
13.8604
4.52689
13.5619
4.0001
8.17177
3.62065
18.7446
7.6464
3.28564
10.597
3.6164
18.2104
9.85602
17.9507
9.74107
14.3347
3.7974
9.32343
9.28796
16.2764
7.65487
4.13853
13.9877
5.00708
10.3143
4.92531
15.9936
8.92566
2.37479
17.3233
13.0903
3.20718
0.423503
9.2773
2.6659
9.61053
7.472
5.70436
3.65358
3.9184
2.99966
0.0715571
10.1078
18.6789
15.5816
13.8897
6.46141
3.6502
14.9829
4.62938
11.7781
16.622
6.46976
16.0716
11.7772
5.51406
13.5046
19.5521
14.3626
4.62866
8.13371
12.408
5.46141
14.697
12.1297
19.4491
4.08238
4.74839
0.49076
13.8179
3.91937
16.1265
12.2573
14.4787
13.6173
9.08654
17.0295
1.54167
2.71884
17.6093
15.8786
18.4927
17.9079
10.5461
19.9839
13.8424
5.23647
6.84444
12.8503
12.8655
2.70261
8.80458
10.4668
18.8086
1.64612
