1.27505
18.0407
12.0978
17.0723
12.924
12.5357
19.3186
13.7785
17.2528
5.5066
4.53203
11.4431
5.07438
17.5169
17.0319
14.0041
14.982
4.67485
6.95988
7.26746
0.491352
9.69627
11.0397
13.6408
0.731899
17.9325
17.5481
7.85794
4.85876
6.59238
1.52754
14.1069
15.3277
8.59983
16.8467
16.7869
19.6496
12.5164
14.418
9.87073
8.22156
4.24937
17.6637
15.6818
12.4614
10.7383
0.55127
15.9969
10.4762
14.8592
8.88555
2.61767
1.17739
5.98178
19.5476
14.2767
3.93811
15.7056
2.26396
9.03764
10.3731
0.130902
10.0057
0.583934
8.20738
18.7136
13.8973
15.5613
1.30246
5.52799
5.50043
11.2531
3.47502
6.60766
15.1389
4.06342
8.55849
17.3867
4.733
4.94534
14.3214
16.2307
3.35163
19.1605
0.768261
1.82481
19.3655
9.08176
10.7994
6.96765
14.5453
18.0757
14.5763
13.8211
17.56
11.9138
1.10509
9.81579
18.6421
3.99542
4.62589
10.8797
2.17678
8.42232
9.22413
1.15149
11.6359
10.218
10.1209
19.4639
6.93109
17.2811
10.3785
17.2509
18.7736
17.9732
0.852229
17.1698
11.8204
10.2755
17.9241
2.27253
13.0314
4.74801
16.7024
15.2365
13.6892
2.18441
18.4741
4.16183
18.7372
14.3247
0.459559
9.43326
5.90034
17.9398
19.1618
17.1797
8.8919
5.59704
16.7105
16.6544
10.9509
6.85783
1.53729
18.9515
0.778259
8.7797
3.80702
6.23504
16.9905
6.43739
16.9334
13.5976
19.3819
10.7866
16.1491
10.0565
4.07563
13.8318
1.20526
5.50704
2.20154
7.71213
11.9912
5.49091
16.954
5.01424
13.5175
17.3125
13.5081
18.468
10.8919
4.6356
6.31181
19.5967
8.21506
4.54753
13.641
16.9006
19.0267
10.245
7.33371
12.36
11.3943
6.68059
14.9237
1.24106
0.421595
10.6963
13.967
16.7987
11.1326
16.1792
7.7351
1.93907
16.6935
16.1002
1.84694
9.26167
12.2849
6.70704
18.9279
11.4806
13.169
7.27699
0.538375
18.2187
17.8332
6.4095
18.2637
2.28437
7.95416
17.4816
18.4668
1.92499
0.715301
5.03532
16.4312
10.232
9.63727
15.9104
12.8616
6.74912
3.21434
7.84825
6.77652
14.5824
7.77127
15.5119
15.166
14.2308
19.9224
19.1568
11.7087
9.36617
12.7986
16.8501
2.13938
18.4341
11.5341
18.7818
11.8335
6.98985
18.8142
10.2617
8.87886
9.96594
8.2168
8.74309
14.5976
16.0905
10.0385
1.04086
10.915
3.43949
13.1967
10.8067
0.879325
8.40455
19.0211
1.26696
2.0417
5.46188
8.76703
10.7387
15.9291
4.47969
11.9934
1.78192
14.3231
12.1477
14.2087
0.595137
9.37097
19.9863
10.2982
15.4564
14.4769
2.28983
19.7941
11.0783
13.9923
19.8476
8.55934
4.68096
9.03302
0.487562
5.03186
6.27849
7.58634
6.51211
7.99936
14.0417
1.27806
1.23486
14.2426
15.1319
13.3021
19.5049
13.0986
4.38153
0.436989
9.15261
16.5345
6.5464
8.12281
0.355701
9.22752
15.8919
11.487
3.71097
6.41192
9.1991
6.58249
18.7037
19.4289
18.9734
14.8282
19.0641
1.73571
2.37586
3.89707
3.64284
14.3586
13.5635
15.4778
6.13143
5.04091
8.3957
11.1336
8.35093
15.4948
6.93151
10.5045
17.4888
4.29903
12.0443
2.52076
5.70417
2.53752
10.0486
11.7934
8.13374
16.5584
10.4582
4.16447
10.9047
10.9368
4.75587
9.5092
1.68947
9.97954
6.37458
17.2515
3.28355
12.6947
10.3824
10.7241
6.88982
8.93761
10.7147
16.6515
3.56893
19.9187
0.421177
12.5455
16.4117
16.3254
4.95111
17.0404
14.8306
12.7066
3.44522
14.8386
12.3099
11.3289
9.1317
14.0217
0.222691
4.88853
15.6799
6.0321
2.76264
1.87924
17.7228
14.8143
13.5929
10.1008
11.405
11.8049
17.179
19.7062
1.10328
13.5409
4.5167
5.54395
10.3859
2.38576
4.40648
5.79513
1.64915
19.4208
16.299
0.4189
18.3262
4.14371
19.0706
1.82211
1.528
17.6097
6.91009
17.2945
2.25309
10.4274
3.02422
19.4272
2.05699
9.30732
0.107872
2.33807
15.3059
7.68002
3.63738
7.91782
3.54593
9.57695
18.6702
3.92148
12.3424
12.5557
19.7167
16.5311
5.85467
19.8057
3.61248
18.3079
0.185901
18.6254
17.3997
8.65896
12.2668
7.7972
9.53148
7.06921
8.93983
4.58302
8.79681
6.51299
16.3231
4.85599
14.4045
3.51897
15.7385
13.8691
19.7093
0.438033
5.36188
1.31266
8.74024
16.8804
4.88954
17.5835
5.92724
9.5122
4.40617
2.88479
4.31814
8.41798
0.403745
12.6965
5.50977
0.476812
6.00657
2.4784
17.4222
7.17951
15.863
18.1839
1.10642
12.9108
12.4891
1.70671
7.36479
11.1656
11.3568
13.1605
9.13466
5.94543
14.2578
9.58195
17.0695
17.2564
3.81216
17.814
18.8913
16.0822
17.5922
14.266
18.4617
19.3939
11.3566
6.14674
10.0915
18.7368
0.527978
10.409
11.9028
11.9886
1.15703
14.255
8.68409
9.26003
18.7418
19.6867
9.74518
6.83536
13.6944
14.7676
8.16736
10.948
6.83625
3.12662
2.51012
4.17439
4.82762
8.16354
13.7295
16.2232
13.9118
10.3261
0.0275292
15.8452
0.83479
1.0704
16.2866
16.5286
2.03319
7.09149
5.27525
4.71231
15.9896
7.09016
9.7081
8.56983
10.9977
15.1696
0.650334
3.25487
19.9011
17.6993
7.02021
4.40793
13.77
8.33738
2.63305
12.0555
17.1009
18.9041
4.27888
7.16699
11.0337
4.72534
9.46474
8.49753
7.652
8.81217
1.74231
10.6094
5.71606
16.3554
17.6207
0.323312
2.75872
5.08118
8.49028
15.4829
6.13408
6.56259
19.8401
11.2114
17.801
3.12818
7.16604
12.3525
10.0157
12.7609
19.2886
7.44805
18.7896
10.3655
4.26127
16.2139
0.481638
19.886
5.06182
14.6839
13.0325
10.1226
7.66415
17.3255
19.5672
13.6106
19.2304
6.94151
13.3966
10.8419
17.9109
15.0802
5.658
7.05869
1.6643
19.9515
17.5414
5.70306
14.0613
9.53059
2.65976
14.9545
7.52522
3.59905
13.6161
0.93504
16.5831
5.98494
5.52889
0.287527
16.8846
15.2854
0.313345
19.0678
9.61733
17.1797
1.34477
5.39083
3.39318
4.69034
9.58086
19.1402
15.2513
8.33275
12.7192
6.36365
6.52328
6.30551
18.9302
9.28715
8.51475
6.39864
13.5362
15.4668
16.1886
4.42576
12.6299
3.76384
12.3302
0.136896
14.6849
3.81027
18.4401
18.3794
7.84195
11.3499
9.93001
14.8646
6.02963
2.46658
7.4962
16.2772
6.54898
3.24046
12.7972
3.70325
14.6386
8.63563
1.16193
8.71332
16.0698
12.6887
16.4725
15.9421
1.01527
2.84281
7.8315
15.3267
19.6576
10.518
17.0051
4.66604
1.69735
3.74138
4.14074
11.5126
8.65688
9.59675
13.9344
16.2919
0.195312
0.224429
4.53078
12.4907
2.0134
19.149
15.9144
0.734027
0.459384
13.453
11.4374
16.5596
12.8427
9.50911
11.0866
6.58159
16.6411
10.9691
15.669
19.8499
3.39683
14.0647
1.32245
13.7777
9.45551
4.17208
4.80849
3.12037
5.79311
2.99624
18.784
10.2645
7.49202
15.9029
4.90982
1.95354
2.35576
15.9337
5.68932
7.42519
11.1339
4.3899
18.6819
12.7861
14.6854
0.877301
7.79937
18.7728
13.3957
13.6022
5.16485
1.42382
1.0296
8.44402
10.5977
17.7177
4.39273
8.70627
16.902
2.10424
11.9294
6.36117
7.64731
15.8728
6.829
1.49421
13.3717
6.14463
12.3389
16.2892
7.42176
0.488318
1.31079
16.6641
14.3593
2.49638
14.5678
18.8999
17.8147
5.09377
3.54032
7.49798
12.4914
13.4035
16.2212
7.23573
15.5362
19.6526
7.89162
2.44099
4.40397
17.157
9.359
3.92326
0.909089
13.6147
9.90681
11.1924
1.39004
9.45536
13.9578
12.0424
6.75682
2.9692
16.7361
19.1463
10.421
8.73844
14.2936
10.4376
0.957624
18.753
0.867756
19.9697
0.515472
1.92019
12.4689
8.89533
18.7813
19.2946
19.9512
1.58181
2.82869
0.825621
4.16238
0.268883
5.04668
9.34904
2.21527
4.33
19.7722
12.399
19.1655
15.116
18.5649
1.55957
6.64918
17.4564
14.3882
1.39625
18.6101
4.22929
7.29847
1.85545
2.10186
19.5455
17.9998
5.51135
5.43899
5.08604
2.12274
19.3242
18.4812
9.10138
18.1409
2.12387
16.8212
10.6216
15.6788
14.4194
6.23686
17.6512
13.529
12.7771
3.26731
2.18278
13.2463
19.2506
11.8605
19.3817
12.0261
5.98219
5.44421
5.53228
9.42877
16.1706
15.2752
10.0261
9.76638
12.1177
10.4668
3.22278
18.4245
15.9027
15.2901
6.80752
10.7247
0.453938
11.428
4.72078
2.63032
11.7282
0.8773
15.6264
7.47235
7.91974
11.4471
15.5613
10.9431
19.2549
16.0947
1.91877
6.39594
12.231
8.41596
16.7783
8.67865
6.98665
2.77009
8.6659
1.69046
6.38964
7.00482
18.3506
9.65579
4.91248
3.26941
0.925357
10.0634
9.34127
14.4308
15.9865
18.9468
19.1999
19.424
4.76819
3.27129
10.216
2.85978
9.92344
17.0165
18.6931
4.86359
13.4262
9.29751
6.30809
8.93353
9.98239
15.5909
9.40224
6.88482
3.53777
16.6512
0.316427
7.32338
13.716
14.5509
9.61643
13.6085
2.8399
13.7379
2.77905
12.7948
18.1273
4.42476
10.3829
15.5709
13.8909
4.67344
13.7698
15.2774
10.3327
0.464879
8.78842
9.55731
5.91675
16.1265
6.08019
1.30233
1.80205
4.53299
14.0874
13.6193
4.45017
2.99224
8.78299
13.0093
10.1946
7.58464
7.38449
8.64633
8.88044
2.09956
14.1707
10.4351
8.61599
13.8015
6.29926
4.08777
18.9241
15.5659
10.819
5.4012
2.7701
8.13806
0.573883
10.9859
5.45511
7.82376
14.861
19.5958
8.71321
4.09813
7.077
6.41537
5.35781
5.83588
13.5973
2.30817
4.36386
15.0099
14.2008
15.385
4.00059
3.80578
8.57791
13.1916
4.77301
12.0776
13.5321
10.2741
2.83005
1.9951
15.0901
1.69739
11.7819
3.12385
5.0293
8.9327
2.36661
14.7234
18.17
1.76658
14.0194
3.64572
14.7686
16.0541
4.05596
4.54728
1.32957
1.24941
3.28343
1.93434
4.13707
1.40705
12.3085
12.7712
7.21349
8.71124
6.32358
11.3227
3.73672
12.9386
18.4925
18.0405
11.6541
17.0343
4.12847
19.0746
9.83119
8.34475
9.33215
7.81459
8.89936
11.4414
1.81314
3.23006
14.3153
11.1662
12.8523
11.8088
14.944
15.7252
18.2635
15.6163
13.771
1.66167
15.9946
14.0979
1.64706
5.47675
19.8104
1.53786
6.43225
5.5171
3.46162
0.813011
3.77553
19.7577
12.9979
2.96987
1.81735
8.95006
5.86791
2.86227
2.63014
7.52942
19.948
14.8682
14.648
11.0718
0.205972
1.82354
6.29958
6.63241
18.4159
19.6891
11.9193
8.85913
15.1667
1.9028
7.73635
0.336584
17.327
19.0569
18.4375
8.78291
4.66275
18.9763
6.31051
1.0503
14.7993
19.0248
11.32
1.88038
18.8502
3.56302
5.17798
1.20798
2.56517
4.04951
1.10385
11.0893
5.18691
18.844
18.2634
2.54051
9.19398
17.3466
7.85064
15.3553
8.70828
19.6384
7.21578
18.0872
3.90086
9.73046
7.12496
14.9116
16.4597
2.25527
8.8108
19.1567
4.08055
9.78875
10.6946
4.02893
17.3975
11.2739
6.27006
3.84276
11.6873
5.68123
14.2465
15.8934
15.5451
12.0379
18.6332
16.0649
17.8261
12.7483
12.1041
17.8306
19.7822
19.0751
4.60626
1.86799
10.4388
10.6679
13.6125
14.1251
15.159
1.24683
10.7685
8.57206
14.351
12.762
4.7062
6.66824
18.9622
19.2671
6.36093
2.74597
0.11251
19.6258
14.8265
5.45138
11.8824
14.3008
8.08507
15.7481
11.6181
3.58597
0.902957
5.52653
7.17757
19.1767
7.80643
1.60786
5.00623
18.2214
7.74731
11.2309
0.391223
14.858
7.29312
10.984
19.9697
9.55557
9.25153
5.93723
7.11548
1.24828
16.2963
12.3623
5.64644
3.20969
14.8799
16.2445
19.8174
6.54641
3.42774
5.60473
0.241059
12.3103
18.9379
4.95193
13.0827
7.96126
16.2374
15.3306
1.21466
12.6975
14.7991
5.00157
9.13872
12.4974
11.9623
6.94601
12.8986
9.43109
6.20584
1.80679
8.27951
9.50504
11.7611
11.8465
8.95887
11.8341
18.2977
1.30889
1.73976
0.749158
18.3039
9.15427
16.6989
16.471
6.46929
9.64914
1.53672
6.87369
16.9143
5.17141
14.4967
3.9263
13.1713
19.5571
10.3794
7.31253
8.72377
15.8072
9.54018
1.6859
12.7174
18.4151
10.524
1.64251
2.54123
18.0609
13.8908
4.68638
7.84891
9.13694
13.5266
9.12325
7.29076
15.8153
12.9151
12.9601
18.9771
13.1741
6.0422
19.2641
15.8941
17.3225
17.5494
15.6936
18.3138
12.5358
1.36689
5.42132
5.29825
11.6115
9.77027
5.80219
9.00324
11.5699
11.5831
1.63187
10.0694
3.18377
7.80982
19.1186
17.5986
10.0405
11.2059
16.6738
16.4662
9.10744
9.21429
8.73964
16.2523
8.80247
2.22255
13.2439
8.33917
15.2526
17.5347
1.2865
8.69404
7.91489
10.4354
7.8789
1.82828
13.9587
6.57963
16.2647
5.31344
4.68399
12.979
8.10675
14.3269
13.1648
2.14446
6.03799
11.5004
3.56742
8.04487
3.68421
18.6487
18.781
3.93174
3.16732
10.8281
1.84504
4.47258
6.28531
17.1488
10.9425
0.67033
8.81128
10.3987
19.9753
8.30236
15.5274
1.27073
19.4797
6.12477
17.3293
15.4124
8.13797
4.81118
19.7627
9.43521
15.5598
18.6307
7.62386
1.53059
18.2496
2.75362
7.03221
15.214
8.37301
13.609
12.8228
9.74084
16.7862
0.386018
0.127569
12.1755
3.03474
15.2485
17.9757
9.21104
17.0291
4.22833
4.70363
9.96644
4.69714
9.44054
14.5081
4.9486
13.055
18.4168
14.7836
7.03105
0.938077
7.23372
19.6254
9.95308
7.09946
18.6795
15.7556
18.0261
7.14453
17.49
2.77335
12.8769
19.3182
14.1402
6.36082
19.9536
16.9747
18.8632
11.8545
12.2379
16.7431
18.8514
13.5779
9.52704
1.22882
10.1878
10.9712
0.402254
9.72733
14.4705
11.9495
14.0497
16.1708
2.82064
17.5339
9.19425
14.3692
12.6921
3.57106
6.54157
11.5758
15.5627
5.04619
11.5826
11.9303
14.7428
10.8315
1.5941
15.2548
9.929
3.50101
5.71605
18.2069
1.25101
19.5783
13.7142
0.307502
11.0759
15.6253
6.57909
