16.8012
1.79719
12.3145
5.9662
5.02441
11.6081
1.73751
5.09697
6.10634
2.43097
16.913
14.0272
16.1135
9.98488
9.61612
8.15937
4.03312
9.58377
11.1553
17.4339
18.6068
17.6438
2.39723
18.6992
16.4305
17.28
14.0856
5.79649
5.93602
4.25443
15.222
9.92503
8.49758
1.21384
16.9901
5.66102
7.68145
2.15186
5.1877
11.0939
17.3916
15.5351
12.3017
12.2197
11.9456
11.0423
5.03365
14.3993
19.1323
1.41186
18.5808
17.6356
5.32958
3.49908
16.9738
14.6203
4.36038
8.79829
12.8144
19.6847
0.613087
1.79388
12.7476
18.0602
7.45135
3.13026
10.1346
7.29196
13.9755
12.1189
17.3491
5.08101
19.2101
2.10006
15.1201
13.0976
11.1824
14.6901
4.21803
0.612685
10.7712
1.36477
14.6963
13.1365
19.8565
4.16588
7.35961
19.4653
0.55294
6.3289
19.8165
8.80681
16.0367
16.6347
16.9871
10.3791
7.49831
0.526706
1.75519
1.33541
5.91043
16.8022
11.6148
10.2148
2.68673
12.3461
13.9286
16.2122
10.8942
13.8321
6.55712
12.9942
18.131
6.69083
16.1835
6.41561
1.70008
12.071
5.19582
3.44939
10.909
3.58795
14.4516
11.424
14.4543
4.38103
18.255
7.84707
9.40564
0.223849
9.22928
9.55642
11.3402
4.80811
15.1052
12.0233
11.5879
5.4295
11.0377
18.9742
15.3752
18.1493
18.797
9.02901
2.43516
18.8664
18.5748
17.0103
12.8734
18.069
6.69882
11.1895
8.9062
10.7592
4.53853
15.6401
6.73487
13.0031
15.8598
14.4125
14.2974
13.5047
9.59837
1.26333
6.22374
0.47105
18.6709
4.38307
9.07637
14.3929
14.4419
15.2593
5.3201
5.62745
7.90846
2.00707
4.93191
2.16899
10.513
8.39942
10.5712
1.32721
8.28133
17.7377
15.633
12.2005
9.20474
6.44959
11.5583
13.5587
9.59643
6.61609
4.29292
1.32854
1.85095
4.70914
9.98239
15.0719
16.4964
1.74736
16.9085
15.2177
15.4568
19.9716
7.77201
4.92238
16.4403
16.1121
6.99073
13.6106
13.7781
10.213
16.5873
19.0252
17.2087
10.8151
4.04881
14.1701
16.5994
14.7002
0.15979
3.64585
10.2313
1.00402
1.26848
16.5567
17.2766
17.9488
5.76653
1.67914
5.77395
14.8042
2.62402
15.3614
14.3585
3.26522
5.56697
19.5048
17.6723
14.4208
4.26458
3.89397
16.983
19.0251
1.94084
16.5158
9.14077
15.5346
2.42151
10.6879
16.4428
0.757564
6.5919
18.4058
15.2806
1.71341
3.71858
8.40293
16.1424
12.3896
12.6717
17.2857
14.4735
13.5915
6.40654
1.4854
19.1355
5.02076
10.7388
14.8745
16.3847
3.22429
14.3744
11.9834
3.08238
15.1972
14.2801
4.87471
17.9889
11.6446
8.44725
11.5748
0.713092
2.42499
8.54266
0.598878
17.2291
5.23513
17.3964
4.30269
17.7117
6.07646
18.163
16.3311
0.714565
2.58751
0.165828
10.3088
3.46894
18.2258
4.69376
5.86919
13.1043
15.2147
18.6117
18.1787
1.67747
14.3399
11.5199
13.4083
8.63246
11.6414
1.84937
19.3215
2.77375
10.6823
10.138
2.15579
0.0580197
17.4842
17.049
14.6252
8.77925
15.3587
11.5338
16.1728
17.9488
19.1241
11.4379
3.27988
14.882
7.42734
6.20615
9.18035
19.1361
17.1361
15.3514
4.51962
14.6158
18.0094
5.18481
0.777835
2.19703
0.796798
18.7484
11.7548
17.9481
17.5204
13.1131
11.1292
8.28359
0.687612
18.7423
19.0963
7.60347
14.4405
1.87487
19.5581
19.6268
2.14115
3.89203
14.2476
2.5133
7.87035
19.6163
16.4716
14.2287
2.24264
17.4015
13.4332
1.93031
14.8662
10.6224
2.52709
7.35737
12.476
8.18377
14.4815
9.93981
6.92344
10.502
5.4826
6.33138
14.503
3.27551
6.90997
16.6994
1.02797
15.1533
3.43049
9.98265
13.2403
16.6437
19.8356
16.1851
5.4077
6.70763
1.85804
4.31208
16.3429
14.2797
15.1567
4.06996
13.0376
13.0832
9.31653
11.9242
11.3144
15.4274
13.0891
8.64404
0.953035
18.6772
12.8285
11.1014
11.8743
12.6188
1.85807
0.523055
12.0643
7.45413
19.8968
17.9639
8.76424
4.04565
19.0115
0.383561
19.418
19.3409
13.558
18.9431
4.44758
4.02165
19.3795
8.38583
1.78122
14.9278
18.0263
5.8357
19.9255
13.0338
3.45449
14.7083
8.21371
5.48478
4.11919
16.9261
7.58217
16.8501
0.639397
10.0004
13.3718
15.6326
14.8968
15.6018
15.5811
8.59003
8.04016
14.064
4.2313
9.40766
19.0682
2.8706
16.6326
15.5731
19.0971
19.5648
11.413
5.15883
9.40143
12.1827
3.12507
1.44795
1.00061
0.695934
12.5599
4.9032
19.8967
3.69858
2.95448
5.3845
15.9047
15.4125
17.3196
14.0742
16.0442
16.0484
9.71311
13.3796
15.8068
11.5947
5.46441
17.9931
5.65495
10.5857
9.86468
9.70507
4.34421
15.5241
5.03025
17.6833
3.50939
9.94412
13.2814
13.1554
4.43558
3.51075
12.4072
13.3443
11.0456
13.8849
9.25789
13.8356
10.0083
6.70628
10.9555
16.6427
6.21942
4.79688
2.9554
12.2876
19.4655
19.1946
15.3732
10.3592
16.1688
8.78371
8.56664
15.6788
6.50265
2.52954
9.85896
9.10838
0.168249
3.96593
8.54361
16.8184
13.0936
5.56602
11.8519
9.37274
3.01424
0.162941
13.5683
0.538706
5.89734
14.7487
15.5702
19.3188
13.8057
13.564
9.24166
8.21019
15.7247
13.5068
5.5914
9.16235
3.77544
16.203
0.123869
3.09528
4.82066
16.6847
16.667
15.1531
12.9931
12.7117
5.50828
16.877
7.52476
19.8372
2.48332
4.23545
12.7847
1.34437
7.39775
17.8721
11.746
5.48235
18.1365
16.6027
17.654
7.61404
6.53344
2.96861
0.0131829
7.91939
13.6537
5.27992
0.402335
15.5985
16.4025
14.1165
11.0671
6.88763
3.55989
10.763
10.1788
16.6915
4.61957
5.0798
11.7857
15.0852
10.9868
12.356
1.19496
19.2273
10.0294
3.40054
11.399
13.5853
15.8882
16.2562
1.45857
8.44937
17.9384
16.4049
2.47586
16.6923
5.36364
4.1628
12.304
3.409
11.5453
0.174202
14.864
4.97598
8.45403
0.373036
15.2361
2.19067
14.7839
17.0445
6.44305
11.5862
9.72728
14.842
3.57865
2.79945
19.9661
2.50616
16.2506
17.5274
8.7368
3.5332
6.84386
18.9565
15.8026
6.48386
19.3581
3.96659
9.20081
17.6365
4.77762
18.8134
2.19265
3.08769
10.5743
1.067
10.5143
0.268306
11.2053
15.0117
18.2133
6.43097
6.18281
11.0654
8.12054
1.10241
10.2204
6.67561
3.94192
4.00542
4.41758
11.7915
4.93885
17.4037
9.00257
6.20101
5.9581
10.2185
18.4323
19.9678
10.9531
18.5838
15.6914
8.74977
4.64158
13.9451
9.2091
4.73409
9.01804
7.82565
10.8107
17.9579
19.5929
10.4684
8.50202
11.486
14.7381
17.6744
7.80221
6.81437
11.285
17.9437
16.951
1.1298
3.59196
15.8413
2.25927
5.07099
6.5975
13.2436
7.32295
15.4333
11.7431
15.2664
11.4418
12.8617
12.5465
4.00991
19.2748
8.38875
0.657968
0.994626
13.9524
6.36773
9.93654
8.5408
15.8762
14.3153
7.13201
19.2323
4.97726
6.50417
13.8714
18.1119
15.4559
0.887546
15.2026
14.8732
7.95069
4.27209
17.4915
6.86584
7.30043
5.7644
4.48253
9.24842
9.36672
6.50616
16.3835
16.1566
6.02599
16.0814
10.5814
1.76999
2.89411
14.2935
19.4022
14.7036
9.40629
9.29095
9.25004
9.62147
18.3566
17.6161
15.5523
1.7556
0.656429
1.12882
4.70968
10.8353
4.94356
14.8847
17.8033
9.4592
5.14026
18.104
11.3732
11.5224
12.2537
12.1111
19.0258
9.08944
19.7908
18.8533
13.0548
12.2383
0.0100321
9.73139
11.1926
6.49298
0.129314
19.0083
15.8472
10.7741
14.8199
8.26656
0.313111
18.2463
2.66078
17.8378
16.2365
7.33969
16.7701
8.69305
7.973
5.38514
10.7606
5.62943
11.9682
14.4494
1.01235
12.2881
0.896473
12.6694
5.09265
7.64262
4.82168
7.3029
16.0341
8.13428
3.8472
7.80177
7.32427
17.6158
11.9054
13.8342
1.9715
16.1937
6.93583
13.5357
18.7279
5.86975
0.669962
3.81929
8.42403
12.479
10.007
19.8901
18.2199
5.97155
11.2143
1.70783
8.63585
16.5741
6.68156
3.73532
2.81664
6.92074
1.88363
4.36767
0.310011
15.1458
4.4486
5.22257
19.6098
18.2723
1.03251
4.11078
15.8408
8.2671
12.7528
8.65217
15.3089
0.405806
6.92161
7.56594
2.0334
15.2117
6.60004
10.3427
10.1695
14.8166
13.6749
1.54914
6.40733
9.8347
17.7905
16.5738
16.8648
6.57333
10.5718
15.6144
10.3751
13.887
7.26097
16.1741
1.4853
0.331858
2.52237
3.40831
8.1052
5.84053
18.8997
7.11704
1.66476
1.46452
12.9115
13.8613
6.26988
0.250249
16.5143
16.2223
16.6285
12.7548
2.52849
16.5637
5.18681
14.8244
0.473537
19.7316
19.9117
6.13546
1.3089
10.0999
5.67499
4.9457
7.44943
4.21496
11.8962
4.84322
19.4189
6.6722
15.771
4.60563
12.0856
8.24631
3.17728
18.3678
8.04225
3.42281
14.8353
2.53594
3.51323
10.3646
6.28603
2.3149
16.7681
4.72099
16.0947
3.95325
12.7635
9.41904
17.5789
17.4909
17.7274
9.52739
7.44935
13.3323
19.4287
5.18011
8.25566
6.69371
19.8835
7.07822
18.4217
18.4892
4.15162
0.195765
6.05761
0.3356
14.3289
4.39385
16.8046
10.2608
0.928789
15.4028
16.1191
14.6661
10.9028
8.05221
17.2831
1.37028
18.9936
7.51371
17.9622
18.553
18.0975
9.65886
16.9332
13.4609
11.0912
10.6079
8.66986
10.2686
14.0704
14.0576
19.761
10.718
2.343
12.9163
9.40309
14.3422
18.561
1.92206
3.43665
4.53484
11.736
5.71824
4.1199
4.28417
12.1046
12.3559
15.3255
3.67419
3.78445
0.338435
0.978597
15.5514
2.64824
14.291
1.92032
9.183
19.4604
3.36298
14.9557
10.879
9.94139
7.63656
10.827
0.220937
17.2099
14.796
16.3315
6.62365
8.64745
6.95447
7.5677
5.0005
3.62878
6.84644
9.76791
11.8187
2.47812
14.4224
17.8959
11.169
8.38451
14.8276
12.4154
6.21555
4.56025
14.2852
9.18944
5.61745
7.6
11.8039
11.2487
7.85914
5.58129
17.562
15.2306
16.5843
16.6022
19.3878
2.89924
0.485691
19.9865
6.59927
9.92686
7.82423
15.9805
4.98525
4.57743
10.5192
17.8546
9.35993
5.1076
7.27876
18.55
4.72054
1.13459
0.838245
7.74915
0.028693
1.04973
3.32284
16.1692
4.05581
8.60208
12.0613
10.8907
14.2869
17.7183
0.494677
5.7493
19.242
19.5259
11.0223
7.31515
4.894
3.15139
18.9572
14.1561
0.467373
18.9085
15.7038
6.69023
9.27007
2.05205
12.7333
11.6619
19.8932
16.5759
4.2109
4.46807
3.28171
2.19321
0.0552758
9.38927
6.25875
16.2138
0.987399
12.717
9.95377
5.23741
17.3879
8.36344
9.92053
3.87011
1.41697
16.0307
11.1982
0.451501
16.6576
13.4566
17.7054
9.91173
17.3016
12.2591
4.40118
13.603
8.26986
4.26277
6.43377
0.623774
3.88169
0.520985
12.8127
17.6945
19.0479
3.65133
7.70369
7.98266
8.12692
0.458243
15.4828
6.29149
19.1408
5.73216
9.77207
18.724
8.09599
3.20351
10.4924
6.13749
10.4192
15.9605
14.6006
9.62705
18.0358
5.73722
16.7929
12.3378
18.4417
6.07385
11.1747
14.3314
10.6168
9.16452
4.24113
16.8954
16.5522
3.5082
12.492
13.3881
16.3382
16.9623
17.7973
13.0102
10.6918
13.0711
0.0546176
18.9225
6.25592
6.00169
4.88225
19.4535
11.9756
18.8116
19.3422
14.5182
2.01424
4.104
12.4077
8.35785
9.81552
11.3193
16.4074
14.6043
2.11665
1.75405
4.63239
18.2792
2.1307
13.8328
14.7463
11.9498
16.0435
9.43915
6.07427
9.17421
16.2316
2.2549
5.19498
0.856864
12.2733
19.4545
14.8721
19.0097
17.5569
15.5529
7.81572
18.7408
6.25163
3.70293
10.6938
14.4017
3.03255
1.18395
10.8986
10.2665
15.1718
18.9932
5.1139
19.4694
5.03809
10.2364
8.58275
5.64529
2.77476
12.0254
12.074
14.8312
18.9444
13.5015
14.7231
7.38919
12.6739
19.6448
7.34712
8.09957
4.06968
3.17228
13.4091
10.7745
16.1676
12.5736
1.68971
17.6418
11.5387
12.8305
15.1659
18.5449
4.88508
2.10414
3.2267
6.80253
2.40063
16.8388
19.2692
7.8036
11.5472
0.620207
15.8859
0.0824605
17.5332
4.75078
18.5009
2.31546
12.3715
10.9451
0.605335
7.64548
11.5123
11.7293
10.0148
4.9484
0.460386
1.00367
3.68815
13.9867
3.40996
7.22404
7.20486
3.18154
2.82756
8.34825
16.0039
7.54769
5.03216
18.5852
18.7248
9.21768
9.05595
16.8253
11.8208
19.5027
16.8164
2.88467
18.4114
18.4163
10.2164
8.88486
17.3007
11.7479
18.7025
7.79875
17.0828
19.0699
12.4139
4.99555
13.5796
0.646194
6.96099
8.73001
15.3562
18.6612
6.22714
15.1418
1.56117
14.151
17.0673
6.6677
9.83515
4.25031
4.78878
12.2359
0.731771
14.1313
14.0688
9.95743
8.21372
8.22257
18.1769
15.649
1.44086
18.162
10.714
6.89154
12.2633
6.64068
3.26975
6.38279
6.85501
4.55084
16.3588
2.1043
17.777
13.3426
14.3802
2.66882
10.3997
10.017
8.31976
4.37914
4.27176
19.2873
11.1558
3.46226
18.2218
17.3663
13.9082
17.1486
13.371
17.6563
17.951
0.474861
12.02
19.2097
11.3845
9.84604
19.579
9.22911
5.14632
12.7638
19.4892
9.26459
5.64445
17.9903
5.46901
17.8432
12.8129
10.2845
5.74382
1.37531
5.50695
13.6004
13.7638
2.06824
10.3031
10.3794
10.0266
6.42322
13.2558
5.92566
9.81919
10.9965
3.39518
16.4732
11.5765
3.18652
13.993
16.9522
9.79674
14.4
18.2126
19.4341
6.82734
9.42859
2.13003
0.848045
0.810215
4.79256
6.35584
16.3087
6.14334
5.96303
6.61461
2.52189
19.2435
15.0905
3.98254
8.4581
17.5028
18.3355
6.19162
6.71271
0.870026
3.69099
16.8331
16.3515
18.4949
9.26213
10.6552
13.9082
7.84053
3.61385
5.33742
10.6376
14.4729
14.1878
9.19131
12.7868
2.62046
11.6525
14.245
10.3306
4.51515
5.48745
2.38951
8.3198
14.5098
0.409185
1.52536
7.78819
2.74803
2.11525
11.1856
11.258
16.0391
12.2995
2.32872
16.3315
19.0792
3.03968
2.10798
19.18
3.6238
2.12463
1.70809
17.2339
4.46666
6.30644
18.5178
11.5236
17.9232
2.61369
12.6317
5.59396
7.67576
18.172
10.882
2.62372
19.9138
6.92102
15.0087
9.01503
1.26437
7.5699
12.5013
9.72772
13.7785
4.07153
7.29913
12.6716
11.2326
5.90248
10.9185
14.0194
15.2965
9.08485
0.959402
18.1942
11.436
11.5649
1.41035
16.7286
3.806
17.0859
16.5612
6.05729
7.32996
3.88775
19.6241
9.19717
1.37983
13.6925
5.02402
11.3436
16.3057
16.8926
0.295709
0.900659
10.7901
16.3234
3.60251
14.4496
11.7464
4.28695
18.0506
16.552
11.4717
10.1387
13.5806
5.71098
18.9529
11.8447
17.1274
9.64338
7.02173
10.3966
18.0789
4.02372
18.0409
6.97977
3.12067
13.5563
1.77517
0.857733
13.2032
2.71887
11.0782
0.10573
15.183
1.78194
18.2415
9.63413
12.4343
14.6369
12.1036
6.35227
2.24387
14.12
17.3362
19.6543
1.15187
9.61026
8.17112
4.69392
9.26845
11.4217
6.04808
19.8811
9.87233
17.0982
7.98185
18.8144
18.5126
8.33454
3.46017
16.5621
5.40831
19.9649
13.5614
13.8311
15.6731
9.26412
3.37456
6.13851
18.6392
15.852
0.360542
4.80323
1.55129
6.66236
11.9563
9.33717
7.45365
4.71123
18.7364
13.3417
16.6385
18.2741
19.8654
5.05214
16.1346
16.5545
16.8244
1.45806
5.60653
8.40766
2.62324
10.3938
2.98126
9.9415
11.3144
13.2102
12.1546
6.43991
17.7059
3.68745
0.650279
18.8141
15.9411
0.678264
11.4624
15.0897
8.63371
6.81783
14.2515
15.7237
15.3738
16.9505
10.0626
13.5417
6.78927
5.39729
7.00254
5.29165
12.8874
9.59767
9.44303
9.38439
1.91739
19.2085
4.4976
0.0858668
1.60789
7.35102
14.2776
12.7653
17.3532
10.1777
10.8222
12.3764
0.836741
11.0766
15.8173
0.106636
7.99268
0.237055
19.6997
2.59781
1.06998
19.0247
6.34422
3.09903
8.79728
17.6435
9.14358
2.43354
12.3943
4.39211
16.052
10.5732
18.6029
12.3216
12.4805
2.00668
7.42568
2.97744
6.61186
14.7385
5.08815
6.49901
17.8877
8.8826
4.0396
15.3172
19.0015
10.9214
15.9846
1.02768
7.21635
18.8769
6.79171
0.779801
13.3223
12.4299
6.87656
1.1364
10.4243
0.925123
6.57852
10.7102
3.56853
3.3566
19.9651
18.7905
1.17036
18.3885
12.7892
2.14878
5.33517
19.2981
9.15522
2.30547
14.7765
8.95702
3.6299
9.59767
6.59537
10.4671
16.4086
13.2194
0.254271
8.8729
10.5252
12.4907
9.3654
14.5359
1.8944
9.39182
10.9394
17.6068
0.394311
6.76706
14.4151
13.4475
15.917
7.53085
17.8299
4.69979
16.4837
4.94136
18.3852
4.20867
17.2223
10.7347
9.28041
12.4029
18.8319
2.63427
19.4257
9.25738
7.76012
2.59458
16.5953
4.33173
18.7645
11.8285
6.88823
18.845
16.6136
7.83962
8.53525
13.8947
18.4905
18.4794
17.0953
4.94348
15.8456
13.6256
1.28212
2.65221
7.58287
8.6001
19.2284
7.01695
8.11698
2.7156
13.2064
10.2013
18.2019
17.3473
12.5719
11.1409
5.57073
0.70668
9.64506
19.9055
8.94155
18.1696
17.4718
7.1691
7.46767
4.03948
6.53043
5.75173
15.5738
0.930788
3.61207
14.6274
4.89415
3.17921
8.33977
5.04347
8.02901
8.98313
3.54851
9.7525
16.173
18.6077
2.64916
16.6648
4.53529
11.3655
1.14996
19.0633
4.4756
15.0141
14.143
14.2787
19.6006
13.775
14.6334
8.28057
14.0288
10.7562
10.4311
9.15972
14.1127
8.72072
18.0112
12.1255
4.556
9.64461
10.0182
17.3869
18.0121
8.51286
1.78631
19.8113
1.65846
9.14688
1.46985
19.2166
6.74964
0.621721
2.84797
10.0656
5.9138
15.4457
2.74333
16.7252
6.11992
8.29666
17.4538
11.1853
17.11
8.06737
11.0248
1.28448
11.1268
5.52602
0.541202
8.37607
18.9041
10.4471
0.209857
19.4751
0.122895
0.752533
7.81522
13.4434
4.33977
8.19261
19.5121
2.74742
12.0399
17.6956
12.9749
1.084
7.66087
14.3971
6.29466
5.36915
13.0396
2.08716
18.7541
7.26856
5.4057
13.9045
14.8848
10.7423
1.09179
12.0129
7.94382
1.7819
6.80513
9.79111
13.1761
19.6915
19.0065
11.7164
16.3377
18.4567
19.3373
13.9108
16.0914
5.72389
8.46188
0.735289
9.18493
7.39042
1.2162
9.32804
17.631
14.5465
9.42564
0.635389
7.73664
7.51616
9.43954
8.39281
12.9999
8.71118
2.44965
10.2918
11.9209
12.9592
0.964435
7.45772
16.4875
0.534266
1.89755
14.0106
12.2845
8.11974
5.59486
16.0555
3.02914
14.0359
12.6788
0.202527
18.7709
1.60987
8.37134
17.2895
10.6738
12.6625
11.9496
2.2515
5.79276
4.64892
12.1355
8.94307
4.61485
8.4492
2.41028
11.2312
8.85217
4.03672
0.0308846
16.0859
2.95489
9.89742
15.8386
8.39476
4.2555
12.4524
18.7399
7.11351
7.95239
1.12743
1.82215
1.81613
0.992467
7.42336
13.0687
7.95472
5.9274
14.5
10.9522
13.2624
14.0305
15.5026
19.8981
7.09564
5.46589
13.0872
2.35529
10.4819
15.5289
19.0475
12.405
19.5048
9.56248
15.9771
9.6349
4.74906
9.94443
10.6196
8.46027
15.2504
9.53565
14.8101
7.55225
15.0278
17.7119
10.9235
10.508
4.58576
4.42445
1.7972
9.34062
14.4301
7.98147
0.386322
7.40536
3.06836
19.4901
1.31949
17.5161
16.4809
0.347322
17.1247
7.7825
10.0237
12.661
3.45309
4.29312
2.86014
4.48984
14.9877
7.52224
16.1267
13.7512
18.3587
11.0008
9.2811
18.6492
18.5896
13.513
7.26665
17.5213
2.91152
6.68647
17.1953
19.0349
17.9216
10.9747
5.08237
7.28076
3.18847
18.4935
10.3928
16.0605
17.028
12.774
2.01902
12.7556
0.401797
10.4604
3.11741
14.2797
11.6971
7.15753
8.08236
19.8496
19.9435
13.2873
15.1599
3.12227
8.61396
1.9004
8.76838
4.69906
6.53523
5.80452
17.8248
17.7958
12.8014
6.61351
2.27626
2.25661
19.5404
10.9332
6.58136
9.95965
19.1242
5.53187
4.03938
15.6599
6.99713
6.44487
2.36781
15.1664
18.876
8.27097
17.0159
14.5581
2.86395
10.3028
16.4398
18.0483
10.0431
17.6788
11.819
0.509889
4.89337
3.53868
9.4692
0.207113
11.9697
7.18257
17.6595
0.942404
10.8461
16.5825
2.36049
0.635872
1.15554
3.56154
7.95263
14.0945
7.11991
1.49645
9.00806
1.26106
15.4137
18.8932
14.3656
15.2165
10.0763
12.5337
5.67858
19.9218
16.9385
16.3001
4.01554
18.276
8.32786
4.70634
16.7751
7.44575
8.34727
19.8122
0.445848
6.33047
5.46081
11.5936
17.6693
4.69465
14.4441
0.871838
0.311133
1.81259
5.96566
16.2485
6.13036
14.3689
19.7506
7.9486
7.0134
18.3687
5.50106
13.3536
0.763243
13.2962
6.39238
1.20421
15.9171
15.9218
7.02083
19.4951
19.911
4.53538
18.5001
18.3844
17.3144
18.4635
15.4064
8.303
7.89236
6.78821
3.18774
2.21014
0.37498
12.8159
12.9789
19.0569
19.6166
19.1132
2.98141
2.27702
15.7017
9.32768
0.87878
17.4475
15.6872
18.2283
7.79133
7.31741
4.06796
10.5163
15.2102
9.02338
4.39166
8.33573
7.95002
17.594
9.03354
3.75896
13.3658
9.34943
1.85247
0.453184
6.27162
9.42559
12.077
12.0091
5.8669
0.51995
14.4642
7.81758
11.508
11.744
9.0834
12.0308
0.388197
1.95821
18.7931
17.6409
3.16558
15.8982
7.61288
1.0991
18.7672
15.37
5.57449
3.75444
13.2663
3.96609
2.52268
12.9536
4.26897
0.0808442
17.1961
3.48843
2.16634
18.9021
17.7334
9.61789
12.2697
9.7328
10.6327
14.0958
2.01772
10.1308
4.91327
1.86871
3.13334
8.40044
9.29352
18.5841
11.2261
9.78228
14.8983
9.78424
1.03118
4.54683
0.98761
8.95653
8.55179
9.76261
10.3099
9.70629
3.50243
15.6975
3.88267
10.2007
18.9061
15.9014
15.6658
15.2635
9.83487
11.7513
2.92049
3.38063
9.93621
15.5559
17.3409
19.2996
12.1318
2.20435
13.9096
16.7221
2.1482
18.7306
19.764
10.5951
13.0939
4.4158
11.3483
18.9035
15.1934
14.5817
10.4103
10.8162
9.13443
13.6008
11.7959
8.40389
17.2975
1.25255
4.20863
12.3208
2.81631
1.28245
8.35469
2.42134
5.28345
8.31629
13.2071
1.23597
7.58231
2.20017
5.52605
16.3682
6.23088
7.82004
6.50872
12.0322
12.8069
16.0156
17.0056
15.4764
9.29253
19.2407
14.413
8.75945
17.6493
6.65296
18.3089
16.0587
13.0934
8.92505
14.9864
7.61677
1.94716
18.8803
8.24269
15.0032
12.8206
5.32888
0.0659558
8.34588
17.7696
5.28228
11.8951
16.954
12.1784
4.9997
19.7964
17.9715
12.7151
13.1406
10.5157
9.5776
17.3394
2.27626
10.9248
5.16886
18.6388
6.64846
7.8551
3.77464
16.1908
13.7578
16.7475
13.6671
5.77338
18.8338
6.72916
18.1476
6.24332
7.55371
14.174
9.4356
14.3957
4.14418
0.0806768
14.1825
15.2771
15.0169
12.9103
3.42671
5.89899
5.29942
6.47205
12.2098
16.2402
11.4136
8.71715
0.585512
6.37986
6.22161
19.0846
4.00763
12.9604
11.3805
11.2032
7.37567
0.488357
4.05704
14.0397
18.4336
12.2724
16.473
17.2374
6.67718
8.51682
1.28589
6.84759
5.33726
15.3325
15.5785
7.94013
9.6426
2.37151
1.046
2.53476
18.4041
12.3792
14.6548
19.9392
7.10423
12.4882
11.3139
13.6572
5.54393
2.98919
17.7312
2.9086
9.70966
5.24088
3.84822
2.47894
8.04362
12.8309
4.1684
11.5456
9.78882
7.01034
6.18738
4.61665
17.9619
4.72274
19.2381
1.4908
12.5793
2.13855
18.1416
5.92457
4.31957
11.7683
10.948
13.584
12.4471
19.2056
14.9099
9.64191
8.74704
3.3203
13.4195
19.0335
9.29451
0.770384
16.1913
11.7928
8.67723
18.2873
3.32501
14.9136
11.6584
16.8817
7.05206
16.2439
6.75758
13.0855
7.09635
2.2273
11.5908
19.1972
19.8789
12.4257
16.9218
16.5338
3.79723
15.5772
6.50587
9.4878
4.74365
2.68943
18.5983
17.6534
16.2089
12.8487
18.0963
8.51405
17.6618
3.4888
3.23591
5.61842
16.7805
10.6701
2.46904
11.8608
6.64425
2.03608
9.04381
6.30963
2.56224
7.15278
14.3528
7.15053
2.74618
12.1303
9.69569
9.50698
14.6045
19.3735
1.83289
15.5942
6.96849
0.974489
15.2723
5.18665
15.5203
16.7133
15.14
3.62109
3.14359
9.44437
7.92859
16.7395
9.89766
11.8225
1.28843
9.75612
15.7643
15.75
5.57837
16.7682
4.17001
17.5289
4.70742
3.72796
9.53076
19.6007
3.06093
0.996307
5.77974
6.20247
19.3608
1.94382
12.1278
3.42469
4.21087
19.4273
16.5405
11.7892
14.32
9.78626
16.538
15.3349
17.7429
18.2441
2.28864
13.5189
7.18431
5.75363
2.91194
16.2493
16.5677
12.0587
17.2483
10.8222
17.8746
5.23735
8.75314
12.4872
2.56629
16.1466
15.749
4.38545
18.5838
8.89626
18.7191
15.7938
1.50086
2.24381
17.5047
10.3503
14.7177
11.0817
4.2542
0.113536
6.23667
16.1115
2.35337
16.381
15.5275
0.805418
8.2976
1.2612
14.2483
15.4833
15.3752
6.77271
19.4409
5.82748
15.8646
16.7678
12.5582
9.49553
12.0787
4.44062
6.48272
17.0285
8.50802
19.8527
15.0874
3.47394
18.4642
5.12617
17.0053
3.61042
6.64947
16.6773
2.07742
0.245492
10.9001
8.9959
0.796293
16.4142
17.2988
16.5852
10.9722
4.97205
10.1826
0.048518
16.5283
5.46245
12.6107
1.02941
18.8064
14.1044
16.8638
18.0229
18.1148
17.7359
9.62851
19.012
16.0895
4.50776
4.2008
13.8961
9.67803
16.3698
9.96691
2.67809
11.5597
8.98152
3.1828
15.2565
15.0956
19.9673
14.5717
3.00663
15.3626
1.69678
4.31983
19.9721
17.7106
18.3596
11.9671
19.8016
15.7761
2.84073
18.8922
18.2454
5.53172
12.8182
9.2613
8.41793
14.8748
10.7509
8.69042
10.8236
19.6702
2.56938
18.2424
1.52348
9.89436
12.3246
18.7061
0.726128
5.84068
9.41871
7.03006
10.3807
16.4933
7.48388
7.17361
8.25753
8.51555
18.1761
10.033
6.17155
14.4448
14.6524
14.9255
2.16657
18.2946
1.59532
2.71609
6.26736
3.20346
3.41297
8.95896
4.81919
14.8483
1.81904
12.7849
7.73507
12.6196
2.0492
3.49814
7.74519
2.56086
13.3183
5.60274
11.6514
9.5432
7.03246
8.43651
7.57196
19.0865
16.9227
10.8745
9.74583
3.22258
2.12819
14.984
11.242
3.50609
0.395617
6.74219
17.5318
7.03552
12.295
2.07784
6.83739
19.4514
9.15921
6.99764
10.9984
2.72714
0.928535
19.6728
7.09294
9.83366
5.84419
5.59089
3.98856
0.0500627
8.66699
1.52311
15.6797
12.0498
18.5378
5.27599
17.244
17.9077
1.77156
1.94944
16.649
5.73384
14.8451
19.6248
14.3682
0.491076
7.21465
16.8929
17.7528
7.17534
16.4393
5.01503
16.973
5.86676
9.79929
18.9999
7.40142
6.38058
2.58468
14.3473
2.63702
14.6993
10.6431
10.8453
5.74717
7.50007
19.9301
15.2956
1.18512
10.6006
1.63228
8.98077
5.67379
12.5345
6.53708
14.5223
11.5108
4.18437
8.40687
7.58176
9.30244
3.53463
14.7392
1.3936
12.4125
4.39993
8.97257
9.75604
5.89121
9.55331
2.76888
7.42631
12.5079
11.1825
10.576
13.7693
1.41088
15.195
13.1755
14.6546
0.676066
16.4555
15.4803
17.5905
16.8737
6.53218
1.47117
10.5853
5.70348
3.05034
10.3731
7.6682
15.3772
15.1223
1.80593
15.0823
7.63168
7.45443
1.6017
2.39599
5.28147
12.0404
9.77613
1.44695
12.8234
17.3795
4.56235
13.5116
4.31371
4.39605
1.67026
4.87324
12.6714
14.9191
16.0046
16.6685
6.75906
8.95791
5.67995
14.3994
10.3178
13.9982
2.29522
11.3969
9.4694
7.03361
19.9532
1.34137
7.71148
7.73027
10.4958
18.655
11.6951
14.0739
5.97327
16.4212
2.73298
14.0149
1.19855
15.4313
19.6798
15.6329
3.75694
12.1927
10.3475
7.93368
19.646
4.81794
5.85831
18.4923
10.9478
16.7397
10.0197
16.8086
7.26638
5.26752
7.63282
19.2786
9.03673
2.90104
1.35335
1.16232
10.0884
9.49979
15.5825
19.2957
10.1456
8.70126
6.42986
17.8369
16.3166
15.0277
7.99333
0.0276778
7.4627
2.88217
13.6081
11.5048
0.0975225
5.75622
6.27751
6.48774
5.23095
10.0575
7.61485
11.1476
10.0471
7.28375
15.5653
2.33845
11.988
0.676601
7.69882
17.0052
17.0145
16.6014
14.7119
0.83563
1.18825
8.6919
9.02613
14.5486
4.88704
4.51878
2.20321
17.314
13.8543
10.3771
4.83513
8.64221
14.6278
3.06597
13.3458
3.78211
2.0817
3.05322
16.7377
17.9694
8.69753
14.3498
13.5736
9.19028
4.49251
12.5137
7.95698
3.49254
0.391897
12.0134
1.53591
14.1474
14.8001
8.77288
1.99669
7.34405
15.265
16.1375
13.9959
7.91082
4.41926
10.796
3.99085
15.9459
16.8369
8.59202
14.1272
15.5336
17.186
7.0854
1.49463
0.689161
7.28141
9.85558
9.19197
13.9446
10.6576
19.0398
11.0358
6.82976
2.61488
16.3169
5.87325
10.4944
15.2362
1.08329
10.8427
17.1782
9.98168
8.61365
16.5844
13.1139
15.4152
0.504726
7.82253
4.68027
5.5875
15.1114
14.8331
9.98911
0.596209
13.9773
9.08473
8.95449
10.4432
2.57636
12.1718
0.853006
7.16671
15.7785
4.92199
18.8814
6.31998
9.45987
10.8588
19.0743
0.00511495
14.2138
17.769
2.85122
8.62862
4.84857
14.7143
4.23593
12.789
7.83079
14.8932
4.25721
2.83116
2.57853
13.4814
18.7886
2.56408
19.5657
9.65846
3.34224
13.1278
17.772
5.00085
11.0149
16.118
19.3759
8.83638
9.14072
16.4384
14.2639
0.298291
10.7823
15.5229
8.91406
3.09069
16.8849
6.10223
11.2763
12.9066
17.329
18.3207
8.35796
12.2498
8.39218
11.7875
6.22775
16.9693
7.90361
4.9154
14.5412
5.57306
9.73364
7.25064
3.04664
18.1689
14.8501
0.614373
17.6533
12.6828
5.10486
6.85949
11.32
9.75705
16.6619
5.75651
10.1674
12.4649
15.4579
11.4223
14.0882
18.6327
9.91092
4.4545
7.68226
13.4103
11.2892
10.6831
8.92016
5.33707
6.16218
3.31679
5.37377
7.23019
6.13407
5.67123
7.17182
13.2976
4.86426
2.21523
0.752232
4.96534
16.6592
18.0971
2.40563
4.36028
1.4583
14.2891
11.2194
8.60699
16.8209
17.9042
12.5031
3.76435
8.72396
6.27501
3.61262
5.10812
2.88665
11.1639
19.3342
6.61271
14.1053
11.7519
6.87598
16.7425
3.41995
8.75251
10.8332
11.3587
17.5497
19.5482
19.0517
10.4403
0.587662
4.3131
5.94709
10.8319
13.5575
13.995
10.6049
12.3392
0.539374
13.9191
17.1058
11.7378
5.00718
2.891
7.80163
12.902
5.65417
8.27528
9.84505
6.15653
17.5783
6.30347
4.99188
4.41547
5.792
11.8523
2.85627
11.2371
2.71782
2.7904
18.8387
10.4949
12.6355
17.7967
7.02256
5.32027
5.9178
17.4623
8.54181
8.54499
19.1357
5.78702
5.97385
1.13063
1.9438
0.880789
5.45429
8.19717
18.0309
17.3424
12.9924
6.45637
1.23999
6.15226
4.74048
12.1212
10.8947
19.1519
18.8406
17.1712
19.0188
10.1237
15.2533
19.1639
10.9312
15.8435
7.16879
10.8529
13.7519
9.41415
10.3119
3.003
5.11381
1.39635
0.428053
12.9562
8.80708
15.7333
9.23258
3.16143
5.33691
4.44796
3.93554
13.6195
2.65552
6.4835
14.4914
1.73078
10.4208
4.03698
1.60546
9.64897
15.4237
11.9878
15.1743
0.505237
7.70023
14.1572
18.5498
3.87696
19.458
19.8394
8.79825
12.3323
4.00668
6.77324
0.974318
6.93042
4.19902
2.72332
15.0024
5.02389
11.2317
5.81577
17.7224
18.6198
7.02251
10.0257
3.59125
10.2385
19.6401
19.8962
16.5764
16.355
16.5091
11.9007
17.5862
19.8885
6.85761
14.1221
13.1731
10.7406
10.5951
14.2401
11.0413
8.2762
14.9357
19.0362
1.29428
1.52239
2.66988
7.3853
11.3439
19.6365
8.34748
3.14851
6.23219
9.57351
14.7368
18.1642
16.5214
17.0899
3.01336
1.62012
2.96307
4.39075
3.73221
13.2073
3.72776
18.861
18.393
13.2224
5.12157
12.4781
14.471
18.1478
18.7525
2.64266
7.50302
11.4017
16.701
4.78839
19.2583
13.4642
14.3197
15.5318
8.9673
0.766982
19.0253
4.94376
14.014
14.5619
3.23989
9.09229
10.0226
14.9164
9.09729
1.06767
2.59855
7.24667
13.2223
1.65762
9.83439
1.52561
6.32928
16.1415
13.2832
2.30739
9.17423
7.82651
0.711958
1.51802
11.0733
17.3585
14.6046
11.6633
16.9827
6.18081
4.15279
11.1069
19.1568
3.0325
10.3462
17.8528
3.9705
0.0516125
10.0872
1.89921
0.462065
18.2642
16.937
6.0365
18.7869
19.3829
5.44558
6.55781
14.2093
8.00258
14.598
6.85723
2.00186
6.21572
1.84514
3.28562
7.4972
15.7969
15.9754
17.8796
7.00306
13.6617
6.70459
9.27163
12.3379
4.02081
11.2084
0.424536
9.08375
5.22194
5.62637
18.396
17.6849
5.30663
13.5234
14.5306
12.2793
7.1027
8.55447
1.61322
17.4925
17.9551
13.7068
5.8131
0.484677
7.68221
5.3119
2.67281
15.9874
3.18962
12.0749
7.41116
3.76345
19.3962
18.5727
17.5386
1.08427
17.2099
0.141825
4.73813
9.06344
18.512
8.23637
14.2742
16.7185
19.2624
17.5796
19.1266
17.2313
2.13508
14.4281
14.3861
3.98263
13.4297
14.5423
7.66096
0.378304
18.612
8.27597
2.45845
5.89328
15.103
1.67464
12.241
8.40722
16.8388
14.8009
19.4569
19.8804
1.79137
14.7073
1.72884
0.541675
7.74566
8.53669
3.97987
15.407
16.544
7.71285
9.44331
6.02526
15.5091
1.87018
17.1733
5.594
14.0721
18.0462
5.56029
19.6532
4.94049
4.51244
11.0658
8.37273
11.6384
15.902
12.2797
12.1464
12.9471
16.515
2.60151
14.5104
13.5024
16.6972
13.6586
18.0367
17.816
15.0434
5.80367
13.053
17.1372
6.53365
16.807
6.40846
8.37462
18.052
12.2515
16.7441
16.9452
19.985
6.65449
15.6803
4.07248
9.46878
6.49896
0.734385
3.99729
9.95108
8.70785
7.11542
12.1471
4.74521
12.0931
18.2175
9.83352
8.01473
11.6072
13.6617
6.04485
14.7809
3.59462
15.7605
0.480361
0.850173
19.4392
18.9396
16.5587
18.0087
9.34602
12.2159
19.5283
11.7751
14.7774
1.24385
10.3445
14.3326
7.45142
15.3531
13.9098
19.6246
16.5194
14.0789
6.06106
10.9548
5.51529
18.5477
9.92058
15.3807
2.03823
6.33279
13.0142
14.456
6.26054
0.993121
18.1734
7.65483
4.27824
17.3761
2.55425
8.88611
14.3166
6.55552
17.2776
1.23094
1.07652
18.7843
10.4598
1.41618
14.6794
18.3531
19.2574
12.1427
19.5412
6.38571
3.50564
8.60035
7.83295
0.0455359
18.771
4.84192
8.86303
3.02936
2.11195
14.7923
9.70613
14.361
7.76784
12.314
10.7213
7.51086
3.91805
13.6686
0.622986
19.1968
8.34019
3.05712
8.93625
18.6341
2.92743
11.6355
17.8265
13.6402
6.26108
17.9548
5.71149
14.084
7.93193
0.709428
13.7097
3.99184
17.4099
16.367
7.95433
6.95694
8.69127
17.0935
0.103785
17.7562
19.7736
5.68884
9.18018
2.87406
10.8125
5.02086
14.0549
4.97874
3.46394
17.5332
8.6647
16.1661
2.84446
10.9031
3.63005
17.2014
16.6968
5.35253
9.2296
5.29028
11.1219
3.77533
0.271045
8.92425
16.7834
7.17951
7.11473
1.02065
10.2496
19.8282
14.6826
5.0081
10.434
13.5224
14.2468
13.724
1.36327
7.77967
0.899172
10.7967
2.81969
9.68925
2.1686
15.2076
8.04933
17.2421
2.39486
14.1095
3.52592
19.8
7.47346
13.5798
12.6256
18.1246
12.0071
13.7226
11.596
3.44044
9.95562
0.584623
4.33034
13.9848
17.7724
16.3705
17.4751
8.27666
7.97203
17.071
7.30772
7.61317
2.73714
17.7579
6.48881
1.44135
17.5933
5.28856
19.9699
11.9676
2.6317
7.11293
13.2928
12.5434
10.5682
8.50419
17.5095
19.7111
16.8005
16.6884
2.33121
17.4625
17.8373
7.6002
16.1274
18.206
3.28321
2.16753
11.1499
19.0388
14.9904
10.617
11.1944
1.51543
1.92509
17.0945
5.38365
16.7657
2.24505
10.9113
1.49483
8.53982
9.15347
10.9951
18.1985
13.7593
6.39408
2.40832
7.3472
4.47121
10.5512
5.51205
7.98658
16.896
19.3911
1.79178
16.2948
14.398
14.3041
17.7142
15.0014
3.01939
17.7485
19.0931
0.693396
14.087
18.7815
11.8311
7.2646
7.7098
0.965117
0.872806
18.6389
6.20473
4.74094
3.09531
14.1533
6.94434
7.91309
14.362
8.05197
10.0806
11.3746
2.23761
14.2309
16.2467
0.998222
13.8666
13.9819
13.8802
4.98438
3.45028
11.06
0.867779
17.2745
4.99103
8.79009
16.4021
18.0207
6.8169
9.15688
18.9224
17.0933
17.4642
10.1297
2.87438
2.56342
2.32998
5.39932
11.7458
12.5207
12.1393
6.08187
19.6866
15.4756
1.24509
11.7937
9.48991
17.4952
7.4179
11.4909
4.6972
1.5793
11.8216
3.72877
15.7109
12.4695
15.6141
0.695575
15.2347
5.94736
18.1274
4.95373
13.3684
8.24888
18.1834
10.9301
15.538
9.77392
2.76299
2.73532
17.126
9.48382
16.7918
12.3098
9.4812
8.48963
19.7812
4.92354
0.188008
5.66638
6.33731
19.7862
19.4115
10.6472
14.5012
16.441
15.1798
9.26324
13.8753
17.5703
12.5545
11.1249
11.1131
8.97582
4.47706
18.9723
15.5183
19.1847
15.655
17.6064
15.5685
4.10671
8.56171
1.87052
9.20995
10.4913
12.0817
17.238
17.4897
14.0818
0.475845
3.36732
1.23748
1.74142
10.9252
18.7362
11.0922
6.26658
5.0346
11.947
12.3962
12.2747
5.21813
6.83087
0.000843364
19.8621
6.703
4.82864
3.69251
1.95754
18.3096
18.106
18.6028
11.2978
15.6454
5.10566
2.02634
7.45303
7.922
14.2997
5.76826
19.4114
13.9829
16.9642
14.7953
10.142
18.0133
15.1896
8.10021
8.11298
15.4055
13.9551
1.33008
6.38502
12.6382
18.3567
0.0383273
17.8006
6.65444
12.9325
5.97973
4.93835
19.2957
12.4218
16.6638
19.9911
2.70318
1.34216
8.14029
3.49192
0.71212
7.48433
6.35137
0.504473
18.3343
10.1835
13.49
6.20157
11.0474
13.7572
13.4844
11.3576
1.42765
7.63291
1.16502
0.645916
13.8688
10.1226
12.4031
14.9557
14.6653
19.2916
15.3066
13.7084
12.0865
14.6243
19.2917
7.63847
15.3927
5.53464
11.7139
8.49266
4.72179
5.70915
7.88814
17.4003
5.55785
16.0938
0.178134
7.63545
4.47617
19.6245
12.1964
14.8391
17.2343
0.576673
13.2731
10.612
10.1559
1.60351
14.4318
16.2357
11.4583
15.8758
18.4248
13.2253
17.6599
9.85179
11.1059
17.1645
1.85471
2.6476
17.2653
13.8741
0.128778
10.3617
17.788
17.4776
1.15766
11.3934
9.82115
9.34549
13.1959
19.5919
16.0942
16.2543
13.6676
14.9612
8.4407
7.37595
1.72574
0.0696111
5.83366
18.1459
3.3851
16.3231
8.54011
19.9
16.5766
11.8538
3.45414
10.7899
10.0969
17.5982
3.00886
7.21171
5.92703
8.26298
7.79499
7.10254
7.27228
4.67428
12.887
11.0675
10.2348
4.62987
19.4286
7.06952
5.85775
0.605076
2.83876
11.3245
7.3401
17.1287
3.16524
14.9655
0.179366
16.445
6.81833
7.65404
16.254
6.22403
12.0013
14.7017
15.3635
14.3853
3.08034
12.1144
14.4926
3.06807
1.67761
11.2697
4.36573
12.5035
16.4644
5.45214
17.9535
14.7446
0.506095
8.5279
17.1139
15.9384
9.41416
7.50689
13.2514
11.6425
4.98587
17.0061
11.8674
0.617736
11.332
18.5462
0.438423
13.066
9.11887
7.36784
1.84003
18.2328
1.93261
14.4207
12.2584
19.7974
1.48144
11.0116
1.38063
19.5469
4.95961
9.56429
19.1299
15.5387
18.0923
10.3696
3.55389
4.11582
8.29034
16.7259
6.74939
17.1157
11.0952
0.30018
16.61
16.1507
9.95034
19.5631
14.7646
8.92036
7.69129
6.51425
17.2334
13.9086
18.1778
2.63873
11.2613
9.90319
2.03242
2.17261
18.0295
4.12835
9.15782
15.7503
11.2974
13.6256
5.187
16.9608
1.96051
0.0698859
16.0436
8.19364
12.701
15.2787
16.7737
4.18223
17.3621
17.7402
2.0273
17.9906
16.1425
19.0007
4.08795
5.12292
9.35732
17.1893
9.43432
8.40375
0.155905
4.58316
6.38682
13.1404
15.7313
19.9802
17.8005
4.49013
16.8733
10.0241
13.864
14.5843
8.72064
11.2892
19.3539
15.9888
8.25008
15.1556
12.4459
9.34302
2.38659
0.799523
4.97073
4.0163
6.77192
4.07468
14.7977
4.92252
8.48824
2.39537
2.4665
18.3986
16.5227
1.24025
17.969
0.183529
8.91332
15.0837
3.25661
6.90845
14.5313
15.9251
17.1638
1.77408
9.72966
10.8983
1.72854
13.5646
19.5513
6.51411
15.445
9.56156
10.8028
14.7302
19.4445
11.5856
3.59451
7.37323
8.54634
2.34786
5.46853
1.73735
13.286
17.9098
12.1284
17.536
11.4122
18.3456
14.0389
15.7343
15.2843
17.3641
18.222
18.6759
7.05261
13.1856
19.8699
1.4341
15.4314
17.1481
13.7869
9.16347
6.00436
6.6734
5.31926
10.1499
14.7784
3.053
11.4236
10.4742
12.1745
10.107
8.84388
19.0609
8.97128
6.54376
5.66169
0.579118
14.2796
3.05888
8.37853
2.36805
16.6406
12.9451
3.78019
0.872886
5.42397
19.9959
16.2617
3.39836
16.7087
7.94556
1.25419
12.0176
18.2858
0.146855
10.1008
3.31634
10.6122
10.2371
14.038
11.8684
19.0003
10.7135
9.8077
6.02419
5.39563
19.2965
19.6091
0.204749
17.974
4.30672
19.5628
12.1026
16.8965
6.57289
17.5757
1.22293
12.2816
11.0879
16.8913
11.4767
19.2767
17.0039
4.35479
5.76573
10.0977
2.41352
0.590402
18.8823
18.8936
17.5253
10.1958
7.50974
12.9188
5.95414
14.2961
7.7722
0.0817371
0.74442
17.2719
19.6039
15.3504
10.2541
13.9935
2.39943
5.42995
10.292
14.8273
5.34342
1.12147
18.8578
18.1368
5.80492
14.0959
9.04579
3.74911
17.0487
8.68488
6.86268
0.0175293
5.84583
19.0077
5.48074
19.6135
3.53975
7.52729
16.2499
5.52742
12.2247
9.45017
0.303001
8.11382
14.3753
13.5257
13.2315
11.7767
19.5537
5.14008
3.83047
10.7417
8.54951
4.81012
19.011
2.50692
3.58077
7.80027
18.4518
19.7511
15.0012
8.57518
15.9798
10.5869
1.81876
14.2231
14.2961
11.8102
8.16913
3.32153
17.9921
5.51082
8.43498
0.117756
11.5477
0.407321
12.6737
4.49776
3.14099
4.68494
3.64189
9.14656
9.46219
18.1064
19.6101
19.9776
3.29099
7.35258
3.24615
7.72994
10.4797
14.1705
4.05669
6.08507
17.2044
10.8904
5.49516
8.55277
13.4132
18.6073
18.6453
1.36944
10.2632
10.813
12.4657
9.93939
1.74468
9.77663
9.83257
11.8158
13.827
3.45237
16.865
19.4304
12.9028
6.65315
4.17379
11.2237
10.4436
18.605
16.695
12.7358
17.2981
3.31646
8.06935
14.9484
1.28245
7.18571
13.4053
14.7616
3.74638
7.13782
11.8404
3.07706
13.8115
10.0701
12.0487
10.348
5.34474
19.2872
2.80633
18.9253
13.6302
4.03939
19.7492
8.04017
10.5728
16.0181
7.43734
19.9648
15.3087
3.39594
4.94137
0.860979
13.7568
8.11349
15.9939
15.5147
0.839244
5.35712
10.3445
14.6681
5.9763
8.74483
6.21747
1.96313
10.8058
8.77783
1.7652
10.141
14.1354
17.22
15.5761
12.892
10.8005
13.2338
19.9065
14.1797
12.5009
16.9976
14.1915
10.5086
3.70697
3.00603
10.6956
13.9932
1.18772
18.7822
7.97498
8.31467
17.1546
1.98053
0.107381
8.07352
6.68949
14.0804
17.025
18.6654
7.09701
2.21373
8.09384
5.27406
18.4211
2.4919
15.5773
11.625
0.407728
16.3337
3.86004
13.716
16.5879
19.1854
6.2371
18.7711
17.794
12.437
6.24181
12.4684
13.6561
6.53625
9.94625
4.50546
5.11078
6.87494
11.272
6.07655
5.58405
9.24048
9.42619
13.4511
5.06018
1.50623
8.75104
8.94842
7.77815
0.635314
19.2399
1.25623
13.9305
9.89963
7.61882
18.0381
8.01367
0.402738
18.9233
11.9574
18.7749
16.4044
18.7797
19.2688
5.90306
15.3087
8.31288
7.50827
15.0172
3.98296
14.0962
10.3866
14.9376
14.2366
18.0401
8.26791
11.966
7.06084
19.4279
1.43199
12.9413
1.49829
18.6529
3.63462
3.46845
18.9864
13.834
8.94724
1.30319
7.44715
13.7553
2.9772
17.7239
3.18076
15.1775
0.57656
15.6283
19.0751
2.82394
19.621
6.85752
10.8532
2.42847
11.885
13.7139
6.86377
2.18293
7.05373
0.506433
11.1593
14.9188
2.01395
5.409
2.1574
10.6709
19.8231
2.53053
8.41762
0.519556
11.0397
12.2013
17.6565
6.62653
17.9051
19.4517
9.82366
8.51982
14.365
16.8102
17.1187
17.0208
9.7216
16.0309
10.9878
0.958608
19.5182
5.25685
3.75868
1.67648
3.9911
8.38089
1.0165
13.0622
14.9511
18.97
13.9225
15.7279
0.194921
2.2891
16.5327
12.0652
14.7072
1.23642
13.0927
17.867
10.7277
16.9138
18.0535
2.34476
6.52615
8.42604
12.1869
7.70946
9.89843
5.63025
18.2715
13.2278
4.31461
13.4104
18.1977
15.1758
19.011
19.9417
15.6416
15.6109
13.7257
15.6699
18.653
17.4745
7.04442
2.76598
11.4005
0.121086
15.397
2.77663
18.6736
6.12505
13.1639
18.1165
16.7618
10.2827
9.77972
14.7122
15.6073
3.16322
10.1531
11.3719
8.17168
3.24699
16.2458
0.179407
9.44858
12.9121
4.97137
10.5382
9.33677
1.68519
16.5345
0.517849
6.78321
17.0732
5.76773
6.91488
10.4066
15.028
7.1629
5.68839
1.89336
17.5991
12.7802
15.8671
15.9218
0.742791
8.56397
13.7133
9.43019
19.69
8.5377
19.3669
2.13729
0.0308953
11.7631
8.74967
6.21753
0.859094
5.59574
3.7088
1.99357
18.9938
8.30984
11.8871
6.6941
0.692266
5.36768
14.1959
16.3704
6.93351
1.42711
16.492
5.78648
3.85183
19.7978
4.9048
16.4347
13.4577
0.481561
8.84513
0.728164
19.4286
19.2278
4.36555
6.46224
19.3293
5.23621
3.5744
19.7914
15.8188
4.03911
10.2842
19.524
12.0142
10.3675
14.0404
15.1014
3.86711
2.57319
2.35557
9.26548
1.03024
5.02697
1.00323
18.4618
14.6379
5.33199
18.6153
8.14584
0.417164
10.966
5.27878
14.5703
16.212
15.4674
5.7095
13.9678
4.74369
15.3984
3.52161
6.13578
19.4806
17.4292
15.0124
6.25917
2.91046
7.64394
16.8617
7.46626
17.9191
19.6091
1.37883
5.15124
10.9219
18.8585
9.57391
10.656
17.7618
7.36292
10.0509
16.2997
15.2336
4.34122
6.14838
11.953
0.705069
17.0062
8.9966
0.00471167
14.1015
14.9493
2.25947
8.19967
12.0954
7.01823
9.77907
14.9889
19.5571
10.3402
4.3522
0.565018
19.6589
1.81288
1.1753
15.1943
7.24244
16.1415
1.5084
19.1671
5.03427
4.68546
7.03837
1.19663
13.4323
7.86999
0.523792
6.21459
6.70658
2.231
19.9489
3.04998
10.094
19.9375
1.23286
13.2714
15.2052
0.247831
18.5367
3.82527
0.515911
18.0535
14.1331
6.62769
3.53693
2.2572
18.3478
13.6221
10.9236
18.6039
15.0618
16.5269
12.4976
13.7895
0.218421
18.5257
11.5046
3.50551
8.69626
7.92031
4.53315
10.7208
11.8086
5.88531
6.43978
19.1234
17.6447
7.46003
12.8067
11.7311
16.8345
0.0398141
1.84867
0.969013
15.161
14.6222
19.8337
9.9882
2.1264
16.5623
12.3783
2.99602
0.0275944
10.3181
10.8662
13.9977
6.92178
13.6167
9.37671
1.49445
17.6792
5.31017
11.2615
19.5831
17.9125
1.13587
4.01841
2.18995
10.6409
7.40797
0.782227
2.79749
15.5993
4.34787
10.1725
18.6892
10.3141
9.34877
0.258632
9.87255
16.1303
13.5349
3.98068
1.82852
11.0114
2.20638
3.78057
7.16739
8.76242
4.47785
0.401644
11.2023
13.3696
6.51265
7.57209
3.93554
6.93235
8.54766
3.57888
18.5622
2.47032
2.81974
18.7589
16.8345
8.50052
1.84591
9.31286
10.249
7.65255
5.74518
1.31326
8.07844
12.6002
6.69472
5.28029
5.24555
1.25706
15.5958
17.2857
7.63042
11.8518
2.24473
17.1337
0.813641
10.6609
18.6123
6.13162
3.59352
2.04585
4.39994
3.40061
0.716901
12.6009
15.8442
13.8744
15.7302
12.0787
2.71387
16.3173
5.16432
19.9243
17.607
4.27695
10.2974
12.0437
11.1575
11.7223
16.8278
16.955
4.53069
2.64705
2.64228
7.16914
13.9329
18.7866
9.55238
16.9521
18.4412
5.4768
10.1862
17.1253
18.7511
6.43578
18.2618
1.55623
1.47619
16.6824
9.46496
1.62095
14.0556
14.4744
7.80952
1.06952
2.9631
5.54895
11.7354
16.8448
14.8125
16.9969
18.7441
19.3556
13.0192
2.05151
13.4718
13.7445
15.5328
8.65365
0.440004
15.5769
10.447
16.323
10.0766
10.1404
1.46521
4.70973
5.97933
14.5254
8.01571
5.83876
9.77002
4.32501
7.88828
1.9951
11.6127
2.92182
14.2569
14.1379
15.7637
13.708
5.585
1.99226
1.84393
17.5026
8.25992
19.8752
6.61616
12.9008
12.1006
11.4449
10.2579
0.648579
15.3289
17.6716
8.13708
3.99583
7.07696
16.6708
11.3385
18.0739
13.7007
2.10062
13.7406
5.51758
0.13863
17.3694
11.4966
17.2709
13.2112
15.6789
11.0683
0.564199
14.8809
18.8614
2.37932
19.8415
15.3562
14.8743
7.07499
19.0167
7.10493
11.0573
15.033
3.55746
4.79327
4.33221
18.9846
8.77945
6.71963
19.786
12.388
4.12755
14.3072
10.7042
18.6663
14.9414
9.55944
1.29723
7.12304
5.66193
4.50368
3.6873
11.2374
7.35039
14.2323
9.15224
10.3569
12.4187
5.43466
5.3055
16.3878
8.43332
7.99534
6.80986
8.14477
6.44236
10.9914
1.51901
11.8497
19.2912
4.69271
10.5487
0.920745
14.9937
7.44134
9.8291
1.69352
19.6395
8.82006
14.2704
19.9558
15.5451
0.556527
1.33701
12.2759
13.704
16.7828
8.91904
17.5038
7.70111
14.6701
7.75539
1.70494
16.4288
2.08456
18.9614
2.40467
1.97496
18.5562
6.76579
18.8634
10.1216
5.57669
15.5119
11.0279
6.62865
18.3442
14.2757
0.939517
11.1093
6.00265
18.9927
1.40696
16.8099
9.2405
3.03176
15.1382
1.29486
11.7165
17.7143
16.044
12.0718
14.4879
15.861
15.2282
5.60428
9.9883
9.1668
14.9546
3.75123
4.14734
13.8619
16.4862
1.95918
18.5348
3.32695
18.0475
18.6101
0.483227
19.7267
8.10413
10.1573
4.95012
13.8607
12.4933
1.34184
9.73221
5.74971
13.3605
2.00538
6.02875
6.78137
7.18985
2.82437
18.2597
4.76168
14.4268
18.7025
10.59
6.36124
4.91372
2.21358
14.2801
10.7268
0.41546
12.2078
1.06793
17.2613
16.5188
11.9128
3.78485
2.1372
5.00384
7.96851
2.44459
15.4248
12.5876
8.93828
13.1146
16.9012
18.3931
6.65073
18.9963
7.61812
19.3124
18.1199
11.3103
4.45874
18.1938
5.79066
16.9241
15.8129
1.56775
12.956
14.7841
2.23055
18.8157
1.26876
13.782
9.15631
17.0501
11.3764
1.9892
4.16201
13.9365
15.2257
13.8135
7.79245
16.7222
19.1655
19.9254
6.79684
11.2992
2.47545
5.34216
13.8649
11.9263
4.7926
16.4203
13.1445
14.1112
13.6198
16.9831
18.5709
9.4951
14.0098
9.79688
4.86506
3.5713
11.6763
13.5844
3.56038
2.43281
19.0876
15.3878
17.1606
8.77241
18.7927
13.7419
12.4147
18.6551
1.02805
10.7764
15.4079
5.80738
4.77184
14.2534
8.21199
19.7535
12.9014
7.65464
11.6661
19.5395
16.3286
16.4196
17.6516
9.41748
14.5675
10.0246
17.4099
10.0364
5.42159
8.31601
2.55148
4.0145
5.32679
17.3563
10.693
9.61484
8.79485
12.7465
17.6594
3.28861
10.0275
4.1809
16.4644
16.2809
9.90361
1.7694
1.00809
14.2528
12.2251
9.5803
2.28358
16.6433
7.26719
4.08444
1.36431
16.5035
2.09601
15.7189
8.74983
7.09283
16.8958
14.4642
0.389771
3.04707
8.90579
6.08216
6.65493
9.02906
18.1127
7.09622
2.53554
15.7775
7.87189
3.29062
12.3586
6.45429
0.549883
12.583
5.00111
16.8598
10.5074
2.60825
5.39315
18.3868
5.29128
9.3806
13.0245
10.1748
7.76539
0.936297
8.61425
2.24147
17.8881
11.833
12.2908
18.5752
1.14509
13.782
7.17545
11.4282
17.0349
15.5938
14.3962
17.7691
9.89973
11.3135
18.0696
14.6174
3.4661
16.4214
4.08554
2.76272
13.7603
11.1846
2.82906
17.9212
12.0512
5.84994
16.9355
6.19308
9.65208
1.68105
13.4643
19.5591
9.20871
13.6897
11.7734
12.9241
6.75483
19.3992
2.61216
13.7767
11.3456
16.7148
13.7549
1.62001
8.62395
6.18491
14.5682
2.22384
