19.7414
10.7992
17.9696
6.13492
9.99111
3.83219
9.09116
3.03832
0.931403
7.32718
2.53245
19.5999
4.00379
2.69295
1.05044
0.929171
3.61329
16.3287
2.24491
2.14695
8.96206
3.94032
17.5874
16.7599
8.7055
12.4577
9.92576
1.05755
11.8876
13.7873
19.6616
0.656868
19.6151
11.971
8.63566
1.65534
12.5655
0.0359974
2.50589
14.8012
11.8813
8.42256
14.0128
9.85776
3.5275
7.33245
0.360366
0.941959
13.35
8.35828
5.03051
9.61284
9.1682
5.29427
7.05498
14.2405
11.3707
11.279
4.19954
10.0001
2.06591
0.994645
5.86839
18.657
8.68683
3.64752
2.26843
15.3547
13.1252
6.08732
11.1629
11.4425
6.79301
7.45377
1.49941
7.00927
5.95898
1.32256
4.901
3.09403
17.7933
19.2514
12.3719
17.8284
12.0188
2.36079
18.5004
6.7114
5.98264
1.20276
11.8579
4.74416
12.1352
12.4601
6.83896
2.62261
13.484
12.8544
19.3109
7.43246
3.31783
14.3729
9.36949
16.6588
14.693
1.3207
17.6726
11.2583
2.30101
5.48008
7.53933
3.92634
18.6119
6.45015
13.0248
17.9262
13.833
17.4916
15.1487
5.40847
0.0857226
9.63649
14.6231
18.312
12.6801
5.74589
15.4382
3.34949
2.76492
8.18738
5.34758
16.7151
9.49131
7.31619
9.42849
8.5118
4.91316
8.97355
13.5624
10.4348
9.17188
11.9682
6.48745
17.2263
5.26607
1.4191
1.34844
15.1527
7.91076
2.14528
0.809719
3.59224
11.5019
10.4508
3.92312
16.2912
3.97862
9.85461
14.613
2.35134
17.4121
7.72678
4.54068
0.164908
13.3371
16.9205
2.37551
10.287
16.5901
19.3802
9.67216
6.36363
10.0644
9.12709
4.7201
9.73314
11.4074
13.7689
8.24892
8.83648
9.20686
15.5314
12.7868
3.60371
4.88914
9.28715
1.09233
6.72254
9.70931
18.5227
7.90411
7.30417
13.7979
12.0163
14.5132
16.7646
0.917269
15.3267
6.91055
7.22987
1.83109
11.473
16.3696
9.86262
0.356406
5.33763
8.31067
1.42305
4.79398
6.43174
19.6466
10.8469
10.6582
19.8202
10.4866
2.37895
7.99807
6.17974
13.7046
3.61043
2.4368
0.327969
4.23762
1.35894
15.815
9.06809
14.3636
7.12327
13.7241
12.3877
15.718
0.951321
6.8351
17.9796
15.3141
4.73464
6.68318
1.15402
0.608407
5.97699
13.0916
9.93991
15.9435
12.1616
5.73342
10.4909
15.1134
9.74066
15.9812
6.35185
3.81483
15.9505
8.59117
9.91887
15.1783
9.71434
8.28565
2.60601
0.015449
16.8011
14.7946
5.49587
14.6731
18.078
11.2622
12.1098
17.9193
7.39089
2.08702
12.1441
6.14607
3.66612
16.4771
13.5681
3.10897
14.6906
14.1082
17.4202
7.52873
0.140965
1.89284
1.07154
11.3073
0.975386
9.63648
13.7269
17.5991
4.00558
1.15016
10.5737
1.92044
12.9337
9.66874
14.8911
17.7505
2.01218
16.1593
15.3031
8.16544
14.2971
2.98896
10.8725
1.25234
8.53812
4.16372
0.85454
0.431189
14.141
10.3539
8.83081
12.0542
1.68202
3.80643
16.0941
19.2848
17.9008
18.0093
17.5144
12.9239
17.6021
13.2095
4.86149
0.366975
19.2402
15.4515
17.3078
14.617
15.2321
3.6638
12.3103
7.3908
5.13558
16.7007
17.5869
10.5297
5.15341
19.0133
7.1708
0.896065
0.839676
16.67
3.88965
17.2586
9.47251
5.07996
10.5492
7.36077
8.95135
11.7465
2.37495
13.8574
17.4923
15.2574
12.1437
17.3044
7.03994
5.08087
8.14074
15.4992
8.42709
1.24209
1.31737
8.49964
0.551341
7.91308
19.6612
18.4389
14.6568
15.0979
15.3579
5.91008
3.57653
12.4029
2.39034
3.40846
8.31158
8.42768
11.7624
1.46085
14.8337
1.46568
18.374
12.3999
15.6534
10.9542
4.35771
7.17719
12.8701
17.9158
7.58212
17.3404
1.76325
5.21789
3.35243
10.1695
15.9388
1.73641
9.63285
7.37106
7.05503
10.2433
18.5637
18.5139
9.81211
4.34194
7.3053
13.2098
16.5293
13.5131
11.8146
0.916906
16.8929
9.38121
0.174269
11.4598
2.34235
0.172685
4.48604
14.4254
12.7701
10.8993
6.83505
10.3617
8.48103
17.1152
9.81682
17.1013
16.5601
3.14299
2.40196
15.302
2.88254
17.3385
7.66457
18.975
13.622
0.570207
14.2722
7.43412
4.40331
7.85293
0.0576371
10.4565
3.99743
3.15499
17.4238
14.8095
11.6017
3.43998
4.45788
0.793439
8.99034
7.33477
3.15375
4.05371
19.5347
18.9431
17.7397
18.915
17.6118
11.6851
3.32515
3.88901
19.0887
12.3009
5.68708
7.36802
0.761743
6.5482
18.1023
7.69143
11.9903
7.82812
7.5544
7.66573
5.05173
14.0898
15.0233
14.9671
14.6803
5.94403
3.98699
1.44759
16.2124
10.7658
11.9766
18.5077
9.25188
10.4841
3.58348
17.1983
5.70633
12.993
10.3272
8.31539
11.3326
5.1141
12.9976
15.475
7.27472
1.84453
11.3977
4.81
4.57295
19.9463
7.51785
6.75045
8.36206
9.94697
5.18807
13.9972
9.14461
18.7562
8.27706
6.92706
3.06857
16.144
16.5082
4.03827
3.20216
19.0275
13.0338
11.0323
18.7178
0.538849
7.85295
4.66706
1.10158
10.9808
15.2953
17.9082
6.00184
14.2963
9.23128
14.0111
17.4697
17.8411
7.51417
2.79415
5.77679
3.66372
3.56938
16.5598
17.542
1.17025
17.5421
13.5956
9.06009
19.4945
2.21711
0.680598
17.1078
17.893
9.09485
5.26107
7.61945
12.3645
5.85576
18.3988
9.70249
13.9423
11.4103
2.73514
7.14144
3.92085
14.9349
19.4904
15.4646
19.5237
12.4259
0.153215
11.119
7.57602
0.640656
16.2506
17.5155
6.56808
8.8209
14.249
16.5073
5.43751
18.0878
9.69736
10.6237
15.8853
12.2128
1.05122
0.672841
8.25706
9.14558
14.0698
1.2006
1.30049
0.567693
5.64172
10.6242
6.37239
12.0748
7.3109
9.84284
0.402503
3.99013
13.264
4.81676
8.57628
11.1934
18.7557
0.525745
9.8369
2.83176
5.1641
8.66462
9.40375
4.16673
12.8026
16.8905
19.6375
3.51069
14.1494
15.3233
18.8315
11.975
4.08325
13.1824
6.72255
8.97463
6.82689
4.66574
16.2249
14.5867
12.4067
12.3514
2.94811
11.4151
15.1441
0.211883
16.7338
12.2236
18.786
7.73099
7.99234
5.84428
4.08388
14.4451
17.2444
16.4002
4.43725
4.93789
13.4915
4.682
15.9541
8.05541
4.49533
7.72894
15.7578
17.8709
2.5083
13.9864
8.56073
2.09811
18.9397
1.24856
7.00601
6.4289
15.7769
8.35538
19.0163
17.582
8.87199
16.5393
2.31445
6.42964
9.55941
12.6676
7.99665
18.3505
15.3256
14.9935
18.6432
17.5265
13.4765
19.2476
12.0466
2.83086
4.4698
3.58248
18.4969
17.1283
13.6468
5.42428
12.5956
5.91256
17.5887
6.87715
16.4645
18.8715
3.49603
5.51382
3.58508
19.942
7.86304
15.9227
13.3082
12.4789
8.97012
9.60674
14.1071
7.43648
1.96459
1.72221
5.22187
11.3905
17.8632
10.5111
10.2417
16.958
2.919
13.7993
13.3837
18.1036
19.158
8.39887
10.9128
12.3361
7.14631
10.6474
7.04165
14.5776
8.29117
5.49173
1.96239
15.7446
13.8984
17.7029
10.3514
19.5468
14.1814
16.9602
14.4354
19.8383
5.7534
0.769742
7.42026
15.9055
10.6723
11.8734
5.01895
6.94269
11.1228
14.1909
13.8891
5.39033
1.23708
16.5243
11.9895
1.4115
7.77737
16.3398
9.17889
16.1224
5.92985
0.274736
13.0177
15.8629
11.7436
18.3719
15.8763
13.5176
17.8569
6.39533
2.35309
18.2806
8.49993
13.5819
17.4376
17.1762
13.8214
6.82513
0.164845
16.727
8.56125
4.61022
10.9273
1.66701
7.38275
17.9019
17.2743
19.5775
13.4861
7.88481
9.72502
10.9902
19.716
7.87527
1.68477
16.3936
8.5962
5.96481
11.6268
16.7412
11.7161
3.17793
19.2931
3.47991
5.57565
2.68917
6.71227
14.6366
8.89537
12.6867
14.6339
1.34845
8.12698
16.2501
9.10795
17.1304
13.1423
6.208
14.6267
6.9327
14.8908
0.210296
5.36071
12.8738
7.33439
12.4308
8.81826
1.82786
5.73313
6.14237
10.1008
9.99243
8.86263
19.7088
17.9984
4.79869
1.28888
11.1706
8.84113
10.8321
15.3179
4.25283
8.42057
10.3117
15.8102
10.8036
19.5747
10.7217
0.164878
6.88194
17.1267
0.178162
1.70262
12.3776
19.4078
2.15593
17.049
10.6506
4.73497
6.21397
6.24483
19.8167
8.47867
3.14764
5.40156
11.8129
1.09347
4.04273
11.625
7.95901
12.0525
9.8025
9.48451
8.36807
6.17662
9.26614
11.9778
2.29499
5.48879
18.2413
13.7911
0.449206
18.3268
6.72522
16.0551
4.26704
18.4448
5.65999
19.0801
14.9864
0.740335
10.5937
11.3563
7.31316
15.2222
7.57505
6.26511
9.63979
14.7576
14.672
2.66629
17.9192
8.29806
19.9012
16.0582
8.55728
11.2303
19.1351
15.1214
3.21915
18.8465
7.22872
7.26686
9.8211
3.76053
7.46967
1.32855
12.7735
12.8203
9.08206
18.8316
6.05953
17.9261
10.9903
19.4592
17.3296
2.95974
3.28728
14.5564
17.6454
18.2935
19.5124
10.7343
2.66957
13.2981
9.44797
4.53793
16.2333
0.427166
16.6133
10.4013
19.9336
2.4438
14.2547
15.737
2.33359
6.63281
19.604
0.174852
10.6817
2.72928
16.9984
15.2537
11.3819
1.68894
2.25867
17.8665
1.13971
1.28
14.9625
17.8299
10.2365
1.45442
11.9178
2.73475
1.39456
10.1102
18.4298
3.51816
3.35693
8.71024
9.32885
9.74768
13.7844
17.8554
7.03325
6.13538
6.75686
3.98286
16.2473
5.87321
19.473
5.34368
8.90637
7.83339
7.31464
11.3245
3.23521
10.1077
5.46088
2.99637
3.09911
18.7984
4.22169
1.28261
2.23485
6.58807
17.6148
17.957
17.173
6.70573
13.8513
16.7267
4.45514
10.7321
15.0355
17.6897
5.68415
17.2907
12.342
15.0649
10.318
15.1914
0.153381
9.65498
12.6667
12.9414
4.54187
0.226981
14.5228
0.112303
7.87568
8.11992
15.4413
17.2124
15.4693
16.2411
6.0018
3.74149
7.90969
4.11776
1.52637
1.18338
8.19046
13.5317
14.2312
18.6154
8.42271
11.3106
3.07364
7.06718
6.30315
3.21524
8.2156
6.6805
5.48869
7.57073
17.9737
9.77033
2.39114
11.7483
9.6931
18.3956
5.32177
4.75493
4.60101
5.75873
14.6034
0.795822
14.2531
0.975934
15.6471
19.5882
12.8072
6.49695
19.691
13.5579
0.511742
6.5595
1.64085
2.00999
18.4232
19.0997
1.8167
12.1838
1.43478
7.4975
14.556
5.13463
17.7165
2.23735
4.34207
15.9468
