18.6362
6.45606
8.47251
3.8675
8.14719
18.5297
11.3697
18.1937
13.2601
3.68593
2.38336
15.7069
14.057
3.92656
18.7918
0.761624
15.0014
3.15272
4.81979
1.68974
9.11921
5.86315
10.1588
11.3308
6.71103
3.80648
10.3177
7.43924
3.92024
15.411
12.07
2.10061
11.9155
2.25989
13.7283
2.09751
2.27777
14.2397
12.7186
0.905242
10.1046
17.4951
4.41741
11.905
11.5473
7.0847
3.88861
9.61181
11.6198
18.317
19.8576
14.8899
14.2729
10.6264
8.86513
17.3254
12.5215
11.7595
11.1321
8.67659
1.54915
11.5116
7.26738
7.62461
15.5806
7.80785
17.999
12.6931
17.3098
1.06035
10.4009
5.9048
5.67525
19.1066
8.15389
18.0502
4.88812
15.4387
10.2103
17.1104
6.26123
2.09793
16.7731
16.593
14.7771
8.70998
1.23934
1.46787
15.1647
15.8336
12.2831
1.26675
1.30271
10.5301
6.75235
4.19125
14.2619
14.9136
3.66442
6.61218
17.9426
10.3466
10.462
12.7816
4.2842
14.5461
13.9148
12.1401
16.7958
5.21195
1.64331
8.89995
16.2295
6.08042
4.69143
16.5556
10.5945
7.93784
0.510261
15.2323
19.5107
16.4119
15.5466
7.10117
16.0344
12.0363
2.14782
4.23498
14.4864
17.7583
2.62719
17.3439
16.6829
4.28345
6.19615
3.82438
19.974
12.0021
6.28959
10.6031
15.5692
8.18673
6.92148
9.07752
11.713
8.85231
16.8898
16.9618
9.39024
15.7587
9.73564
16.7285
12.8059
5.66656
4.75682
10.0952
12.1921
14.7012
0.0184595
14.2009
11.8443
6.68791
15.2092
17.8573
3.52009
17.2268
17.6289
2.87961
8.82723
17.6014
8.60137
0.244929
7.83848
18.4958
15.2253
10.1557
3.74896
2.96938
8.82952
12.5371
6.63265
19.58
15.6124
9.63942
19.7163
18.6148
13.8872
6.9063
8.18605
3.06885
0.0258099
14.6047
15.8968
19.4336
3.69363
2.08268
3.99657
17.5829
12.1518
18.0425
8.32303
13.2296
8.23395
8.6592
4.73309
8.45938
1.14125
14.1798
17.7235
10.2097
17.3079
3.28241
16.1614
10.8982
13.4318
12.3313
0.869492
11.049
9.60049
7.75692
19.1263
10.344
10.9622
16.6236
7.9272
15.2202
9.09426
19.0465
19.3398
1.21435
7.4746
7.02515
4.36408
2.59922
9.65409
5.82532
4.70635
18.9514
15.4274
17.2589
15.4037
11.3652
4.92635
7.74439
1.24925
16.9367
18.2591
2.34484
7.68616
0.707157
10.2191
0.935823
14.0818
13.8253
14.5358
5.88993
18.7704
8.317
9.04642
11.2857
13.1973
15.8321
10.426
16.4504
11.4661
8.90547
12.8678
12.9515
14.7679
2.17939
3.75691
3.72393
0.460561
1.04963
19.0548
16.9841
13.9016
6.89962
12.0428
12.443
10.5696
6.7606
9.17509
18.0399
0.727812
7.10234
3.52823
3.44477
5.08151
