15.507
8.77111
3.92347
3.82162
13.9677
12.6121
9.03622
13.7635
11.0661
5.76368
3.80198
1.70944
19.8912
1.49886
7.73014
14.4163
0.715625
17.1694
17.6571
19.2447
2.95951
6.48618
3.15829
19.5013
15.1427
7.03587
0.369112
0.00553503
16.9607
5.05958
6.47058
6.72802
3.56023
13.6678
8.93237
8.06164
7.05475
5.5539
12.4728
1.46371
15.1816
5.89863
9.03977
18.0927
15.3281
5.28514
17.5241
0.313624
11.0674
19.2231
8.47701
2.753
2.17423
14.4804
12.3216
6.79896
2.16023
3.47875
4.2287
17.6766
19.8698
6.96438
18.0519
0.466807
12.0475
15.4174
14.1293
13.8325
15.2009
5.69042
9.63536
18.085
11.1977
13.723
2.86013
4.60737
9.03003
16.8141
5.88348
18.0993
0.34696
12.8824
2.67649
16.5658
1.93108
5.47209
15.5737
11.1502
8.44482
0.416909
5.98477
3.95239
16.7335
2.02443
7.86816
19.611
4.5985
8.72974
2.74494
14.3161
17.6582
3.1441
3.4832
2.5715
0.910786
2.5677
11.4561
15.9731
3.92499
9.48775
2.36992
10.8399
7.58342
9.0593
18.6264
1.13851
0.698549
8.24835
11.9857
15.6416
15.0406
11.29
2.65963
13.5849
13.8326
2.70019
1.12359
5.92914
7.6371
2.28364
19.4396
16.1542
2.3239
2.14809
4.56136
12.3369
13.5013
3.37602
17.2824
8.33053
2.46018
6.58355
5.48437
9.24017
8.76637
13.2455
5.46123
4.51043
11.3737
16.1419
11.6545
6.86342
17.7192
11.487
16.6229
9.97392
8.83719
11.9047
19.3257
15.1601
15.5615
0.849614
4.41307
14.9819
0.141954
1.68757
12.5118
18.9745
13.0785
3.15574
0.498611
5.13916
6.70806
18.0789
14.2434
10.5561
15.518
7.25698
6.6218
14.422
17.2864
14.3841
10.5807
11.1237
0.271081
9.71733
11.1935
2.66791
13.771
13.7197
9.84388
10.7602
5.99845
3.11484
0.484131
7.13853
16.0468
14.6261
4.6405
8.29187
2.6396
11.5536
5.28045
5.97081
3.18695
6.15627
13.5561
14.152
18.3349
9.77542
11.2199
18.5094
10.6329
3.45038
6.31917
5.54213
19.3287
16.788
0.553661
6.18733
10.5622
8.41282
12.7864
9.83291
18.3829
17.2714
7.72744
16.8389
2.24895
18.5717
3.85071
17.7543
14.3584
7.36847
9.11453
7.73454
10.3782
19.4854
5.87023
7.662
9.59159
14.9813
0.86175
18.9663
3.63707
5.592
3.66537
7.00829
0.0383674
10.9105
6.88805
9.66429
11.3229
0.642547
12.9852
19.8941
9.82222
19.1682
1.54142
3.37154
19.8478
5.20093
2.53521
17.9657
16.7455
7.08401
1.04168
9.40268
17.4027
5.76676
10.8729
15.5755
17.9069
19.3584
10.0751
5.8524
3.00713
12.9935
9.47721
19.68
9.32532
11.5791
8.77741
15.1063
16.9283
12.6954
17.0855
12.5086
8.77643
10.538
5.67931
6.62188
6.56892
16.2836
8.87664
13.0674
1.99776
15.3795
5.6983
14.6556
4.34204
14.7441
6.66798
2.60377
18.7187
15.6316
18.1117
2.7799
8.36714
0.930367
4.6818
17.5057
8.4627
7.86675
12.2648
13.3383
6.44568
12.3498
11.5899
1.39176
8.1963
11.3734
12.6113
10.2462
6.27678
19.8571
4.19545
10.2086
18.8205
6.26636
5.25739
17.9674
0.653388
16.0784
16.557
5.38005
15.5169
9.11176
10.6532
8.75195
17.1193
18.7448
13.6494
4.33462
11.7635
12.1739
15.735
7.16597
0.745427
0.232177
18.4866
6.28965
13.3708
7.7015
13.6882
15.5025
12.9489
9.69791
9.27041
12.4699
5.65642
7.73351
18.1246
9.21022
5.02768
9.2242
8.17083
8.55138
16.2576
14.5276
6.32315
2.98412
15.159
17.2795
17.3786
0.847375
15.7196
11.623
1.79936
10.8471
14.056
12.4833
12.1805
0.216744
5.20889
10.741
17.4971
7.02934
10.7948
2.67484
16.1703
8.05285
6.55744
12.0798
11.9131
18.1492
7.19981
10.3131
7.17041
1.11796
12.0839
5.06788
15.1986
4.52476
9.01795
2.69328
9.44123
7.45485
2.01409
6.92553
19.5203
14.7594
13.8975
1.05564
14.7987
0.896662
19.8241
5.64911
3.72908
6.50044
6.93625
0.241767
9.32049
7.02196
3.73121
15.6643
15.7083
2.67202
9.60299
2.63263
15.2783
2.2761
1.51338
16.2326
11.2153
4.61516
12.5045
3.9118
7.59189
5.82641
13.9112
0.973274
15.2023
4.20312
5.95194
17.5491
7.44418
18.0512
14.0133
11.2783
8.96226
5.76148
17.8852
14.4653
10.6529
4.9301
14.5553
7.10903
1.31971
1.82994
12.1265
8.08182
4.80463
7.41843
16.649
3.60052
14.6258
11.9929
4.79221
9.41296
6.7109
0.337536
4.91048
9.06983
16.9291
16.8559
5.38683
8.6619
16.8336
5.43384
19.488
2.6143
0.906787
5.0866
13.9728
10.4301
14.852
12.5458
9.49248
16.6528
13.9476
19.7637
2.38195
19.4614
5.13245
19.5424
8.31101
2.74466
8.26111
3.64128
14.1922
4.62521
8.94389
8.12531
8.50421
12.4197
15.1597
16.9841
8.87301
8.28319
6.04311
3.72553
14.2565
13.3869
13.3122
5.95178
10.476
17.8425
17.4045
0.153888
13.1086
19.3176
2.47873
4.0922
4.75099
3.26524
0.80057
6.22245
12.8905
1.67592
10.2186
9.06122
12.2507
11.2006
18.3921
16.5517
19.3095
13.8463
11.736
8.28715
3.15137
15.5114
9.46575
2.25763
16.6122
11.7194
13.8153
13.229
5.82092
2.38825
6.05019
4.87979
4.01927
18.0369
8.89165
0.384835
10.2971
2.35021
7.02971
5.40692
17.5272
10.7634
4.88287
8.75023
19.0931
12.3618
11.8007
7.18632
12.8462
7.43262
8.54187
10.7821
3.64962
18.061
19.8803
15.3154
5.03895
16.3068
13.4535
15.0903
12.97
2.38198
16.9678
3.00528
1.51719
17.3436
3.18286
11.1746
5.36921
1.74573
8.17156
6.89138
6.82567
18.8118
15.8903
8.48491
13.4882
10.8595
8.78427
11.5807
14.1307
1.89187
6.13559
17.5406
10.1139
4.5016
13.6211
9.39765
12.9758
17.8203
2.53927
6.34979
19.2466
16.456
2.23075
15.7266
4.32686
6.89243
6.87131
4.9049
15.5503
4.54934
8.32834
9.82433
0.925105
13.3521
4.14641
0.276612
10.8261
12.3682
5.89488
1.8402
4.57353
4.21317
19.4633
4.29253
16.3889
6.26397
8.46835
2.55299
6.49786
18.5859
15.2253
6.24773
11.8964
5.42238
11.0265
9.09146
4.19881
5.15359
18.9175
11.283
17.8699
4.23983
8.71273
9.62333
13.7291
4.21631
9.21795
1.81831
6.20318
6.46309
12.4051
4.37077
17.7817
17.8822
5.56126
9.28435
12.3291
13.5813
19.2055
6.40035
6.56029
4.03327
18.331
18.0874
5.78698
9.54488
1.52374
5.69093
0.305191
6.52278
18.2657
16.2058
1.99931
11.8155
16.9158
19.4993
12.606
5.39284
0.943641
12.9974
11.8267
18.8957
7.58454
17.5369
9.42083
19.0993
14.3893
8.75893
17.2893
0.656388
16.6263
19.8005
19.6728
12.4165
9.49263
15.5233
14.5505
17.1876
5.75263
16.0688
11.513
14.8877
0.764033
4.86396
9.02338
8.50085
10.3409
0.026285
9.32806
9.34361
17.2607
2.70899
7.46113
10.7679
10.0228
14.3777
18.731
16.7545
15.4324
8.88221
5.55268
1.75876
3.99777
2.32123
4.43355
13.5882
11.3433
1.17874
8.56516
5.07476
2.29254
11.7842
13.7889
1.29737
12.6154
16.9184
15.2697
3.34532
10.7606
12.5006
6.15823
2.84124
18.4226
10.947
4.02438
19.8548
16.0535
18.7715
12.9439
5.26523
17.7624
8.25632
14.5417
14.38
2.5766
18.5893
7.30145
15.0137
14.4234
2.00246
4.05194
16.1788
3.96821
19.9104
4.10842
18.4061
3.59438
10.1114
2.1192
2.7107
18.9224
3.0792
3.00669
3.01567
14.5976
7.66939
6.81529
13.3787
16.4236
17.8824
3.52334
11.3292
2.48382
19.8764
4.41216
3.56622
5.70916
18.5033
5.06732
7.16822
2.99051
13.0388
4.21134
4.77083
17.8661
11.1707
18.4532
7.2473
8.24104
3.7517
12.9383
17.5801
9.40893
17.4066
2.08304
0.427532
14.4308
17.5001
0.970428
18.8061
17.5193
7.27354
3.69465
13.3671
16.3664
6.61076
14.9025
1.19695
3.77793
19.1453
11.5802
9.59331
0.621635
11.3457
13.0236
4.75652
18.5241
19.4699
6.16961
19.4986
3.88613
12.6682
0.483688
3.37842
12.8266
6.60537
15.0018
18.0892
8.45487
16.7329
7.622
4.21818
17.6179
19.9351
1.37955
18.1986
11.4012
11.6716
3.34128
19.0875
3.42574
11.7536
6.58251
6.47772
17.7788
8.87759
9.32959
7.03432
13.4071
7.73039
1.16212
10.6759
7.24686
3.25817
5.89187
14.8241
7.36634
7.33885
8.16918
0.328807
13.3931
11.1876
6.87749
9.9597
7.20134
5.19366
17.3991
14.7294
4.39122
6.72824
10.1849
19.2279
7.71297
7.69146
18.6649
7.17565
14.7884
6.81365
5.10117
19.1131
2.8454
13.8416
16.9162
19.6664
4.84062
15.9899
11.9723
12.5447
18.3355
6.02798
9.84963
9.72911
17.4393
17.074
6.87198
9.83455
1.94175
19.3219
2.29633
14.3312
10.3763
5.96961
7.89127
11.2458
16.2336
10.0003
17.784
2.19507
16.4423
16.1615
11.2741
16.6698
11.8501
18.3007
13.3582
15.3762
17.633
11.3331
16.213
16.3834
19.2759
19.0806
14.323
6.16159
14.1213
7.12168
14.8347
18.37
13.0741
9.88935
5.47683
19.2772
10.3594
6.55983
1.62859
1.9742
15.2396
0.460835
4.43565
4.0643
11.8159
10.8922
11.1241
12.2629
7.09845
15.4878
9.99431
10.6068
11.8083
5.10787
9.86197
5.64615
19.5457
0.790059
18.8262
9.03449
12.8659
3.59649
19.4358
9.37874
5.43967
14.4331
19.0701
13.4854
11.6311
6.3644
1.97164
6.31365
17.5265
6.37501
14.6468
19.3442
8.77059
3.54399
13.5554
11.7308
18.5884
18.2884
1.0799
5.65868
6.01359
18.1177
11.033
2.53987
9.18254
4.24786
11.385
11.5685
9.38136
4.9521
6.03863
2.90448
8.83686
2.53843
3.04503
13.925
8.9935
0.840131
6.03939
13.6902
3.66587
8.26721
15.0584
18.4461
2.13513
5.70418
7.57828
19.3475
14.0704
2.00323
9.57035
19.1947
11.4312
19.1347
15.2542
12.3238
0.301955
5.06742
14.4505
12.6778
2.5991
11.9976
0.991154
2.3846
12.993
16.699
17.1122
19.9671
13.0177
5.47567
1.038
17.682
15.6621
18.0477
12.042
0.0745875
19.8278
11.7548
6.6593
7.99054
2.36519
17.0288
9.60653
16.3784
19.1013
4.47088
9.69376
13.5992
15.4565
0.776125
17.0089
16.967
7.45428
9.10639
3.69622
0.348131
8.75287
12.003
1.37267
5.15763
5.36194
3.33291
13.4405
0.414127
18.1549
12.654
16.3256
10.3834
8.21943
19.4709
9.53145
19.9087
8.51808
11.0317
5.15587
13.8462
10.7555
6.75646
9.37655
13.4469
9.09447
9.82202
7.74976
13.6722
1.56231
4.69445
7.34448
0.346912
15.2361
14.2698
9.85701
15.269
16.5836
5.58051
1.61557
6.24134
8.89981
18.9988
7.89963
6.67914
12.7695
5.17583
12.3671
12.4872
2.49504
14.6339
18.2457
18.1399
18.5247
19.9499
1.6246
18.1413
18.6604
0.748039
11.83
2.96211
7.50597
10.9292
13.7552
13.3238
9.0332
6.3706
3.14295
2.33964
9.89349
17.1845
4.31479
12.4166
8.75894
8.40813
11.084
17.4955
13.3182
15.3522
0.510639
5.52434
8.00814
16.749
15.2481
10.2098
4.00235
10.8772
13.7532
1.27762
2.53438
9.60057
16.9961
11.4844
4.95411
13.6884
11.4012
2.52725
13.5861
14.4814
7.33227
1.49524
3.59217
6.77783
2.67014
1.58421
12.7713
7.77273
6.21917
2.5625
0.530095
17.3134
15.6149
13.9162
2.81312
13.2584
11.4038
10.2043
11.2795
3.84794
0.352191
16.2948
4.70115
14.6558
9.21247
2.57292
19.3332
18.2303
1.07052
3.24405
0.0353316
12.4474
13.7983
9.41961
15.304
18.3949
15.3829
15.6382
14.0879
7.95357
2.67506
5.20632
6.00489
4.30727
12.8091
9.21906
3.72986
13.0989
10.493
15.4128
5.60936
16.5527
9.41434
0.79469
14.0971
0.793828
6.15732
0.257226
1.92403
1.82509
18.3561
9.25479
19.5324
7.48167
4.11413
3.39954
4.77047
5.48394
16.2051
17.3257
5.28627
13.5003
4.29123
12.3975
0.850359
19.9501
18.1966
14.603
11.718
4.16665
4.40455
8.46421
14.5633
3.66784
15.2807
16.245
15.1903
2.9577
10.2633
13.3993
17.1662
13.9871
10.7212
11.3188
13.4288
7.17032
15.3552
6.55628
10.6387
0.967457
1.66719
15.9912
7.32392
12.0647
10.3129
9.10222
12.12
4.06265
6.46291
2.67659
17.1593
18.3435
17.6014
8.24153
15.0152
18.2937
17.2477
8.6408
15.0718
16.2314
2.72639
14.551
6.58755
18.5384
7.4397
12.8435
19.0456
9.37431
1.14481
17.7824
9.29534
3.26388
8.6068
15.5619
3.0388
2.61178
17.6158
7.83023
2.77107
18.2169
1.33351
9.21314
11.5827
11.0279
15.16
8.36086
13.8161
15.2412
19.9778
14.4402
16.3375
0.91502
10.8855
3.79975
5.72709
16.352
1.2306
11.8063
1.2686
19.2567
9.73861
14.1473
3.68453
18.6424
3.99659
8.71593
19.2058
14.626
13.796
12.2338
19.1919
5.14861
5.41404
19.1927
8.83456
2.40594
6.00921
11.5978
1.92653
14.1188
16.8598
16.4554
17.9019
6.37606
8.59686
16.2679
3.61839
5.80806
11.6828
18.325
19.8813
0.571985
9.80609
0.110783
11.4884
1.11884
5.08294
13.5087
5.09903
17.2786
8.16992
11.8614
17.4873
2.81358
2.6512
15.5982
17.0708
2.41493
4.58132
16.2131
9.33018
18.9252
11.9209
1.17266
17.6334
15.0126
7.90528
15.9951
3.24292
0.19328
12.0636
14.0022
6.26424
1.01173
3.69941
11.284
8.69803
14.6013
17.902
0.29406
4.02101
6.9465
14.0154
1.5334
4.53607
15.4572
7.56329
19.0978
17.766
7.35552
1.35379
2.7914
18.8471
13.9221
6.33501
5.05453
7.71981
18.3102
9.63462
9.52215
11.09
16.4085
0.909914
2.3202
15.8999
16.6481
17.7872
8.1912
1.71145
15.7889
16.4743
1.29315
12.2394
4.2743
1.38712
3.49685
18.3965
18.9404
16.9199
8.33522
17.4461
18.3808
18.1513
10.8068
6.78829
11.3902
6.46519
14.4074
16.9364
19.5696
13.0217
12.6925
11.5554
10.4768
17.8919
18.3348
14.8879
9.32208
15.9163
3.3329
1.35574
9.53215
8.40562
3.37601
0.808291
16.5913
1.57423
9.1166
2.78182
17.3088
1.76037
14.9329
9.38039
6.0721
18.1366
2.45804
4.2123
1.88747
17.7226
16.0617
4.68638
7.9131
11.8215
15.3079
15.3872
0.275558
8.28064
5.44609
16.6136
2.03678
12.1647
5.49749
19.15
13.664
0.0961276
2.12709
12.2133
14.8567
17.6097
3.60987
9.84272
9.25763
8.11149
13.7583
8.29222
11.1041
16.9174
2.66052
15.6049
3.51502
6.22452
7.38081
19.2639
15.6854
14.1878
19.4696
5.40694
1.40418
11.0934
8.34493
7.42526
19.692
1.2935
15.0429
8.63616
12.2349
10.5965
16.0207
13.3183
12.5513
0.265343
5.0472
5.81341
8.95761
12.7169
13.2388
5.48592
10.955
4.09659
1.23345
16.6145
1.15476
8.04608
6.72583
0.653411
4.22575
1.59395
1.80148
1.35996
16.3815
0.319322
9.84648
2.9728
17.5798
8.74401
19.7113
15.8928
9.81552
11.3805
3.59985
9.73147
3.39898
9.63141
7.07592
15.8658
7.90136
3.26594
19.3688
7.37998
12.3756
9.20727
4.58995
17.7199
16.9503
10.1137
5.41294
12.847
15.3467
15.3939
16.8353
15.1193
11.7077
13.4507
3.4302
18.2778
19.7927
4.75895
18.9723
10.802
0.743962
18.5914
6.20088
12.7438
15.932
4.1739
14.1023
1.18738
11.6834
14.722
6.75814
1.61337
16.5105
12.5446
2.84793
9.3002
1.39756
16.5971
3.52897
8.67076
8.35339
17.1886
11.7761
16.0546
10.8707
6.96576
19.4255
6.0855
5.24673
7.99697
16.2356
3.05482
4.13918
15.3307
15.8478
3.57137
1.46904
8.10936
0.502773
18.0403
19.8388
14.4078
11.9901
13.5987
3.81244
18.6491
2.86016
17.4623
2.20465
18.8794
0.78683
7.70199
16.3835
15.1999
1.74379
15.171
15.0803
2.32916
11.1313
3.38732
19.8487
11.8012
10.4747
7.83027
10.8249
2.81444
5.32701
7.52237
13.7072
4.37315
7.46016
5.57789
3.60715
9.1332
19.8809
4.23982
0.43409
16.9492
19.5241
14.8039
9.90378
2.86603
0.596446
10.9136
14.4
5.53159
11.7602
2.71744
19.7713
15.4128
17.4459
1.67789
9.52794
11.3924
15.3072
17.6769
0.33623
18.8365
2.93007
5.94883
19.12
4.94938
1.11443
17.2942
14.6085
15.4019
2.60869
0.687592
4.86841
0.114635
11.3608
11.0367
10.8675
10.2762
13.2152
4.03856
13.0039
15.538
1.09172
18.1323
11.3187
6.47709
8.81783
14.6954
3.02156
13.5041
19.6934
3.03157
3.6444
17.9882
6.42108
15.6468
16.6394
16.0367
4.31162
18.8592
19.5856
3.16475
13.3942
9.97312
11.5462
15.6416
4.52166
12.7204
10.9903
1.74628
10.9058
16.4061
1.48961
1.14921
10.3248
7.8723
6.38186
14.5936
14.1808
10.4761
9.95197
10.1242
0.823835
4.54199
10.2132
9.5084
8.2691
16.3893
18.1184
19.4215
10.3998
15.6543
13.623
19.0149
1.01115
19.0839
7.47992
0.398541
14.7131
9.43143
18.4883
13.5145
13.9056
4.67138
18.1041
18.2157
2.19535
0.597175
13.5039
10.8102
5.14106
15.474
19.0092
8.83416
0.667663
10.6625
0.902624
14.46
2.44289
15.5354
16.7856
9.36622
16.1551
1.38725
10.8071
11.6296
14.4764
17.0206
2.82015
12.0122
9.74342
19.2428
12.0788
9.00997
10.9697
1.10236
7.61563
14.764
9.00526
5.84019
7.70893
0.216213
15.9506
18.2607
3.50684
4.52319
14.6344
7.4439
14.7998
12.9841
1.57913
19.0914
18.8885
1.31451
9.13095
3.28471
12.2792
0.561419
15.5402
6.15954
8.36925
7.21812
12.3788
11.9415
10.2774
10.8838
7.93926
1.59738
14.1748
5.74892
4.67752
9.35101
10.9796
9.1801
10.6306
17.7445
15.7905
9.2262
7.55066
1.0394
0.419943
8.85315
12.7419
5.9813
10.9586
19.1472
6.40552
19.3883
16.6257
18.7048
19.9249
15.7915
17.7456
0.369686
14.0541
5.36542
9.81999
6.0963
13.1163
4.93485
18.2519
1.81772
12.4909
17.4828
2.71214
2.60478
14.1438
11.0274
4.74215
5.99041
3.62339
6.82542
11.9618
0.55091
19.1356
13.1815
5.90027
10.3152
7.64026
18.7021
2.27348
8.80722
14.2715
10.1329
9.91607
3.15651
18.0601
15.5444
7.77222
4.3821
6.6225
10.5559
13.421
19.0971
13.1813
1.35027
19.5424
17.0326
10.8038
11.6573
9.81955
16.2354
2.8152
0.332267
19.9367
13.5949
6.28682
1.19872
4.67292
15.1662
18.4435
5.8261
13.0757
2.64912
7.50541
13.5838
6.69721
7.48887
18.8827
6.09366
16.1262
8.00266
15.8017
13.2885
10.5862
14.1348
2.03887
16.3355
2.04318
11.3856
11.5879
19.4877
3.89832
13.0383
7.90977
14.9775
17.3973
12.1948
2.51717
0.791397
9.07095
5.91376
15.5367
12.588
9.38999
14.2398
13.3044
10.718
14.8277
13.0707
7.22569
5.75068
14.2385
4.33377
1.62944
1.36936
11.6859
4.91548
13.0749
7.18968
6.44781
15.9212
10.7979
13.5736
6.84866
8.5071
1.49489
8.0408
1.91013
9.45905
15.0569
10.3585
10.1265
6.74662
7.01135
13.8041
12.9442
16.6927
17.8253
1.46374
15.5323
10.9456
7.39802
10.053
16.5772
5.28316
4.53296
7.60862
18.9184
19.0976
19.0709
7.6196
6.72056
17.2531
16.7876
7.18786
14.3674
8.26276
10.4164
16.2637
2.56039
8.4106
19.3231
19.4336
7.80055
14.5307
3.68579
7.00399
17.647
8.73264
6.81049
14.2097
16.5423
11.6208
8.32989
9.40728
8.98391
0.830847
8.97544
17.5505
4.57023
19.6828
13.5851
16.4907
8.50976
8.54902
13.6885
17.6321
8.33451
16.516
3.06041
14.4302
3.51491
5.08845
15.1912
15.6478
0.636617
19.7625
6.28178
2.14964
17.9944
11.4294
17.5156
10.9899
4.52643
12.3944
10.6238
1.56139
8.83434
12.0263
1.8972
12.5948
13.9256
11.5192
2.38521
12.4042
15.9656
18.9334
10.1027
18.4664
16.6037
19.0461
7.0129
16.6417
5.71556
9.48976
5.81456
12.9059
17.8593
3.06319
18.2645
15.5972
11.1537
16.4545
13.0523
3.44506
16.8416
7.58414
10.8678
7.47181
3.72424
9.55505
16.4068
19.5859
17.6797
19.9871
6.52433
13.4677
15.5468
7.86209
10.0507
3.7178
2.43707
4.77541
8.25867
0.918282
3.19816
3.389
15.9458
8.72787
14.5917
8.07079
11.3381
15.2233
2.35031
8.50693
9.08864
15.939
14.5559
6.68404
12.2432
8.37798
18.8255
5.4236
12.2643
19.9631
14.9713
13.9349
2.64372
10.3622
6.81595
19.1639
19.6678
3.12009
18.1771
5.61296
4.3107
0.187363
4.035
3.50547
7.10334
13.4356
17.6604
11.6594
9.72623
