9.07417
8.67462
3.79801
3.47501
2.77534
15.7317
2.00419
6.98441
3.33105
5.54124
4.87459
1.13156
14.7501
15.947
2.09866
18.373
4.54749
4.83446
14.0772
13.7408
1.02566
14.9918
11.3288
3.6048
2.22463
19.2789
14.5831
1.84294
6.61354
1.5219
13.9105
7.20974
3.88803
4.55594
5.96769
3.08886
19.0091
14.9439
13.0633
0.336947
14.1025
3.60037
10.5183
16.866
16.597
19.5433
0.168958
10.4945
2.7183
5.12028
17.6216
19.8707
19.4701
7.36806
13.8183
19.8251
0.863523
10.5789
7.74439
12.4925
14.7871
16.0657
19.7142
12.4165
13.9345
8.18053
16.9875
12.3015
15.9717
14.7192
19.4011
11.5943
8.47846
12.5223
19.6572
5.7205
9.62969
2.55374
19.4517
10.1709
2.6952
3.46086
9.36101
3.95217
6.64587
12.3084
6.88512
2.58393
1.13004
13.3801
7.9373
11.4681
2.34214
15.0094
17.4935
14.2198
12.7185
11.1488
17.6344
1.9143
9.49114
15.9461
3.2285
19.5087
19.572
14.4841
14.1428
17.8564
7.79787
9.40025
18.3248
5.58902
2.557
17.4455
11.186
19.5015
0.447294
8.96568
2.94368
13.9579
2.8809
4.92056
17.3295
19.481
18.7135
9.91992
7.2401
2.7904
17.5817
19.9236
5.50463
15.6382
14.4185
4.34636
5.63681
6.64156
9.57109
3.98463
6.05977
6.01897
19.6511
6.14287
11.5361
10.3876
8.15153
3.5941
9.81816
19.4315
3.49916
10.8164
9.52606
13.4396
16.7838
9.94033
5.96884
18.5853
4.69059
3.42464
19.837
11.7685
3.42916
1.90565
7.67513
16.3867
16.9707
4.7048
19.5071
1.35774
7.801
8.99724
13.2367
8.8575
9.90637
18.5322
14.2581
16.274
6.80482
19.0889
6.92653
9.03145
9.8949
11.1098
11.3052
4.89995
15.2839
1.18103
5.2768
4.83197
19.9572
17.8765
19.3229
17.2444
2.09127
17.7748
9.0626
9.29726
2.44379
15.786
16.3735
12.1373
0.628247
0.608044
9.88727
13.353
14.734
14.6506
10.4525
4.88014
15.8641
14.5215
10.2011
7.36961
1.449
17.0158
2.892
4.19148
8.36082
14.6337
4.95105
0.824703
12.7384
13.9006
19.8409
1.69978
19.4781
14.0488
10.1759
15.8633
3.8638
4.61757
4.73595
1.53002
14.9268
15.9848
8.73795
1.14587
6.11546
5.54874
15.8626
8.1181
1.33587
9.40543
2.11131
2.3092
6.29408
17.9577
15.3461
13.7508
12.7439
5.83948
3.29668
14.9999
4.2301
16.6529
7.36362
4.11682
19.987
6.40191
1.59757
16.9241
6.41394
8.70191
1.57246
2.80331
11.5158
13.1534
16.396
5.77268
5.42765
16.6082
12.9356
12.8873
0.596595
19.7885
18.2469
11.7236
5.78042
10.3343
7.8874
4.81034
6.14807
17.3139
4.7649
14.0872
8.31093
14.0015
8.82771
5.18802
13.3813
1.18971
10.9054
3.3888
14.3156
5.96147
6.48967
8.10177
0.0116641
16.7547
16.0139
13.1923
1.76616
15.6971
0.509563
17.5387
15.5229
9.61277
