16.2639
10.0932
4.04893
7.03986
17.0109
6.17582
15.0073
5.24037
5.9565
14.5912
7.0003
10.3581
5.74161
17.7322
13.1489
17.4219
19.7327
12.5921
17.9955
13.5162
9.06078
11.3775
12.8497
7.45202
13.9424
7.25461
10.8126
19.3953
7.85626
11.6028
9.80784
1.8226
17.9038
0.0829404
8.01686
12.3562
1.00508
2.03713
10.398
5.9826
12.8767
0.0696896
12.456
17.0725
3.3372
12.5289
19.1743
15.432
2.8634
12.5491
10.3314
10.8201
15.3254
10.3097
3.77476
7.86038
10.733
19.3008
6.29356
6.21243
9.13718
1.01938
4.92606
4.18399
7.15086
14.2092
18.407
6.8568
9.83484
14.733
15.0131
9.05876
19.2612
15.1367
16.8794
0.336366
13.7134
9.54012
9.74179
5.51912
17.7213
1.93661
11.1409
0.110255
2.09756
1.81911
2.79643
2.98379
6.22036
4.18236
14.1702
0.168895
8.72954
6.51314
13.4647
19.5655
12.0009
1.69162
12.6563
2.54837
2.31245
0.559003
8.34407
14.5321
5.40086
18.8559
14.0518
18.1708
14.0185
0.29193
11.9536
7.25591
6.86275
8.42061
15.1641
7.1813
11.7704
9.72168
7.12314
3.31874
16.2729
18.7075
13.4994
0.0382717
16.7493
1.82258
8.07034
17.3462
17.63
11.1587
2.51879
15.3555
19.8084
18.5451
16.6599
7.87144
13.2807
19.0326
19.0346
10.1573
18.7901
11.3821
2.87764
0.911933
16.1487
14.9337
7.91293
17.3379
2.65496
16.3116
9.52801
2.85781
8.95779
13.1722
1.86488
19.1331
14.5986
19.247
4.15243
16.7001
16.6379
3.05852
5.93404
5.43345
15.5573
19.0043
13.5266
14.1553
5.57225
19.4862
7.83974
15.6689
14.0435
16.2969
13.0364
2.80822
7.28548
4.54847
3.92286
18.5907
8.60905
16.9801
19.8121
4.99868
13.6453
8.25825
4.60061
9.24889
10.4775
14.4644
6.81646
13.4461
10.2605
4.86042
19.9826
8.35429
19.1558
9.70999
9.7075
15.353
18.6719
14.7826
13.4872
9.48081
6.19992
8.19661
14.0585
8.03512
5.0538
5.94667
9.91144
4.07224
8.49916
6.32968
11.8208
14.2866
14.5915
13.5885
3.17277
7.1822
3.54112
14.6764
4.64151
14.2003
16.5529
14.3817
9.35563
1.57324
6.13936
6.18078
2.82169
12.1372
5.07144
4.28571
15.6231
14.9673
17.289
6.66138
14.4352
16.2162
19.9977
6.35741
15.0227
9.03367
12.7177
2.67044
6.81985
8.74432
4.21765
15.964
9.6527
2.08294
11.8308
17.1659
11.2906
5.68156
8.98716
0.0759332
1.25703
18.0452
12.9918
9.47593
1.01508
9.67095
0.0321161
18.1116
14.7712
10.0777
6.59907
8.93293
14.2297
9.88674
16.5721
16.8785
17.8028
1.22175
12.4838
16.4475
16.4215
9.92622
10.5756
17.3078
6.67906
15.8767
9.95124
0.809226
10.6191
15.4911
18.6648
6.26228
10.5966
17.4272
13.4896
12.2789
18.2058
1.1154
10.0897
14.7688
9.48328
14.9236
3.94411
4.45982
11.32
12.9514
11.24
17.6781
10.0376
11.5908
6.58344
8.64159
6.82745
10.1536
9.22763
19.8422
9.232
18.1822
17.1643
15.2127
12.3762
9.90168
11.1131
2.56254
2.49672
9.33268
15.2645
0.212646
0.542677
2.25464
8.55821
5.91604
2.44786
17.5856
3.67191
3.10938
5.80585
12.4036
4.61855
2.30479
18.2804
9.86768
4.42944
2.24221
15.7696
13.8087
3.82619
12.6266
7.12297
4.46146
3.22782
1.28459
6.79263
19.6224
2.35225
13.9119
19.8736
4.3669
5.01866
13.4814
17.3372
14.3409
16.9612
4.73709
3.52163
10.1965
19.8082
3.31339
13.9106
3.5508
12.22
13.7335
6.66196
1.33556
18.0614
3.26244
4.918
3.11338
3.43931
9.28919
4.75628
17.9451
1.508
4.39789
1.196
1.50395
17.1363
11.925
4.83015
11.722
5.45253
1.78788
4.08079
15.3431
15.7984
7.33118
13.4208
8.19817
0.311479
16.0639
16.6744
6.2375
10.1674
19.0997
16.8414
17.5041
19.1436
19.5428
18.0771
15.2654
9.14097
2.20424
16.7733
2.2525
12.2349
19.9838
5.24149
18.2233
13.4763
1.80071
3.52422
13.6087
18.0255
12.5778
6.92281
5.7487
5.25207
1.51272
8.11603
13.0612
16.7322
10.5263
5.25632
4.77278
8.10052
2.92646
0.213185
15.6347
18.4351
11.7329
3.51594
6.9833
0.00303491
14.9286
18.0263
12.8071
5.62948
19.5915
12.1184
1.15912
5.89887
9.32247
2.01991
16.9722
7.77683
19.485
2.91807
4.16262
3.8326
14.5382
6.72706
17.1349
5.5164
4.52798
18.2718
9.74879
19.3573
15.5863
19.3374
0.45784
12.6847
9.67306
7.87724
3.28699
3.4507
16.8706
19.6655
13.7016
16.8933
8.90714
8.56679
14.9361
4.50724
2.37023
3.45717
8.09122
18.3466
17.2153
3.14516
6.70352
13.7414
4.66347
9.16504
0.926776
4.30453
16.0095
4.41142
9.22616
16.2512
14.2764
0.206241
9.76085
18.0237
18.9
13.6215
7.11034
3.23228
19.5581
8.67661
1.07174
3.35263
14.2577
2.71305
0.435684
8.29246
9.07078
1.48444
5.82084
5.82722
13.3761
18.3375
16.0264
6.25882
14.6156
18.454
11.4996
10.0507
19.5143
0.293893
6.61588
3.1585
18.3059
5.76544
3.17096
12.5253
2.78205
6.91538
11.5887
18.1849
5.38383
0.883098
4.60183
19.665
17.8369
1.11557
7.55006
6.84536
13.8762
11.9947
1.07161
3.98643
18.4894
3.40128
11.784
4.48219
2.5939
4.01822
11.2015
14.9195
0.0545746
17.1978
11.1682
10.4806
17.7841
16.8405
8.23
6.55598
5.43214
1.85321
2.79631
12.8876
4.82455
10.5398
12.8932
16.5601
11.345
11.1029
8.70629
17.557
15.129
18.1628
11.8739
12.6187
13.388
9.12056
7.39846
7.51033
5.18702
6.99712
13.2619
19.4216
16.0265
16.8407
16.6128
18.5918
11.7176
9.50308
2.52306
15.4413
17.7048
17.7808
14.5991
19.5944
10.9678
6.81601
15.3037
4.43034
6.38028
18.4869
11.3183
0.21215
15.944
9.02777
17.9624
15.6106
2.75465
11.1342
8.05855
18.1789
3.40179
13.5304
7.2742
17.7688
12.5999
4.55398
7.61998
17.3313
2.66332
8.42409
4.06665
19.8977
3.62495
10.141
7.06514
10.9613
0.257107
17.7412
12.1068
2.78048
2.91496
12.3175
9.69353
14.0887
8.80941
17.7837
11.977
2.40916
12.7664
6.02918
13.8232
6.0486
5.47272
18.4577
10.1343
16.6765
8.33861
10.8158
4.26643
18.8913
5.85509
13.2272
17.2446
19.708
6.69251
15.642
13.1853
16.7116
0.831015
15.3678
7.16445
4.0315
12.9769
3.82653
8.41233
14.4579
0.810737
1.28407
12.8172
13.9119
9.77256
11.2366
2.79065
4.27878
13.6639
12.3924
19.1445
10.8125
16.3107
18.5869
16.8176
12.2005
9.4989
2.96692
5.51656
8.52099
12.7451
3.64034
2.70719
5.06848
12.4002
0.450967
9.73461
0.338707
8.61781
5.58785
10.6068
1.30274
8.87127
13.4878
13.6008
2.89285
3.51866
3.48294
15.8728
14.7933
7.3589
10.0375
1.89052
17.3782
16.9067
12.5264
6.74369
12.5711
4.22131
8.22443
12.1661
15.8663
18.9302
11.2146
6.42574
3.74584
13.9173
10.1231
8.65567
19.5568
17.6294
5.91545
16.7069
6.55755
6.69125
14.3623
13.6066
0.502702
9.2583
19.9264
5.12967
5.49779
4.73346
11.5185
17.3346
13.3849
11.3014
12.4625
13.1304
8.00253
17.5423
11.0571
13.69
15.595
4.11301
19.9699
11.8345
12.8189
14.5536
3.53146
7.60919
16.6666
19.0224
14.0965
0.342913
8.87904
1.43982
18.1719
8.60745
2.46172
13.8193
0.415019
2.89723
0.324166
16.904
17.1001
18.5556
13.484
1.19256
1.72279
16.0943
13.012
9.73195
17.6472
18.4812
2.315
0.348894
13.3681
5.71929
19.8113
16.3905
5.8069
16.8327
1.95035
8.43453
13.1804
0.86208
1.26931
18.1926
1.59136
13.7002
1.01646
4.8253
12.7212
10.2316
0.172751
5.31233
15.4835
4.33629
11.8656
1.18877
2.46637
3.882
0.631012
15.3482
2.96234
14.3973
5.42221
1.25883
10.8697
15.3957
7.19974
7.92808
11.8402
3.74491
8.54116
0.635953
3.58761
7.63034
15.8573
12.3154
2.35487
13.6936
5.01724
0.765523
14.2213
11.0755
7.16
0.511461
4.96873
18.0192
10.9497
11.8897
9.84287
5.73248
14.6051
2.30626
3.33926
13.0898
5.40197
5.35825
9.16542
10.3672
11.4448
18.7898
6.17339
10.3686
2.20362
6.36495
15.4066
1.96298
4.41515
3.48096
10.384
5.51349
19.6904
16.802
17.0727
11.5901
11.7298
17.4263
17.8911
13.8267
19.6237
4.93314
11.849
5.00271
5.14768
1.8323
11.1388
12.6705
10.5714
1.4099
10.3568
5.35982
2.02451
0.267294
17.5305
5.68135
6.23245
2.6985
17.8167
14.7308
19.2306
1.63556
5.71958
8.5017
0.726596
9.29432
2.34415
12.5319
2.99375
3.04671
5.40806
9.31087
1.90533
0.36303
13.7344
10.137
5.17642
9.42232
17.1608
4.8228
18.8536
9.32193
16.9073
16.2204
5.74462
12.4574
7.59614
19.921
16.587
15.5547
2.56249
10.3628
18.3235
15.0048
15.3228
6.09848
14.9243
10.4864
19.0057
12.8717
0.528623
0.993333
15.9125
0.413589
3.21018
16.2722
1.78771
8.12472
3.62948
10.5996
7.96631
8.11273
13.8571
7.92767
10.6976
0.57354
7.5954
7.9752
5.09462
1.31734
6.91245
15.1555
12.6977
9.77749
4.64636
3.58538
1.86762
17.9168
15.4005
9.46624
18.6584
13.719
17.9565
1.55606
1.03938
16.9221
14.8467
17.6134
14.88
11.9257
14.256
10.92
17.292
10.1746
8.55524
0.386391
13.508
3.2586
17.9594
18.6759
14.6876
6.08969
4.42543
0.802987
0.247567
14.403
7.55419
1.79674
7.51844
11.1876
15.2846
7.81407
16.32
10.0311
10.9988
9.54257
12.3626
4.63516
2.62569
19.7677
16.6573
18.7654
15.7301
10.9244
6.28268
15.3573
19.7232
2.52306
15.1003
6.3617
14.8216
7.65352
15.0663
6.20072
14.441
5.52937
7.60403
11.6057
1.66934
7.03714
6.06801
17.478
8.25924
16.0963
1.70746
7.97149
12.8479
5.25897
18.1483
7.67008
6.973
16.4465
11.3308
0.55994
3.91473
2.04828
16.067
7.72545
12.4922
17.8741
14.2694
18.0266
11.3927
19.8442
16.4
9.04375
17.3772
8.28118
18.44
6.4305
3.54234
12.9174
17.4149
9.57446
19.4664
12.1214
17.7843
12.7643
4.90998
9.75761
6.80561
10.7676
6.9542
14.3314
9.11615
17.2562
15.455
19.6656
3.15261
1.47053
17.6894
19.0465
9.16338
8.49781
17.8949
5.62659
18.7117
4.73382
4.53882
15.0555
8.29621
13.1313
15.063
9.55497
19.2783
10.5584
16.5152
19.6135
9.70937
18.9613
10.9488
1.56371
13.8097
10.8092
19.7667
11.4669
9.40305
16.1116
3.70273
7.9087
16.4615
19.5201
10.2932
9.22227
18.3402
2.2179
4.50079
5.05693
13.0959
3.48167
2.20968
13.0707
4.28702
11.8993
1.24187
17.3398
10.2316
0.529804
8.65897
4.08613
6.08276
5.83884
3.20724
3.83597
18.7761
3.88357
13.2412
5.73476
7.44271
2.36217
15.6501
19.9836
6.89141
10.7238
19.5268
19.3812
6.01437
5.48678
13.0921
6.29907
8.81721
0.368144
19.5887
10.9713
9.85603
0.0556525
5.28021
1.44407
8.39751
5.0939
18.651
5.71288
4.88352
18.6016
15.7246
6.10438
14.3935
15.318
3.36958
13.1044
14.8459
7.38109
14.7256
4.20105
3.83728
15.7197
17.6325
13.8494
1.0327
16.437
3.50377
5.58769
19.7883
0.107683
8.09212
12.9328
8.63755
9.15346
6.27894
18.0313
2.06495
15.0659
0.407637
16.7136
15.2532
12.1401
13.9987
9.14621
16.6866
12.4401
14.9559
2.95243
14.572
19.701
11.2888
15.8387
17.6863
0.304853
7.05242
11.5335
10.9774
15.7544
18.8391
10.1127
3.93543
13.3136
11.2174
7.52191
9.56429
3.84633
0.806745
9.2924
9.54674
7.2313
8.48623
5.39937
18.2814
11.2642
11.4541
19.3142
11.2245
2.43163
2.37686
7.1837
8.93402
5.07371
13.3924
14.0622
16.0155
19.6512
13.0822
0.690266
19.1799
4.70426
5.30152
4.74329
0.118496
19.3032
2.07942
6.96785
9.9587
9.80046
3.62591
10.524
4.64682
6.39151
15.9229
3.41155
9.46634
18.1462
15.1155
2.05016
17.1727
18.1811
1.57574
6.80461
0.434144
4.33963
0.0587633
14.2744
8.77737
19.5306
12.5579
12.6354
13.5787
15.5449
5.10928
8.04948
8.09211
17.9191
6.19076
2.75116
7.71867
2.41295
9.23792
9.21765
18.2003
18.3988
19.9328
1.60291
13.9521
12.9745
14.2928
18.0262
13.8973
7.9137
6.98386
15.4081
17.2253
11.7743
19.2901
6.35176
18.1034
10.6333
3.15794
4.05558
4.71308
7.84454
9.11582
19.5105
5.52592
11.2845
15.1894
6.16873
5.97757
5.04569
1.34985
18.5866
13.7119
13.3576
8.58542
19.096
1.78818
15.1437
8.1625
13.2364
9.50103
6.96052
12.0285
9.22712
1.09767
8.06363
16.1902
0.864253
16.8157
0.593653
16.6179
16.5979
7.09704
4.36858
14.0009
7.83594
15.7395
10.8672
5.88784
13.9086
16.2664
14.8127
7.43272
9.43778
13.4998
4.357
15.8024
9.40981
10.3929
7.49328
16.8609
4.12971
8.59111
5.72482
11.6979
18.5899
1.37255
13.8315
0.883682
19.0337
1.08775
2.46367
12.2205
7.63554
2.87347
17.8981
9.88961
12.5815
5.73619
14.9449
19.488
11.1129
3.40357
8.88757
11.9126
12.2943
0.119573
4.61731
17.3801
13.0721
18.6967
8.73321
0.900255
10.4376
16.3604
5.27076
4.07941
8.53354
16.7327
4.7175
7.47731
5.69315
4.44355
15.6709
4.40876
10.3711
0.910317
14.0407
9.10103
19.802
12.9015
18.3651
9.5583
3.09084
13.6249
13.9589
9.16853
7.53799
6.67423
14.3556
1.55771
2.76485
14.3074
9.48815
3.31421
10.4551
9.20597
16.4053
0.581815
12.3832
4.06936
14.5626
10.7195
13.6139
12.5532
18.2041
13.3306
2.52326
3.15977
14.4902
11.9649
14.0478
15.8596
6.69927
17.839
18.892
5.23573
16.8829
5.25799
1.55882
15.2656
5.66921
14.4732
1.55434
4.34002
8.62868
8.30836
8.78582
1.80851
8.41097
16.8224
3.62328
2.48218
13.3014
11.3037
12.4339
0.24676
12.5072
2.95886
9.4388
19.248
17.529
13.2826
3.91419
4.28702
3.94523
16.5705
12.7204
3.69698
5.94665
6.32016
18.2573
8.08665
8.3361
8.72803
19.0936
2.04288
0.330006
19.7605
17.7028
7.95359
2.56804
1.43962
3.99672
10.2568
11.8039
4.8838
0.36964
10.4406
0.454777
2.78743
14.8078
16.8665
6.89153
1.42775
13.5119
7.84865
14.501
11.6544
6.80286
2.48586
17.4223
19.4214
6.26592
2.81341
19.7488
17.744
9.31177
18.464
19.0865
4.22863
13.0244
0.635584
6.4383
6.8219
6.05605
16.0417
4.60231
11.3037
2.82247
11.8895
12.5274
19.7068
4.50924
14.1863
16.7329
10.3818
7.91705
9.94171
12.6415
17.6278
11.9366
12.0352
5.21055
3.66231
1.00247
8.18588
9.14963
1.66969
19.8685
1.83708
19.4704
11.0166
18.6751
19.0311
17.7672
0.614984
18.8225
5.32784
4.96377
13.2604
8.25185
10.1947
14.4364
13.9678
10.5372
16.3009
7.54269
18.1692
17.6366
19.369
2.19662
15.824
13.4825
16.4285
18.3202
0.848548
7.12286
4.0581
4.03349
4.44516
17.9565
9.31891
18.2497
13.1393
17.2983
13.1765
11.1739
8.03872
7.67843
13.9881
4.42717
10.7712
5.47179
18.5885
12.2794
17.4323
10.0667
14.3851
5.55745
9.88188
19.8004
4.25668
3.74985
5.02332
11.322
16.937
16.2759
19.4972
17.2344
16.8407
2.86487
8.04581
4.55751
14.7082
17.0576
16.6065
12.1715
7.45186
15.135
7.04995
15.9614
0.69817
16.0724
13.8504
19.3871
5.35227
4.31759
15.4688
10.6493
6.41484
5.21091
19.2319
18.3433
1.75384
15.7164
4.43046
11.1798
7.47915
15.6097
1.29039
14.647
12.8696
4.95799
15.8556
16.2461
14.8577
11.1875
3.58937
9.11553
2.83074
18.7525
8.7325
4.25574
12.3012
8.68993
7.01542
15.8533
13.8395
4.67009
5.69315
4.18695
2.27401
7.94218
7.25474
7.26084
8.6471
9.0908
9.05234
12.2816
9.82456
18.283
16.4859
4.32707
14.3344
7.00559
15.4487
10.6487
10.4034
3.50646
12.2886
3.75037
17.0389
19.8671
1.10461
5.00929
2.02122
6.39733
11.8061
12.9827
16.1023
13.4243
19.3683
9.76668
17.1986
5.88864
16.3429
11.4779
7.95804
8.00744
15.1899
4.49911
8.64343
3.52744
6.81076
16.4348
2.17181
11.4647
8.61629
1.61933
11.8388
14.4223
17.9926
3.74599
5.87621
3.59358
4.03349
1.35965
6.45623
14.4386
8.51483
8.02192
8.17739
5.87515
16.562
13.9818
1.9665
12.8403
19.6656
5.54636
1.78304
6.32121
1.23972
15.7996
1.91591
8.62012
3.93989
6.51393
7.42478
11.307
10.5076
9.02008
6.97098
5.48872
3.78551
10.8224
12.7478
8.77141
0.599507
1.70269
5.47496
19.5297
7.37215
7.39283
11.6629
15.5007
12.3667
10.0089
17.4267
9.60136
0.0981095
15.6305
8.16142
2.93873
1.7968
13.2679
12.7591
2.0639
3.2753
17.2691
19.5872
18.1367
16.8921
14.3319
3.96495
15.0127
13.773
5.81982
5.39563
7.58398
3.26686
0.666651
7.72203
3.16901
18.9961
1.80446
18.6833
3.66086
3.83714
18.1209
11.265
3.82372
9.97433
6.56496
12.0102
0.0526542
11.9818
12.8803
17.8585
19.2376
13.592
9.73508
1.40141
6.50186
14.4323
4.58814
18.2997
19.2291
8.83248
18.8897
9.44019
13.9501
4.31048
16.7277
19.1373
6.42885
18.0896
17.5407
16.3942
15.7305
13.7432
11.7846
10.7299
2.77083
18.4016
18.9763
0.979294
0.211788
5.91783
8.36535
4.86403
10.1893
11.4269
18.0132
13.468
9.92616
8.01605
6.05463
18.7573
14.6154
2.06827
14.1781
6.24061
2.39443
7.72795
4.48337
13.7797
0.543989
8.25634
6.10131
19.434
9.54495
0.69515
4.34702
4.73985
5.39073
5.27132
11.7695
8.73037
18.0783
14.8135
16.8334
3.61678
1.3218
19.6891
3.47735
19.6638
10.1868
17.2486
4.17881
19.2002
19.452
10.0858
17.9412
18.2323
18.253
13.3123
1.50028
18.0525
11.722
9.15051
8.91957
13.9174
11.7004
16.6457
3.4613
13.3666
5.5553
11.8644
10.8508
0.148208
5.54271
11.9808
3.75613
14.2092
18.0337
1.42665
6.59316
19.4063
19.0766
9.61676
2.54755
3.35699
0.213633
4.92502
3.06041
9.03923
17.6549
19.2624
1.35502
3.04599
1.72522
5.45719
5.62426
10.254
6.0691
19.5746
10.6717
12.0847
15.4932
13.423
16.2966
6.26444
17.3571
3.14088
6.34071
12.5312
7.23004
9.05237
2.10815
7.19296
17.8036
14.2526
12.7399
16.095
0.271356
0.0411298
16.8331
19.891
4.58909
19.0343
17.5352
6.21446
5.53105
1.71791
14.6506
13.7963
6.95683
10.3486
6.72947
6.4333
0.457624
11.1092
4.98952
19.1427
5.50077
9.26891
10.4734
1.41747
14.4943
10.9744
7.96859
18.8631
15.8494
0.890136
1.40357
16.6011
7.37582
15.1893
1.23262
12.6443
18.2246
4.18719
12.9823
16.5004
18.9872
13.3562
1.66363
8.99153
0.874584
12.9998
12.8693
18.6628
8.99299
2.42256
14.4335
9.2239
9.70819
2.57594
13.5514
19.5963
13.3326
18.5449
1.39538
2.42955
18.309
9.21899
7.87813
2.35374
10.7327
4.47587
14.4957
16.3232
4.00434
9.41373
3.33383
17.4017
17.4484
4.26345
11.9771
17.2097
16.6369
4.94866
7.9175
8.98323
13.4907
17.3436
0.0107795
6.50505
3.50673
3.55493
19.8625
1.7238
17.0522
14.2929
16.137
6.86207
7.18945
6.18135
11.9556
14.9481
12.877
1.52081
7.93613
13.5995
7.13137
7.30217
17.2814
7.363
8.94988
6.77031
13.6409
4.73278
9.21935
3.10106
18.1051
4.32585
2.32106
9.09074
18.0359
11.9665
2.54923
9.49056
8.36627
16.062
15.7556
1.55814
15.4477
7.70854
11.8986
6.82871
8.87502
13.4951
7.57091
15.4135
1.71833
18.8919
1.94193
18.634
5.8818
1.02879
11.0067
17.8856
7.18411
13.7271
9.16617
19.4863
9.29027
19.1158
14.6834
12.3218
11.0583
10.8324
9.88351
11.3996
3.69824
10.0724
15.5729
0.999951
8.44651
18.5405
19.9211
16.6086
6.21027
2.32183
2.73637
0.0730486
17.0357
6.07066
7.7192
15.2679
2.67633
11.193
6.93171
7.29128
0.546565
14.1098
10.6965
15.5824
13.3194
13.9119
0.561084
17.2346
3.2857
0.226716
17.1005
9.46241
9.59706
15.2632
4.29545
13.0714
13.4485
10.1384
9.22113
6.54233
9.29318
6.47532
4.76417
7.92055
10.7711
0.0701422
11.7509
9.23244
16.3277
7.20185
12.5422
18.6903
0.776571
2.88781
1.40549
2.17621
4.38379
2.11157
1.01453
9.72986
0.342225
17.4119
7.77618
3.67724
13.618
16.1888
0.303206
15.621
15.1078
13.418
1.45441
18.954
4.77502
3.42989
3.97565
8.97263
12.885
3.29424
19.3873
16.8746
8.99516
2.31946
11.0257
10.8753
14.6517
9.05014
19.3718
14.508
13.7727
11.0241
10.8488
11.371
5.54397
8.32406
16.2763
3.62235
17.1789
19.3632
4.33263
18.7238
18.9462
8.73062
3.84138
19.0275
16.6177
10.3427
16.8939
18.8244
4.16896
16.7508
6.12494
14.8137
15.4837
0.111798
0.979807
14.3129
9.99508
1.46308
15.5945
5.72324
1.23913
10.4971
18.8
2.56904
7.74681
11.8848
5.87122
16.7398
7.80727
1.74666
4.41456
1.3789
2.15555
1.17387
12.3651
2.65066
19.0921
1.64135
17.8871
16.0232
17.5551
8.03311
3.44723
7.32725
5.51847
15.1424
14.3502
15.667
14.3349
2.07119
12.0136
11.0346
1.93675
19.2254
14.3662
7.53978
3.88154
3.03192
8.14594
10.2045
9.9857
15.2261
0.512202
2.23959
5.894
18.1814
0.51153
13.1106
17.5076
17.2034
7.37594
13.7655
5.88663
14.1107
7.76238
0.77887
12.5371
5.23688
12.0878
18.1315
3.15133
11.1951
8.1519
18.9307
16.2797
16.4148
1.12366
10.7147
3.39375
15.4139
2.82732
15.6982
17.9662
0.562591
10.5585
3.81786
10.9
10.5628
6.40877
17.0552
9.44605
16.3865
3.18631
17.7449
17.7581
19.2544
13.0975
9.08844
14.3067
7.30956
14.7
3.32336
6.75818
13.4468
8.01152
9.77842
6.88398
12.453
2.54415
7.71024
14.6945
18.549
9.52572
7.85441
13.996
8.61847
17.2599
16.6506
16.6598
9.21511
18.6647
5.96529
14.2933
19.5883
0.255256
19.4317
12.9787
3.59379
1.49634
17.9063
9.57873
15.9187
0.438557
12.9087
5.57552
17.2928
18.1497
1.23885
16.5327
5.29032
19.4486
18.6146
12.1326
2.85425
16.5977
8.39333
16.1296
19.9755
18.142
19.9355
15.174
2.62782
6.44768
17.7614
15.3516
19.0841
1.38948
13.4762
8.00993
11.3763
9.98158
19.9436
12.5185
14.3834
8.28502
18.0752
15.1563
3.50358
1.36745
14.1808
16.214
2.73728
1.98601
16.7253
10.1022
15.7062
4.43797
11.5924
2.51647
12.0478
11.3428
4.17307
9.40854
5.49781
5.46567
12.8517
4.85558
7.20485
6.14626
3.52612
2.13093
11.6105
16.1826
18.4504
18.1551
8.75298
13.8087
19.7908
4.17417
8.30362
3.42454
8.62625
7.15431
5.71224
16.4896
3.50126
12.977
8.22977
14.2311
3.169
5.07358
1.83702
17.8636
19.4086
12.9046
0.782843
13.8483
18.045
10.1272
17.9696
14.8941
5.26396
19.055
3.45482
13.5704
5.25849
1.2687
12.3461
4.88182
8.80127
5.95727
18.1725
19.8158
3.5974
19.8987
7.8103
15.2268
19.0348
0.519174
16.245
6.86819
18.3753
15.7493
15.2628
10.8055
3.69315
0.3761
13.3054
6.69043
11.5531
11.4844
4.06181
16.2935
9.99018
0.800208
4.88455
4.94916
11.6724
0.315404
1.94642
8.42128
1.90729
0.215103
3.86212
15.5073
15.2351
15.0816
0.394678
11.7869
19.3461
12.5017
0.710541
7.00827
11.8092
7.47645
2.46751
4.35427
5.83139
8.33144
3.33959
1.63308
10.079
15.9216
17.7999
17.6479
18.4097
0.88001
3.90712
9.07993
17.6234
16.4307
5.54954
16.7093
19.2816
8.89791
18.4767
19.4804
14.5606
9.08862
2.81569
14.5049
6.47491
8.1463
13.8071
14.7874
11.94
1.11426
9.67401
4.35528
19.4583
18.1692
12.2651
6.20184
13.616
1.24948
7.58413
16.7761
13.4854
14.4606
16.5866
2.16915
12.2161
13.8337
18.5542
4.04407
11.3805
17.4937
4.19046
14.5369
18.5439
18.4477
17.8516
3.35122
8.36411
10.869
15.2821
18.5169
11.2413
12.6596
18.4797
18.9296
1.73114
10.9745
2.84704
19.7065
12.4618
15.5192
16.8587
13.0326
18.6436
2.67216
14.8968
1.92186
10.4887
10.9472
13.053
16.3924
6.53889
8.32718
12.4361
3.23687
18.74
11.8131
8.703
17.7087
10.8926
11.5684
13.0166
7.31241
0.0448288
3.33602
14.6767
3.50119
9.57127
13.9106
7.71294
4.09951
7.88965
16.6402
14.1919
16.603
15.6006
6.8898
2.14281
14.4036
10.2488
17.5269
19.6637
11.0322
8.9302
13.0578
3.74898
15.3498
14.8048
18.7024
7.06498
1.85197
19.5243
4.40658
9.69529
14.3409
0.0264776
0.67792
3.33134
7.06485
12.6364
4.34362
17.0381
8.98672
17.8622
0.284852
6.83188
0.0473188
2.06295
18.9916
3.19808
5.93791
8.88531
19.6131
7.72338
2.09083
8.21475
13.2849
4.23757
1.76338
12.3581
2.53363
12.2011
1.90044
7.37622
8.94778
9.20561
6.47615
1.11402
13.1053
9.67589
10.0552
15.4842
11.6452
17.0853
4.47882
16.9807
16.4381
18.5665
4.50788
19.7287
0.452843
11.4839
7.10466
13.1056
7.86933
6.8646
18.1021
15.0569
12.2084
8.25307
9.27397
3.96819
2.21588
2.4659
3.27111
2.42998
2.9401
4.31673
6.53103
1.59399
10.5641
19.275
18.8566
18.3604
11.9886
7.51263
9.53153
17.5115
17.2751
13.4012
13.9567
3.76414
3.33052
0.858527
15.9932
15.8737
3.69137
2.53417
7.62991
11.9979
5.60498
4.87147
10.2594
6.82658
1.59131
2.03346
7.94259
12.7008
15.6454
18.4405
1.22963
2.88678
0.128935
19.9596
3.82139
10.2566
18.3527
9.82376
15.1691
8.00544
1.38455
9.76329
5.86189
9.16105
10.7914
6.3254
13.9493
12.1251
5.97598
16.9442
16.282
13.036
5.92439
8.52989
19.3477
7.3756
0.628105
15.5635
11.0869
2.67063
9.66829
5.08716
0.0737827
12.8746
12.1702
14.5805
3.2435
16.1831
18.3548
17.5396
9.61789
13.744
2.64739
16.5184
13.8604
4.66794
2.26003
5.6755
4.29719
7.88945
9.23459
12.0537
15.3728
18.7031
7.08979
18.358
15.2426
6.05787
16.5395
17.7231
14.6322
19.1081
16.5404
10.9108
0.607707
3.22276
1.00987
7.84354
17.0018
2.00005
0.749453
17.3452
15.2625
4.59369
19.869
7.85948
0.855798
8.82497
12.0424
8.87804
6.35314
3.54373
12.4536
2.83267
2.29813
11.2758
12.7527
10.7315
4.81831
6.8271
16.1256
1.36657
9.60709
11.2219
14.7965
17.2382
0.666317
7.85125
15.2466
19.3004
19.8066
19.5927
1.94159
7.78828
5.81183
6.9662
8.47723
15.358
16.0229
6.82613
15.9517
9.69168
11.2244
18.2881
19.3358
3.08166
11.297
5.556
17.4885
13.6108
18.0536
17.9218
7.26477
7.27443
0.805211
7.67213
16.8303
9.73177
18.9187
6.14946
17.5231
16.6879
5.95341
19.6666
2.36984
16.1366
3.10662
7.71167
18.7084
4.48601
1.91409
1.24538
10.2422
15.7936
2.78349
1.90455
8.5704
19.2668
18.1007
17.7278
13.3532
17.4519
18.5659
12.21
10.2976
10.8536
5.62285
10.1115
14.4639
13.7562
17.0396
10.898
14.3254
13.3228
11.078
2.63816
18.5476
2.12169
13.3175
4.58449
13.0969
10.6962
0.0705396
3.52714
3.81252
3.39852
13.661
12.7482
7.95748
0.742528
18.7552
4.64779
11.205
2.57912
13.7885
0.477097
13.3104
12.6365
12.817
5.64406
17.3364
1.80895
3.7277
5.57416
12.8146
18.445
18.981
14.4989
15.0089
14.6263
1.79036
19.3834
5.06835
12.8851
7.503
5.46153
15.3804
7.00515
4.89923
2.15076
7.25697
19.3077
3.99746
10.5975
13.1946
3.16949
9.57441
7.72006
1.95874
2.87889
19.1806
12.4756
17.9148
6.52216
4.72549
13.9444
9.9893
9.69392
8.70397
17.4552
2.49561
13.572
2.64686
7.61839
5.76811
1.23216
6.92257
16.0329
1.17546
2.50105
13.1859
8.4513
4.46835
18.1786
17.2159
4.44912
15.6405
4.56873
1.73033
2.34014
14.0573
18.6286
18.5531
19.5658
0.38634
10.4155
19.0044
1.32332
10.4533
7.08798
10.4554
3.73384
0.33842
12.1407
17.9485
18.3185
17.9596
4.8676
17.4344
3.24781
7.03924
19.7642
14.8291
19.0215
7.65064
6.90531
14.0495
14.0982
7.32622
15.8155
1.19681
9.36032
11.4996
18.9056
8.1784
1.84614
18.9087
10.4224
4.37156
8.03116
18.8985
14.8523
1.7035
0.320127
8.13688
6.32406
12.0415
13.5968
7.38189
12.0839
2.66845
11.6622
0.281037
7.85007
15.9755
2.71769
1.57438
16.7868
7.88834
14.9151
0.55946
16.1897
0.293936
13.5583
1.26195
17.9274
12.4703
6.19825
6.88246
17.767
5.82573
9.14296
17.9636
4.66708
14.8474
6.23569
14.9437
9.32158
5.42481
0.957764
2.03119
13.367
5.71799
5.42902
2.53922
5.59699
19.5632
2.53816
12.8118
6.08082
4.00785
18.098
18.3147
14.4159
9.16143
14.9391
4.79809
12.2573
0.963365
17.9534
6.88921
18.6645
0.878162
4.26786
9.01517
17.7949
8.47629
0.778312
14.1176
12.4864
4.38034
8.49577
10.6906
5.88845
7.50222
0.174395
4.35319
0.78267
12.3625
15.9069
11.9848
17.3904
6.05028
10.5828
6.62696
10.5182
6.49094
14.4449
0.509548
11.6044
3.59126
10.8616
16.3165
18.0631
13.8768
2.79453
13.3375
17.7114
15.4262
13.976
5.68659
8.06042
6.93565
13.52
2.0764
19.982
14.9361
2.7584
3.94705
13.4292
13.0836
0.224819
7.68909
20
12.0785
8.00106
13.8859
15.9854
19.9661
9.82334
12.734
7.53783
14.8753
7.04006
10.239
1.9478
3.00231
17.0538
7.20431
16.5676
3.89326
9.73902
16.2448
13.1166
15.8065
19.9371
8.50138
0.366472
3.03562
12.9003
12.5047
3.33035
14.7238
5.13112
14.7223
15.5828
10.6811
19.2648
8.43668
16.5204
4.4281
2.34376
18.7175
4.69329
16.915
18.4345
0.154264
10.1773
18.6686
0.502627
9.25503
2.17267
0.746816
0.248647
5.28146
1.54334
9.00935
9.14607
12.7169
4.73069
9.3826
16.5317
16.6362
6.85798
8.36281
11.2209
9.99303
8.1887
2.94641
9.7491
7.63988
4.65126
10.3435
14.1867
18.8969
4.22339
9.65521
8.25403
4.1628
1.31091
4.97204
1.58389
8.56624
9.34218
0.0559983
19.0006
19.4139
7.1138
1.22945
12.6753
11.5014
13.4121
16.8375
0.707343
5.76282
1.01201
8.66384
6.19909
11.4489
19.8614
16.684
5.50072
8.39494
1.73491
0.514818
13.8176
1.86651
1.97679
17.6949
16.9257
17.9844
17.2161
11.2031
5.13222
0.874394
14.1399
15.4149
13.5412
4.87886
17.8701
17.0359
1.2914
1.88038
0.102042
10.2266
14.6049
15.9042
1.54684
0.649242
10.9098
17.9449
16.6511
14.1068
3.12913
11.5792
1.65951
12.3532
8.26655
10.7319
15.3086
17.6777
16.9941
14.1257
1.77291
15.3818
11.8108
10.7354
16.0237
17.1512
13.1488
3.19241
1.20975
2.7321
4.9503
7.63493
11.7125
14.5146
19.6397
11.5161
2.60899
15.2953
18.8077
11.1034
17.4872
18.1009
14.313
14.9747
11.0288
15.8203
15.9142
2.02655
16.2027
9.27809
3.94901
17.3507
19.692
5.28846
10.9452
1.50953
17.1363
19.2226
8.0596
13.3456
16.2463
9.89166
14.1619
9.84531
11.4501
9.37809
11.6845
2.73807
0.203602
15.5221
14.4263
13.1171
10.9147
13.2889
14.6375
0.861054
4.09453
12.1882
3.77967
11.9369
9.99111
3.28883
0.436746
14.8042
9.20119
11.0865
4.27561
4.92195
9.63407
9.92489
7.24348
3.25911
18.5829
8.0003
8.92809
9.73168
1.06992
17.0066
9.26856
18.3486
11.6056
6.86562
1.8037
5.04885
12.1483
13.7517
17.7771
0.591929
13.8933
19.4398
13.9386
7.93119
11.7693
2.48367
8.51209
13.8703
7.4933
13.6745
13.2425
9.34978
6.22803
0.692365
13.0655
8.49102
16.7532
4.32772
18.5018
2.13463
19.4122
11.9668
11.1093
15.6483
13.8298
7.18264
11.301
11.2633
0.324129
0.717332
2.60839
16.2902
11.7933
17.7168
5.35718
1.11243
18.8786
2.47054
3.04876
12.4612
2.57212
10.7953
0.341121
4.14888
18.3201
18.7018
3.85372
13.9048
16.6499
0.366224
6.09124
18.9989
6.83633
6.64289
15.4909
9.0759
16.6875
4.81957
4.14585
10.6215
18.0369
14.3054
4.71018
15.2889
1.63617
14.6697
4.41525
11.379
5.31156
4.46863
3.0703
9.21543
6.30626
17.1704
14.2973
18.8914
8.11839
19.0991
16.8176
16.4864
9.55911
19.4091
10.4681
2.78662
10.4405
11.4492
10.2256
14.9413
14.4116
16.6272
9.32308
3.30177
0.662583
5.89014
19.3535
10.1749
2.52432
17.7979
18.5009
6.36296
12.615
17.2295
3.65447
12.2745
19.8193
12.8903
13.8806
5.0611
8.82338
1.04856
14.2831
10.8164
8.68454
14.4585
4.80132
2.45023
18.5609
6.37935
8.16538
13.3142
8.13125
17.4768
12.6561
8.91764
7.07176
3.62153
1.18371
3.45594
5.45248
17.3321
1.45249
7.01895
11.3219
7.30906
14.6476
5.11035
16.8335
8.95083
0.648434
2.98531
2.92091
19.1641
5.83565
6.55326
14.1284
2.09988
18.4659
3.50505
9.26825
9.15344
3.83882
9.11497
7.89003
14.3208
9.14508
6.26566
2.64412
8.79637
14.9501
16.9966
19.149
5.95159
11.2855
1.98385
18.9449
0.528125
4.42094
18.4115
1.92324
7.00789
5.70755
4.85919
11.6943
14.7767
18.5332
17.214
7.88925
4.81635
2.65071
1.61508
15.0378
8.52675
3.75839
17.7514
2.88419
11.6878
7.14495
3.87826
3.75243
14.7318
19.1557
15.3993
6.5509
0.00679748
9.06643
15.2443
9.88753
18.5422
17.7848
6.67005
19.3048
2.24939
6.01184
18.2319
1.35217
0.655422
5.1167
17.7126
17.618
11.3164
15.4296
10.168
1.75356
3.42436
14.8547
10.7799
14.5288
2.35455
14.9164
13.0607
1.15418
14.329
5.8871
2.90438
8.18605
19.154
14.5775
7.96697
18.48
14.8598
15.328
17.6637
1.15237
3.5337
16.1692
4.5523
12.883
9.40195
4.78495
1.62624
2.67356
13.6947
11.2184
4.06783
13.9942
2.35073
9.81627
11.7294
2.92567
17.4613
15.5447
4.84556
5.04261
14.9602
14.3433
12.8862
1.17757
2.59213
19.4742
1.23346
10.471
8.2979
12.5029
2.47275
6.92379
14.1942
5.84008
17.5516
12.168
16.5135
14.3329
1.64348
13.0067
14.9847
12.0972
2.92881
15.3183
3.541
17.0012
15.6704
1.44685
18.5679
3.13323
11.7633
3.77083
9.30367
9.00112
4.89739
16.7519
4.91405
12.4327
14.7476
2.30486
9.03526
4.2668
14.0773
15.9989
4.07819
0.618811
4.73561
19.7244
2.33745
17.8265
5.37639
17.7128
11.769
2.278
0.292175
12.4772
16.3772
17.3665
14.7631
15.8886
9.49799
14.0632
6.53016
11.23
13.6517
6.90635
1.37728
4.494
15.9742
14.6929
9.54702
6.97309
12.1992
11.3696
6.12246
3.8687
0.916517
8.91456
9.40322
10.9141
16.741
2.92424
4.54683
0.738278
12.1855
3.33006
3.61783
9.77137
17.7122
12.6673
11.8068
2.90509
12.524
11.5352
8.86663
10.2803
19.7925
12.6047
5.06141
4.18123
8.66046
7.21801
13.673
1.94902
11.2978
15.9001
16.5172
19.606
6.49678
6.71658
6.19899
12.8644
11.9397
7.20687
12.4961
0.352458
16.8515
17.7425
7.96824
17.579
4.00709
17.181
19.6873
17.2805
7.50949
6.23953
3.59319
19.8653
17.7754
7.73078
2.7568
7.88858
19.7157
8.23792
18.0823
11.1618
19.2812
7.60378
1.94174
19.5872
4.29885
13.3124
6.12738
6.51675
4.68796
13.4566
14.7852
1.04257
14.7098
5.06589
17.742
14.1008
12.8367
17.798
19.7387
0.930904
12.454
2.88118
16.7959
17.6737
10.8399
8.82194
0.132361
19.3015
1.55047
1.14387
4.51416
4.52074
12.7484
12.2984
15.8752
6.99136
0.288529
15.1308
13.6268
6.35166
9.57254
14.6081
12.9652
4.25081
15.5936
6.72611
13.8234
5.94949
12.642
10.6085
10.7118
15.0633
8.31284
9.08146
11.6836
16.0422
4.06704
13.4905
7.6062
11.1197
7.89634
3.90302
10.2825
19.848
17.6354
7.93513
18.1228
17.4488
12.2086
10.054
16.1913
19.8622
16.0327
12.7778
4.25812
14.4923
3.68959
3.21852
8.70228
15.7979
10.5213
16.9131
19.0252
13.022
0.838691
8.59702
12.5582
17.1243
8.78277
6.59637
4.69953
18.4116
12.4974
19.5042
14.4019
17.3292
11.1185
19.1509
8.57207
16.0472
6.948
5.19417
16.9435
17.3676
2.02815
6.46087
1.43701
16.5758
17.9682
1.84457
5.58175
8.65646
2.66181
18.905
19.8016
17.2923
4.15708
14.4641
18.7911
7.62511
2.18791
1.09251
19.3478
7.905
15.4889
16.6586
15.0945
7.35178
14.4525
19.3279
12.9885
6.4329
19.1705
14.0058
11.681
15.0191
13.0688
7.97511
13.3184
6.67608
9.70351
0.864548
9.95405
13.918
17.7394
6.78636
18.4911
4.51803
18.4006
6.94664
7.05741
13.2166
15.3186
12.1902
10.8204
5.44495
16.5436
14.0947
18.4022
9.63876
14.8521
1.26681
7.70073
5.26205
2.68979
1.78099
19.9626
13.3512
18.5336
13.8845
15.413
3.66818
10.0626
1.62232
11.0222
18.0671
4.93874
13.7973
7.12864
9.03907
5.16387
7.0394
13.4122
1.45152
3.6459
6.24424
10.2811
13.9377
15.8483
4.9056
6.25844
18.6269
11.3756
16.7858
10.284
6.48348
6.18132
18.0348
8.18872
6.35643
15.771
6.22653
9.08536
18.8304
6.58778
3.04495
4.54411
19.0795
11.5223
1.73632
10.9093
16.7817
10.027
5.34059
6.6885
13.1513
13.25
12.5524
10.285
6.6044
15.2794
10.8136
2.61969
10.9129
13.4009
15.6069
19.5706
3.13396
1.56249
4.02791
19.2365
9.43029
7.20301
9.63981
17.7683
9.56997
8.63972
8.09174
6.04692
5.13338
10.3461
4.5331
17.5988
15.9563
7.16424
1.09535
16.7141
10.0893
18.2761
2.14151
17.1669
1.71955
17.9533
9.90774
17.8635
10.6165
8.08707
2.42625
17.9393
11.5197
0.606626
17.846
1.49408
6.88193
16.1863
18.2996
19.3576
17.7032
18.7785
1.60243
3.56432
10.9352
12.7322
8.52145
1.27178
19.9296
10.1732
5.0149
3.93793
10.3617
2.7757
16.7183
16.5418
9.81638
11.2646
8.4666
10.009
12.9544
19.0939
19.1207
2.85409
14.7
7.64524
5.78947
5.33303
14.0902
8.47936
4.32615
8.3786
13.461
12.9007
7.63437
15.4798
7.66554
1.21287
2.87394
19.3861
11.6365
6.38284
4.5722
3.06744
19.8455
1.00855
0.795067
2.06012
17.7884
17.7043
18.0113
10.4056
1.89558
18.7931
8.82242
11.6812
8.63113
14.2345
16.9654
16.1171
3.94057
6.88633
15.4274
18.2793
4.45465
13.5459
16.5194
7.75362
2.70346
19.4985
3.66869
4.67036
0.958107
10.5007
19.2299
7.33963
9.83082
13.7998
18.9124
7.14662
17.1408
15.6238
15.787
4.7183
3.68076
6.84088
15.9506
0.266165
16.4112
19.8625
4.93483
17.9892
19.5973
3.82587
10.93
4.65523
2.84868
6.17518
6.02004
18.126
11.8484
9.01235
10.7077
7.55573
3.12756
7.57009
0.351553
5.06387
6.20743
2.15854
1.63183
14.6786
3.07
11.4729
3.77365
10.8581
4.55282
3.71231
5.56058
1.57648
8.63885
4.69954
8.58367
8.72307
18.237
16.8984
17.7156
13.2568
5.70937
19.8382
2.30089
19.7434
3.65626
2.24057
9.69907
15.9704
1.25608
1.10855
9.23875
19.349
7.39562
4.49837
5.64466
12.1887
11.1586
12.581
5.23636
15.7945
17.2018
0.798673
10.0226
4.35444
1.40472
10.6834
8.68437
14.7124
7.4798
2.94316
14.0874
3.86032
7.87433
14.5379
18.7595
8.17496
11.2287
14.7363
1.08955
5.64042
10.9809
2.43337
9.70974
10.3997
8.35394
1.58949
19.9351
18.7469
8.04304
1.06305
13.7826
6.54204
7.69295
18.2236
14.9341
12.9452
1.9475
12.1663
8.70195
12.1328
4.097
10.551
7.06492
11.0945
1.71917
6.95488
5.46048
7.37669
5.45216
11.6104
14.6877
1.12083
17.1537
9.89252
11.3231
0.275931
14.8214
15.3216
2.99958
1.71836
9.27898
14.096
7.02825
12.4972
3.07327
9.82653
15.9835
15.4799
2.8775
12.035
3.78172
3.9494
7.73625
3.03131
14.4038
9.43851
7.78315
13.4857
18.0135
8.79539
6.34625
15.7746
11.1452
13.6281
16.0254
0.0807092
0.151689
11.1211
13.5073
11.3719
10.2547
7.97515
2.63735
13.0905
14.7085
5.10557
7.05242
11.5184
2.60075
10.1876
10.5491
16.6452
19.5876
6.78407
10.068
2.49618
18.5416
19.9028
9.46968
0.566774
11.5751
11.9063
8.5597
18.8681
15.4788
9.64498
17.8122
6.86365
18.2301
8.12754
11.4736
14.6849
7.39942
8.6508
13.7182
17.2686
6.47955
9.39405
19.0836
10.8899
13.3981
8.08656
13.3293
8.27208
18.046
7.63204
14.2616
0.29207
12.5398
9.7962
1.68878
3.91417
1.61499
6.20758
3.79763
15.8598
8.96772
4.82341
14.6736
4.97036
3.86263
6.45676
5.42308
7.95629
8.7149
15.6527
14.4604
14.3707
14.7979
12.1289
18.2648
12.4015
15.4485
11.3706
15.3518
17.8617
6.11644
11.8122
12.8332
4.37208
10.1815
3.9711
1.59876
10.5281
15.3956
16.0574
10.8904
0.477977
15.1162
4.39088
19.2985
11.354
5.74182
14.7505
19.3155
4.99343
13.3176
5.05733
4.8496
7.58815
6.20128
18.5546
19.6395
9.43601
4.62701
15.5255
5.87252
13.7201
0.579797
11.3981
4.88852
11.474
14.2117
8.70943
9.37713
1.26681
11.7793
9.52555
18.1905
5.62129
18.6863
7.80874
1.4761
3.05246
19.6222
14.2422
9.20911
8.86243
11.0007
15.6901
2.8307
1.00489
16.4882
7.94927
1.59056
19.6299
16.4773
2.64166
16.3921
8.63569
12.3777
19.0369
14.3573
13.7892
0.641038
0.995805
8.85937
11.8712
11.2331
9.46635
16.7047
3.25599
4.57215
6.06971
1.26923
3.18351
6.75682
5.05808
4.38407
7.61903
6.26205
11.5549
7.09238
16.1194
10.1039
0.679442
5.91811
12.0069
12.4307
1.16204
5.45651
19.5146
7.44557
13.3996
15.5111
12.2882
18.9943
6.44816
4.8743
5.67041
6.39384
4.571
2.42385
17.6581
13.9401
4.72129
5.91259
13.3765
5.18622
17.2498
4.0531
0.942348
19.098
1.10033
8.95942
3.68961
9.47384
10.9446
11.3002
12.7037
15.7708
15.5147
5.44156
16.6759
16.966
12.0212
14.626
10.343
2.4732
1.30102
17.8194
15.6591
10.4585
12.0042
13.6321
1.37142
7.09268
4.77501
16.866
19.8523
16.4232
0.380751
19.4494
12.3676
14.5013
8.79837
8.87949
16.9402
2.10494
12.3943
8.57712
10.5959
2.66317
19.4395
5.4709
5.18273
1.0729
5.36159
3.84159
18.6825
5.48117
9.88447
13.897
0.237484
11.3932
2.74163
5.83623
12.1843
11.1734
9.60482
0.0749584
0.224497
7.71412
2.45705
12.4048
17.7687
9.90574
15.6569
13.0583
6.46659
12.2574
19.0923
19.5926
10.5458
9.53348
10.3191
8.36716
19.9355
19.6997
18.3192
18.5298
12.6329
1.49704
12.3591
0.491888
1.18759
2.37445
18.1065
1.23024
2.35885
7.1376
0.664486
7.84449
7.36478
0.70577
4.47646
0.424871
3.94601
8.13753
15.2959
1.4189
15.9729
9.94013
8.42261
16.8473
17.3293
7.08659
2.82025
8.563
11.7336
0.857642
4.81064
14.8333
14.353
15.3308
1.83531
4.99981
