16.8303
3.31873
18.6849
0.110971
17.781
18.3598
6.59892
18.9069
18.1399
14.4901
13.6847
12.7855
11.6837
7.52914
4.42942
1.44704
19.0792
13.8989
18.6019
6.20957
10.6246
14.5402
17.5417
8.2642
13.0888
9.55915
15.1909
13.692
7.96417
18.1414
17.8473
4.88551
10.6519
3.50498
19.2537
15.2018
4.02065
13.2885
15.2157
18.7705
17.5241
8.24262
8.63955
13.6152
8.61497
13.4796
1.55271
0.806067
4.2079
17.8036
1.72106
7.82337
11.0647
5.03354
8.04408
3.04027
7.38256
6.44777
0.946067
3.22035
5.78708
19.6897
2.24035
7.34143
3.69197
16.6221
12.7062
19.3775
9.17169
6.12194
9.46325
9.03734
7.09621
18.368
17.9234
15.0678
0.855668
6.20558
13.1827
6.44428
1.11291
3.48353
12.5495
13.4701
0.850615
4.61246
9.54883
14.5537
14.7343
10.2212
17.1593
5.04022
19.2815
19.3706
0.481243
17.7406
14.2556
15.2042
8.76984
10.645
9.82209
4.60636
15.1397
4.85271
3.15926
5.0518
0.818344
6.47052
8.54951
17.2585
10.7292
4.48483
6.07479
5.98078
6.9626
12.1257
2.3322
12.8521
19.432
13.9698
11.0826
17.2805
8.87383
6.36685
16.9619
17.864
4.31379
5.90833
17.3943
11.4172
8.59262
14.4406
14.6849
13.1464
16.6539
19.2153
15.3868
18.7281
6.54745
12.6681
2.64721
15.5829
2.3749
15.3177
13.6937
12.0031
18.5297
2.37131
16.3711
2.9646
18.1038
13.4836
0.709282
1.17957
10.489
7.96314
2.36579
8.34132
10.9745
4.42876
9.07173
9.08815
7.85422
16.5347
10.895
11.2337
4.03551
15.0313
16.5007
14.8183
4.28719
8.63707
11.994
14.3874
12.7469
2.612
4.98273
3.82101
13.631
7.35813
14.8212
0.929813
8.45335
1.75787
19.8698
4.22727
1.44845
7.36607
15.5314
11.2739
7.27544
14.4147
4.26047
4.10011
6.64348
11.6726
10.8477
7.13651
1.13883
14.5583
12.8003
5.0833
14.9885
4.32527
12.8549
7.88636
11.7305
4.2074
17.9998
9.82667
2.60574
9.27444
7.90219
14.5939
4.31567
5.64584
3.00772
19.233
7.14378
4.11998
11.6108
18.2516
16.4527
3.80241
2.04854
6.14538
11.0942
10.6268
16.8539
18.6695
6.36918
4.73226
15.0702
4.90266
10.6778
3.0288
18.0514
0.650457
14.7504
15.7347
1.09556
9.84137
17.0049
12.9857
2.08265
11.8541
3.32586
8.69223
16.0967
19.4486
1.14801
18.7436
15.176
10.3549
16.4747
16.6622
6.939
13.4395
1.36109
2.11981
0.876597
5.21637
11.3678
16.494
2.35598
0.80663
7.105
8.19122
5.26392
18.6945
12.9936
6.88319
5.45027
3.7867
13.8182
12.0883
18.0561
4.04057
5.87069
4.83718
17.328
8.14766
13.6242
18.1019
18.7072
4.67064
2.08355
4.85805
9.41189
10.0293
9.1117
5.55072
16.4782
18.3385
4.43465
2.35723
11.7168
3.50332
11.2886
8.01492
6.86639
5.35266
1.71884
7.10782
0.900977
17.5158
7.10051
7.12488
10.868
16.6622
8.19899
12.2401
13.2187
13.0874
4.81594
3.7043
19.9762
2.64232
18.2143
8.0374
1.47687
10.1588
19.2685
11.9742
14.9699
17.8557
4.63205
8.47094
10.5273
16.2557
12.8778
13.6842
9.62786
0.778039
5.05638
9.34672
16.7725
1.29388
5.6651
6.01102
11.7598
7.66693
9.37745
0.705619
11.8908
7.38282
12.5156
16.5461
15.0343
9.7978
7.12806
12.9074
1.46512
9.42214
16.2129
9.7784
18.9715
8.2377
18.0512
8.7427
14.1377
7.51509
6.40469
6.54645
5.29353
4.98746
5.49401
11.4497
13.2866
16.8106
8.70329
17.9175
8.60025
10.8866
5.37703
2.44421
14.0321
14.4307
16.4141
2.76626
11.8566
11.198
0.764607
14.1438
7.96953
17.176
3.25991
17.6697
6.06732
14.8382
5.24161
19.4335
10.3972
3.6618
7.51086
18.939
10.0974
13.8552
2.09712
6.36219
10.9857
19.3249
9.80641
13.259
0.34068
17.982
12.6215
12.5726
16.9774
1.28557
15.861
17.1994
10.4227
17.6276
15.1241
16.3985
15.6135
10.7144
8.70928
3.83085
4.32071
1.16382
18.1525
2.62516
19.7951
12.4568
3.12259
14.0492
9.65521
10.6821
2.8115
13.9699
17.2689
2.02316
15.3545
16.6841
0.199881
6.1772
8.61036
0.258974
4.43298
5.11582
16.901
14.5839
18.6076
5.24247
15.3069
7.81
12.7175
0.382148
3.24816
10.6813
6.76987
12.4066
6.59995
4.61687
11.3729
8.15707
5.84638
10.0003
8.53659
13.9466
10.0571
7.51062
10.7758
16.0444
17.1327
19.6056
6.96532
19.3511
2.66501
9.43002
13.7029
1.38386
8.60274
6.00686
12.0577
5.55208
13.2046
4.98988
4.65538
18.9563
0.9898
1.90671
3.92437
1.13176
8.57456
3.19236
18.8118
1.03467
13.9025
15.1722
8.61603
1.78272
4.95315
17.1013
14.4112
13.2428
14.8039
9.1543
8.17086
7.3827
17.173
4.5858
11.8501
10.8991
3.43745
11.4978
16.1989
14.8288
8.12902
17.8069
14.7122
5.4324
14.3954
6.12272
11.0895
10.7794
16.2689
5.206
16.3467
7.46855
13.5243
3.68079
1.77119
9.64561
2.34017
2.03748
17.847
4.04539
11.0159
4.76308
19.8808
17.7909
8.43204
13.9805
6.31192
14.658
1.43493
16.9648
14.314
5.27816
1.71448
16.3661
3.16443
8.67288
0.398434
19.2532
8.77225
15.1732
18.1728
5.64453
6.6362
11.1595
12.9789
10.226
5.53998
6.40036
11.5598
0.509561
5.61883
17.9061
0.20772
2.22318
8.17979
2.00485
14.4066
13.8305
9.06926
11.6017
4.08131
8.47426
11.552
6.58186
18.5296
19.3968
13.9261
5.33432
5.61645
6.32539
3.35546
1.85865
2.0905
8.41425
7.38844
17.8658
15.2629
19.0671
14.375
1.33229
3.67292
3.187
10.5782
10.7602
8.88323
17.2797
7.40308
10.4804
17.1795
14.1568
9.76193
1.06014
13.1869
16.0047
1.50851
0.455779
2.17209
19.3366
16.9916
12.5426
13.7383
16.7278
10.0847
15.7128
0.722466
15.6216
19.1263
11.3906
17.6721
15.1577
15.6523
14.9844
7.99371
4.24318
0.504491
10.1704
17.3652
0.987981
13.1276
3.33521
9.59856
13.2802
6.25948
2.43492
12.3066
12.2556
17.0283
13.7099
7.95588
15.7498
13.4556
7.48566
18.6172
8.96921
17.2363
5.98158
16.4053
13.651
12.7479
6.87392
8.97005
7.28477
12.23
6.02332
2.1951
13.944
2.92217
18.3228
11.9572
3.79615
1.76026
18.7796
14.5778
5.75117
8.15902
10.7354
9.08303
13.139
5.59837
17.6088
7.67657
19.3148
5.69155
2.65728
9.22531
9.28965
8.43626
14.1631
5.06312
3.05634
17.1739
17.7618
14.5645
13.5474
14.7697
11.0016
15.6761
11.8075
1.65848
1.08724
10.1861
16.52
15.5887
1.30782
19.2286
6.24889
1.49155
14.653
19.4086
13.3321
10.4687
0.122014
1.15793
2.80363
16.6543
11.5085
10.5235
3.43619
18.7664
4.50156
11.1699
5.61189
6.56308
14.7341
18.8446
16.5269
14.6223
17.8492
12.582
1.09777
18.5996
9.13179
12.4549
4.87912
7.6755
3.15713
17.2028
13.4071
9.14927
0.138986
5.7985
17.2199
18.8722
0.394411
19.8163
12.111
16.8426
14.892
12.0468
2.36501
13.7412
5.48436
9.72846
12.5402
11.0027
4.20532
17.3881
19.8418
14.5627
18.3391
9.18043
13.6475
1.25444
2.91362
19.3718
10.8119
11.4434
3.09105
8.99772
1.9075
19.694
4.65914
0.59323
19.5916
4.13426
9.26349
17.522
7.89516
1.55719
1.3519
12.2524
6.44143
15.1599
1.14301
12.89
7.97589
14.2051
16.5702
14.2192
1.06428
0.176318
17.9463
11.4604
11.0595
15.1823
13.8497
11.5267
16.6665
4.3295
12.128
0.386221
4.33054
3.36325
9.98378
0.0256967
11.7049
11.0524
8.04797
1.11431
10.5177
15.3832
9.61583
10.4979
3.48832
4.15139
11.6305
0.111865
7.15318
2.21975
19.3928
12.4641
11.9353
13.1644
2.64357
7.44287
1.87342
11.692
3.33396
16.4715
9.86402
10.5579
12.4205
13.2766
0.234508
1.09483
12.961
17.403
15.4548
16.475
16.4931
18.5863
11.3037
3.88604
9.09284
7.18008
11.5152
5.95486
12.1256
11.6521
2.82576
1.39337
12.1912
11.293
15.0689
2.28704
2.18087
15.6248
5.89048
18.2852
14.1618
19.385
3.68265
12.6811
10.3704
13.497
7.42118
8.0873
8.66357
16.3268
9.42318
18.8956
3.61953
0.0192641
10.0174
8.16497
14.2387
4.2367
15.2555
9.97211
18.1328
8.46191
7.19267
2.75673
15.5308
8.29378
18.5937
2.12622
14.3255
13.6418
8.5288
13.8798
1.00889
15.6819
5.27863
6.55844
11.8265
18.6853
18.0667
15.2939
3.82301
1.36264
13.0397
19.1732
7.98059
14.6747
17.9056
4.58411
15.6622
19.2934
10.0302
12.6583
8.19448
14.0538
8.67157
9.59683
18.345
18.4868
1.10005
0.236962
2.60198
18.8801
1.24955
18.6983
15.977
11.8374
2.12148
3.45009
5.91536
18.4162
10.7445
15.3845
17.5011
18.0864
8.85663
10.001
7.51648
1.15864
14.2615
15.7645
0.773003
0.773504
5.18319
11.2815
13.2203
13.9899
15.9854
11.7624
18.446
0.777941
7.99499
16.4477
19.7167
9.60117
10.237
14.5515
16.9652
6.0054
10.8574
8.53274
11.5998
13.5101
11.5711
13.7126
11.3181
14.4874
15.9609
15.0131
14.6456
16.2983
3.5399
14.894
1.98075
0.326675
10.7888
17.9458
18.1652
1.94048
8.57824
13.1145
0.0241346
12.2745
8.51868
12.6675
13.084
11.6741
19.4901
4.53301
1.64913
4.62667
17.6783
3.47675
9.93905
3.7076
3.75378
1.78781
2.58506
10.1209
17.7267
5.90854
14.0476
7.7112
19.1323
12.324
2.58823
7.58456
15.7996
10.0213
7.0019
9.24228
6.64033
7.49771
11.8531
4.06982
3.63361
6.7994
11.4874
15.7143
13.3725
0.031422
9.8036
0.542238
4.7813
5.28717
6.56337
9.76927
13.1977
11.2459
3.61157
3.13908
5.75315
1.10499
10.0396
6.37914
12.0285
0.769898
9.90221
5.13474
18.7544
3.84351
17.6409
10.0963
13.0943
10.8293
8.70534
16.2161
11.1284
11.9528
0.298847
1.40626
11.118
10.0546
14.4002
11.1111
17.2528
6.53507
17.4101
15.9406
12.9636
19.284
10.1812
12.1191
18.1429
16.8809
0.97091
16.6309
14.9702
17.1187
12.5157
16.705
14.5476
9.00151
8.80955
11.1929
1.59976
2.93924
8.61482
3.88112
12.6794
11.0415
4.83507
3.41829
17.8501
10.6138
5.53986
17.0428
1.06995
7.70239
6.75294
6.99657
7.51469
12.2911
2.96452
6.25073
1.01062
14.326
9.79541
13.4165
5.61043
7.63262
19.5103
1.36141
9.35164
1.6739
15.8302
2.81711
0.30566
14.6378
14.7763
4.86566
11.5903
11.5526
5.22283
10.2937
14.6776
5.36843
2.3696
6.99297
15.3874
8.55203
6.99219
7.82517
3.79073
5.73335
6.90176
0.367874
0.879974
3.94956
1.26038
14.5898
14.1143
18.9741
7.03186
13.3221
19.7196
7.29395
18.7767
8.91219
2.95239
9.12468
0.257718
0.606672
10.6828
12.964
18.8294
7.21056
11.6948
15.201
8.80817
3.47817
14.7537
13.2462
11.0994
13.1852
5.30585
10.9024
0.950639
19.6051
2.33626
17.9103
15.0306
8.64286
11.4058
5.64777
13.3353
9.40366
5.42133
1.37315
7.60958
2.72206
19.12
19.7352
16.329
4.54297
15.2864
7.10624
1.99832
5.02843
4.05762
12.3953
12.9319
8.74345
11.7672
18.12
13.1394
16.5265
10.2128
6.43555
11.8418
1.09507
13.7872
7.57446
19.2233
17.9264
9.61308
8.46066
14.289
18.4383
0.67524
12.0259
18.617
1.9605
10.1593
16.839
15.6521
14.085
2.72063
6.3386
13.2869
6.30452
6.26406
5.3246
19.1814
14.0104
14.8954
0.803459
1.57113
15.8255
4.09081
1.92477
17.5898
5.58926
8.22982
16.3715
9.37193
0.788292
6.28045
11.0414
9.16906
1.10783
5.27545
3.33955
13.8216
16.2583
0.286399
6.77049
2.14831
12.2989
18.8495
11.6606
0.81419
0.801142
10.7689
9.82746
2.65923
12.4973
4.50535
15.3145
3.70623
5.63986
16.0613
17.1813
16.2366
19.2079
2.7821
0.752062
8.25566
10.175
4.82382
16.6325
19.6016
8.17844
10.5944
1.60879
5.64698
1.90671
7.95461
17.5914
3.16966
7.45713
5.41271
9.15752
9.99222
4.83156
10.6759
15.3824
5.98774
10.7632
16.6137
4.25259
8.86926
4.58407
1.08268
5.15462
13.4268
9.94523
18.1784
15.3295
7.03202
13.9745
19.3984
1.28087
10.981
15.1039
12.5296
13.0558
14.4989
14.1221
19.5065
8.09033
17.7049
0.869993
19.3345
9.69564
14.8142
14.9205
13.9304
6.29117
2.77261
18.8083
1.53136
12.1056
11.5858
5.63876
0.0981121
19.9032
17.1667
2.53776
4.23337
2.91543
7.02789
12.799
19.4086
2.10484
18.0735
12.0761
17.6097
19.3932
17.9311
15.8423
14.6911
11.1294
3.81269
5.73721
16.2992
18.5419
8.7083
7.22312
15.0175
10.9757
6.41516
1.59416
16.4651
9.44769
18.4073
15.0449
18.8348
12.657
5.28815
9.8198
18.4128
2.02524
9.61192
0.0745781
15.452
9.23097
3.1313
9.71051
19.0479
0.557143
5.20913
5.95265
14.7822
1.09852
14.9096
15.5741
11.433
10.7783
19.6986
17.8837
8.34817
11.9638
4.51762
15.1601
7.23962
12.2466
10.8897
2.61054
16.4233
6.53157
9.24693
17.8301
19.7101
19.6911
5.35761
15.1271
13.2896
15.172
3.8809
1.22533
9.29903
1.15162
0.843062
14.5329
19.3911
14.9526
10.1082
18.083
19.1708
12.6519
11.2538
16.4837
6.29058
10.0663
8.77815
17.7643
18.4985
13.0212
19.5237
1.35324
17.3758
15.4818
11.5991
7.2429
10.6196
15.5563
0.739907
5.4793
19.8194
11.336
5.73522
8.88096
16.2172
4.67425
3.13938
9.46729
5.49506
12.3634
4.39524
12.5642
4.81211
5.6756
7.8454
0.926682
8.74075
5.7072
0.872209
10.5131
1.1066
7.00351
0.157833
11.2635
18.7095
5.68244
5.52004
12.8084
19.8042
1.94994
3.81628
7.27856
5.18805
3.90994
19.6191
4.61348
11.7125
6.27632
7.40702
4.39601
15.4701
11.8015
12.8101
18.4788
2.34737
17.8854
10.8571
18.2137
5.45146
3.20142
8.00044
0.629319
7.37348
12.688
0.125788
17.6545
16.8252
13.056
11.3348
7.01119
9.63147
1.5972
17.4403
4.96
9.22079
13.7566
9.6489
5.92084
2.49447
7.16523
14.1593
7.36314
18.1389
5.20072
17.4058
17.146
6.88216
1.19102
2.64233
19.8797
5.36476
4.99813
10.2926
11.4748
18.8259
0.15176
6.55296
8.9061
10.044
16.6344
8.59629
2.95392
18.9185
8.55695
13.8207
3.93484
8.24217
0.669236
9.10268
2.56847
17.1029
2.43798
14.4207
15.5597
11.9086
11.5811
5.35859
13.7575
9.12825
6.03061
7.44587
13.8179
19.182
0.49389
6.74316
2.12005
8.5403
15.3181
15.0596
9.88612
4.22512
18.1828
7.17966
2.69924
9.17264
3.14883
1.456
7.54763
19.1584
12.3583
5.28174
4.19508
14.2697
3.80689
15.351
10.3664
5.69487
16.5764
4.96047
1.41957
18.5078
10.0819
7.25172
19.5951
5.02961
1.86141
9.76859
6.68811
5.75213
13.8473
19.1908
14.5475
17.9183
12.6778
7.70766
17.5874
8.48299
1.76424
11.7348
3.6953
18.3884
14.0455
10.7757
15.6973
12.092
18.8238
1.8118
13.3341
13.5685
2.68694
17.4378
14.2256
8.26259
5.95043
2.63196
18.909
6.47678
13.1908
11.5147
16.3351
17.2801
17.639
18.1765
7.75191
19.0681
3.35624
16.7329
3.34279
5.68602
6.22521
11.4999
5.52325
7.78583
6.81779
6.18777
10.9572
13.1585
1.52417
16.391
2.54171
0.475939
7.87126
1.52408
5.91185
18.8038
12.0122
13.0723
13.741
7.03877
7.42777
11.9572
7.98652
18.1633
14.8145
12.7141
0.710261
3.43028
2.14955
19.1612
11.6323
17.939
12.3605
8.49283
11.2058
12.2588
1.44738
4.06515
19.9742
15.9894
15.9101
7.48956
19.0787
16.075
13.5133
16.2293
15.7746
7.08698
16.585
13.1697
15.7907
12.5756
4.10777
0.063079
17.9499
2.16884
13.5915
8.81683
12.7664
6.19853
1.20245
13.3233
7.044
18.2401
5.04321
15.7236
18.696
15.65
17.2098
0.51439
0.804389
5.99961
4.23402
17.635
0.961708
1.50077
13.9177
18.9605
8.75589
13.008
12.3977
11.6889
18.6907
2.00762
7.56558
0.925881
15.4981
7.45556
1.58447
1.2388
5.53017
6.20642
5.57022
16.6424
16.3831
6.23901
0.956123
6.07552
10.2476
15.9549
18.3087
18.1759
17.7526
13.2174
0.213498
18.3615
1.46596
4.25083
6.13422
14.4383
16.332
8.45271
4.52179
13.938
4.82251
16.2078
6.19033
1.12393
15.2883
11.2282
13.8255
15.0395
1.48435
17.0131
3.46275
3.00243
13.2865
7.02097
1.2518
16.3179
8.26007
9.68084
2.79108
19.0984
3.76257
19.5026
19.1911
11.3875
5.20267
15.9614
17.9629
11.6542
19.4602
12.8555
17.4834
8.8137
5.72398
2.3822
13.9164
0.846824
17.8994
12.7171
4.56571
0.045803
1.35977
16.9532
4.38061
17.4539
8.20096
18.0143
4.92123
1.40245
6.8394
12.6779
16.991
16.9488
12.1602
11.9695
3.5778
11.6004
19.2122
4.36205
7.87016
14.5805
2.42049
18.8831
9.43772
14.6326
12.237
1.50141
14.9451
0.890562
13.0348
11.5101
15.26
8.73799
0.867452
3.15297
7.14739
10.5116
8.71022
6.08057
19.66
14.1287
19.9941
0.0784039
15.4132
13.7625
6.08925
11.3474
13.6774
0.895245
2.95925
8.56353
6.78128
12.6149
14.1247
6.90304
18.589
8.18865
17.6417
5.35104
13.4979
11.5722
19.3343
7.57556
12.2576
7.86855
4.17019
5.17624
17.633
9.65792
7.21177
11.618
18.1864
12.5394
16.1797
16.4442
2.92835
18.2761
6.52753
5.7925
2.86279
16.2964
11.7372
17.9557
0.214377
19.1192
5.08311
11.9535
18.5208
4.94267
15.9894
4.12154
14.0144
3.22029
8.76922
3.64246
15.8809
7.17089
8.91947
14.5751
16.4825
15.9805
18.7619
2.21938
11.8128
15.2949
9.26067
2.17602
13.8342
2.98935
13.5953
18.9484
4.80388
3.44238
14.4294
3.50062
15.9977
0.0902198
14.9575
17.571
17.05
7.71757
13.1124
5.02627
9.49465
15.0721
2.49617
9.717
9.22643
7.72586
15.2216
18.9427
12.2692
14.4165
2.202
2.2079
17.5147
14.4101
19.1087
11.1577
6.00548
17.8274
2.11485
5.68402
5.87923
3.63419
9.41681
3.40625
9.9088
8.73939
0.32111
16.9939
10.438
5.54583
8.71264
5.50258
16.4424
3.60902
4.32896
8.22276
18.1167
19.4694
6.9458
16.7415
1.35795
8.27099
9.82213
5.32464
9.04477
14.4723
8.50606
18.623
6.34517
18.9095
16.68
5.39799
6.61149
8.21577
12.8007
13.782
10.7576
5.10814
7.73342
17.3746
15.2763
18.4966
14.0699
11.1343
12.3705
1.74996
10.1676
12.685
9.93381
5.29661
2.66668
14.2025
9.78663
8.38612
9.41739
1.80935
10.5369
14.366
4.92839
4.2769
16.0248
17.4831
9.23996
11.9632
13.4108
7.77647
0.277436
11.0939
6.32485
10.4744
6.33729
3.35054
11.6462
11.9971
12.2513
2.27243
4.88581
6.05225
9.31406
16.8942
8.07217
1.00086
17.8543
18.1794
6.05874
19.9671
18.7073
18.4447
13.4932
0.922682
12.5793
8.82188
13.1724
5.71251
7.11764
2.71913
13.0179
19.7849
19.5945
15.5395
13.6148
9.38617
3.72572
9.48836
7.17506
8.64164
1.99216
3.97177
12.5643
9.27302
8.73748
10.006
6.12421
3.82943
1.84989
1.96226
11.5033
7.89442
4.5893
13.3019
18.8442
4.0946
18.0802
0.788742
7.20724
6.58669
11.6276
9.23677
13.9464
12.1328
14.3339
17.8182
7.25476
1.64815
3.07357
17.7834
1.54191
4.36442
5.32228
17.544
1.11543
17.5347
17.7747
15.0737
9.08556
19.8854
13.5591
2.81868
8.06389
11.7757
0.576525
15.3632
15.4739
6.13519
1.07378
12.4261
15.6548
19.7439
17.2711
14.1571
10.88
13.5736
18.8291
1.61125
0.693451
4.95476
18.9823
5.91877
7.8914
11.6468
19.5098
13.9833
13.8451
6.45664
11.3544
16.1855
6.97796
13.8211
2.25125
1.17738
11.5482
19.7153
8.71459
19.3508
2.81102
1.57001
17.7956
3.452
7.01116
17.1599
18.3198
4.16054
16.2773
0.354705
8.19236
18.2778
2.64337
16.7839
12.5054
16.6743
6.63662
12.4633
1.79672
4.1078
1.01125
13.9602
12.8504
13.2028
4.35376
16.234
3.43525
19.0302
16.9896
11.5057
2.94538
11.2817
4.70529
18.6802
15.4891
8.00112
4.61499
1.92972
15.2134
14.617
17.5227
2.95245
5.9858
10.1421
12.197
12.0001
16.8536
17.3296
3.13197
12.627
15.9195
0.636215
14.0675
17.0306
2.16606
16.9464
11.384
16.7542
10.9402
16.5988
14.9801
14.5584
12.5739
19.4728
17.1512
18.8918
8.99115
1.82761
0.275305
10.364
1.52913
17.1951
6.91688
18.3512
16.8518
19.5574
8.46534
18.6916
1.67545
1.22684
5.90972
10.2178
1.69214
9.66171
5.52893
2.79319
12.9797
7.48767
9.83777
2.41179
10.022
12.6988
9.43044
16.4344
17.8508
7.87962
7.97615
12.332
6.26011
9.15467
13.0503
12.2255
11.7103
11.7105
15.5931
0.00558223
17.3547
17.0856
18.4822
5.81843
17.7153
3.01377
16.9812
19.9233
3.99273
2.76542
5.45215
9.59831
16.3088
17.586
11.4971
11.1907
11.8958
8.25868
1.91968
1.17002
13.4548
7.0107
14.8514
19.5967
9.68096
5.35122
7.99261
4.56262
18.9434
17.7193
9.38192
8.45801
6.66876
8.19848
15.0737
2.43598
5.51232
7.86185
16.5142
5.20616
6.58585
4.18877
8.33254
13.1603
1.31169
17.5001
19.2984
1.20889
1.90697
13.5596
8.03522
15.4817
18.8081
3.61577
14.7119
15.612
7.79543
12.1627
6.8132
16.0534
15.8303
2.08207
0.499175
15.2746
8.10731
4.2137
19.5833
13.2489
18.4636
15.8161
12.1673
9.27503
4.46193
7.38846
17.017
3.90362
18.3091
5.83739
4.15158
2.7849
14.07
0.567617
16.0012
0.745392
2.8871
0.536148
10.3946
3.87097
12.2204
11.7544
5.56328
12.602
13.2694
16.356
19.8489
3.01079
11.3274
2.34211
2.89288
4.81856
13.0404
3.40196
17.0538
15.6036
4.92489
3.60182
17.4055
11.6292
10.1678
17.2001
12.7621
1.65013
4.37955
2.16687
3.32142
4.86582
12.8688
4.04816
8.54096
7.91451
9.8578
13.8677
1.34181
1.64545
8.2771
13.536
18.1304
5.88498
17.881
14.7876
8.45329
8.72354
13.8706
9.78909
5.38625
0.799949
14.5735
5.82828
16.2489
19.7165
7.72432
5.56928
16.3645
12.7647
17.646
1.08858
15.3055
12.386
15.8456
14.4923
5.85488
1.93516
7.46808
8.96821
4.7394
17.3394
9.58265
4.88941
19.567
17.2607
13.0035
17.3412
3.19612
16.8855
8.38077
9.4452
12.3847
7.4263
3.61058
1.54337
12.685
18.7253
15.8178
18.2558
7.28063
10.6583
10.527
8.6691
12.1481
19.3019
13.7754
6.76904
8.07648
3.92098
7.18099
7.69646
13.4004
4.91457
19.5982
10.0283
19.213
19.1683
15.0787
7.74641
11.1293
16.8447
14.3609
17.9022
3.80425
13.108
10.9133
7.75084
0.0422132
9.64492
19.2446
14.218
1.69184
7.36409
14.2882
12.3803
3.19737
1.11485
5.32331
4.66344
6.99228
18.2096
12.0811
8.19562
2.0672
1.41969
0.614448
19.0881
13.0824
13.3375
17.2478
5.28194
14.8949
12.7516
17.2757
4.74204
8.6969
3.49237
3.87312
9.24315
2.83262
4.79558
16.9223
3.70036
13.8389
13.2799
3.58483
2.2842
17.6519
11.107
18.483
16.0811
3.81553
1.07472
1.13846
2.9652
17.7718
8.10781
16.8562
11.6351
7.67022
15.5218
8.69896
6.1697
16.4624
17.4234
9.28926
10.9987
12.3656
10.5276
16.0772
15.5978
15.0375
0.0461975
4.27758
14.271
16.9786
11.3032
6.81552
8.50253
0.924488
14.0259
5.41649
5.53258
11.3231
10.441
19.2835
6.4916
3.02143
4.65836
7.001
15.1242
12.6964
5.02932
4.46658
5.48873
6.57035
15.2662
12.282
6.05539
2.79801
0.704653
15.5561
11.9487
11.6574
3.87669
8.72189
5.4533
17.8329
19.324
7.30629
4.62135
8.08533
9.43171
6.73059
12.1564
11.4515
5.17849
6.03964
7.35962
11.1135
7.44826
2.07192
18.9721
15.829
16.5347
11.1672
8.78574
18.0895
8.26473
8.21004
11.2663
0.766046
6.85392
7.99668
2.43365
12.4416
14.2538
8.71282
19.8694
14.8275
1.60699
14.4265
0.951292
18.9875
14.1316
12.1046
6.91216
2.35694
9.52384
0.192993
9.72347
0.0583129
4.51676
8.16938
6.64315
17.9478
2.16711
15.0549
8.44322
17.4863
5.13505
17.2026
19.4455
12.5389
13.176
17.9293
3.74614
6.24796
6.47666
12.6838
4.1193
1.67518
0.602252
0.124372
14.2964
17.5806
19.4938
9.10542
11.8869
8.97053
4.87796
16.6032
15.4645
4.38518
10.3708
8.0925
11.6559
8.80201
10.347
5.9267
12.4025
1.35713
9.5387
0.603489
19.8766
4.3309
0.171595
6.12093
16.0989
0.174837
15.984
9.52267
19.4551
18.863
6.83816
7.76649
14.2872
19.5555
19.6248
16.8437
10.3553
10.0471
0.615018
19.4378
10.7824
8.5518
5.22747
12.7616
17.1699
8.312
7.15972
7.7835
0.891382
19.3533
18.369
14.0021
5.07125
10.9735
2.25713
16.5238
8.41368
3.09178
9.59518
8.91581
0.79023
6.91629
14.12
13.7644
9.18617
12.5958
5.99007
8.33606
7.67924
12.343
2.13093
11.7515
0.741032
19.7081
2.64927
2.656
2.01032
9.14849
19.4763
17.3854
3.98877
11.3838
0.57578
8.49241
8.56814
8.28193
7.83383
9.25246
7.9065
1.28548
15.0305
11.3838
7.00785
3.12647
15.6998
14.0537
18.2209
6.70404
14.9362
10.8168
0.568711
3.787
3.9619
12.6507
2.21661
10.2401
3.62289
4.01157
18.301
0.985897
2.58377
1.84788
13.6323
10.5399
1.92731
1.97772
3.53419
9.70193
12.4851
15.6683
1.58879
3.11539
19.6449
18.6009
14.1744
8.5724
12.0468
10.5728
8.67169
11.9742
5.46792
8.94902
18.4514
10.1249
12.5415
18.1901
12.5936
10.79
17.6553
9.6701
7.30944
17.5054
4.0196
10.9979
15.4747
13.25
8.83597
5.49492
14.024
14.2669
13.4568
17.8053
7.85703
10.5412
2.87264
2.40642
2.92585
5.62496
15.9368
11.6777
18.3016
19.4098
17.3846
13.1918
10.1572
2.66617
3.20331
19.2674
19.7715
1.25814
5.3304
10.2281
15.3381
9.72101
16.3973
9.71077
2.73523
17.1544
14.1261
14.1642
4.93639
13.0305
18.0677
13.3792
14.5349
11.5551
2.50242
11.9829
16.5191
4.73583
2.0272
0.654842
19.8517
8.34315
15.0004
4.2982
6.66157
10.2001
4.10088
2.61259
5.17704
19.5462
3.05495
13.72
17.3569
8.41211
4.85126
3.8879
7.22193
13.8937
18.3101
7.47862
7.87415
7.26644
0.374284
11.5052
6.21475
4.68334
17.7578
2.52449
18.7794
6.67479
7.91709
1.96667
12.9734
11.538
6.05731
3.74763
3.47399
19.7843
11.0011
14.1746
17.2465
2.47475
9.67293
8.85508
10.8424
10.663
0.740181
17.4731
16.7243
14.1186
18.9312
17.8818
2.24333
19.1159
14.7829
19.0128
11.9333
5.26006
18.954
13.7369
19.3389
14.3703
14.9534
10.6422
9.29088
2.97369
6.63302
5.71281
0.713635
18.3488
4.9365
0.929027
11.0746
3.53596
17.9396
8.89632
17.7903
6.37059
12.8211
1.88108
10.8443
4.8362
10.6319
5.90665
1.28319
3.6338
19.5952
4.55081
8.24429
10.0373
3.5533
11.063
11.2846
10.3405
11.8936
15.3765
13.8226
2.00839
0.590939
4.72175
8.90147
10.238
18.4966
11.2216
3.48652
18.4459
15.5642
10.6225
12.9533
1.43884
16.1761
8.24668
16.0206
14.8367
15.1682
12.0751
2.93657
17.6003
16.6009
9.945
7.96599
15.6406
14.3116
12.0038
10.5263
5.81291
2.8868
16.9581
8.08713
0.682277
0.998449
17.127
5.74295
18.1453
3.80202
16.118
5.86519
16.3358
7.42865
4.88728
3.37313
13.2619
8.03343
18.8612
13.5328
6.18829
11.3205
14.2417
11.2118
6.36989
3.25196
2.03915
17.0411
5.59206
5.59289
11.9295
15.7651
18.4532
5.49011
8.39322
7.17523
6.58354
18.441
8.44483
6.10225
8.5837
6.14965
4.3602
13.2491
8.914
16.9189
5.02663
14.0296
17.5572
12.9165
18.5381
3.71596
1.96687
4.22009
7.4671
3.44383
1.45696
2.94274
8.75031
6.03112
14.528
17.0416
5.61368
13.8234
18.3413
19.1747
13.7847
8.60413
0.018738
7.84258
5.83953
1.9537
17.1307
1.7661
8.18977
5.50543
6.55004
10.9402
6.21518
16.2344
18.7553
7.50545
16.5788
17.8782
14.1683
8.19929
6.54043
2.00637
15.9093
5.13473
10.9137
14.8441
3.68043
4.43665
14.0638
2.87059
19.4949
9.21708
8.22151
12.2445
17.8252
6.17069
3.24447
18.1472
0.326344
10.3752
17.9092
15.0371
11.1819
19.7183
6.58314
15.0448
17.8867
16.7039
19.5777
10.8647
5.85258
1.45315
1.36595
0.91059
12.2468
2.66025
19.4741
3.01618
3.07572
1.99825
10.0307
15.1539
5.60496
2.77606
17.8374
15.5026
6.13983
17.8561
12.726
8.84638
9.47628
13.239
16.2527
5.93028
9.67365
13.5179
1.45638
2.43141
3.17865
4.18169
12.0574
0.178553
16.8991
1.0803
0.667301
19.6942
12.5326
12.6625
9.28187
17.9502
15.4895
9.86688
19.9316
5.21824
14.8985
12.8078
8.30468
8.88696
1.8176
10.7852
1.37141
16.404
17.0024
0.0517699
6.64595
6.67798
2.08137
10.8284
8.1989
9.00305
13.8877
19.6968
10.3245
17.8587
19.579
10.0089
2.70594
15.4915
7.46174
3.77583
18.2374
12.2425
11.7586
11.7046
6.70263
18.8685
4.05988
7.70533
4.27845
18.3825
19.3966
19.8713
9.16995
14.9213
12.3429
18.796
14.693
7.92266
7.4299
12.0085
2.70159
1.63692
7.18496
12.9295
1.24081
17.5249
17.5363
6.59575
12.0976
19.3183
11.4215
19.9234
14.3576
8.03784
2.78041
11.6516
8.17652
4.34077
2.96467
6.4069
7.92957
17.2545
10.5194
12.9333
14.4831
19.8435
4.95283
16.3899
11.2983
9.62612
11.8118
13.9643
15.7111
0.501873
13.5576
17.6915
9.15848
7.24297
16.3126
16.8831
16.7991
17.1543
2.02365
18.1498
0.0961972
3.95474
17.1349
14.4338
4.53743
5.30521
0.104349
18.6014
16.3086
8.54614
7.73517
9.31792
7.16045
9.91548
16.9417
3.39485
18.5008
11.5653
0.640343
13.7115
1.85205
3.99357
11.2859
5.82794
15.8045
17.6899
9.8664
6.94343
4.60355
0.435951
7.41763
4.70912
3.95657
12.0681
8.06077
19.3721
11.5845
2.80052
9.26762
15.0279
6.11817
14.3054
15.1988
13.7313
9.69284
1.65654
2.61155
18.0275
8.48223
1.29947
18.9192
8.77228
4.85165
18.9
10.461
8.05297
1.91776
11.7285
15.0948
14.6231
3.148
18.0434
9.60796
15.57
1.47645
6.0068
0.244185
0.0923504
14.0426
0.061961
3.26065
4.0673
19.8356
16.0164
2.98105
4.89316
15.7883
11.8744
0.993202
15.4578
12.6362
14.2414
8.86692
0.598037
18.5489
6.56461
17.9843
13.7514
5.69936
0.791497
1.54493
4.35957
8.31149
19.172
15.1109
5.41393
6.35836
10.4399
5.43767
0.141393
19.8699
11.2379
0.665399
1.61276
12.9997
16.7669
6.72231
1.4625
4.34476
13.3402
5.79592
2.03158
15.3705
16.2647
3.50561
13.536
3.7055
16.7551
4.43597
1.20511
10.6439
1.68823
16.5061
5.59973
14.6146
1.2035
14.1857
15.3143
4.96704
16.5954
13.6721
11.7208
16.5763
2.97778
13.6468
3.72987
14.2281
2.60124
5.94906
8.20642
14.1999
10.4515
14.3018
15.3435
3.60826
17.4678
1.83026
15.4118
6.48353
2.29945
13.0084
0.779049
7.26689
3.1507
0.914042
16.0913
19.8339
4.60697
18.3938
8.14394
8.64397
1.2776
15.2122
10.4311
18.0118
1.14584
10.0017
1.94237
13.238
5.68925
11.6051
16.8346
5.34098
7.4383
1.25568
0.101553
10.3051
17.9433
10.5283
2.38281
5.98613
6.85966
18.8868
12.4851
13.2087
15.7126
11.7403
6.34921
16.6593
13.2717
14.4811
11.9948
14.1332
11.1377
16.134
15.9025
19.3695
13.6892
2.89731
15.0758
14.1217
17.7941
10.6305
8.31697
3.86862
11.8059
12.8508
4.4552
17.7879
18.808
13.0051
12.765
19.5454
0.682144
14.9192
7.68406
4.83214
7.088
19.2708
0.626837
11.364
17.0164
1.12227
17.295
0.256707
6.43078
5.88011
16.2104
0.869477
17.7896
14.7368
18.8033
17.8478
12.2393
12.9168
15.7344
13.5259
8.81552
17.7242
19.8445
7.02612
6.03851
1.11148
3.44804
2.67245
14.051
8.35651
16.209
18.4497
16.2255
13.4984
16.4126
11.6408
14.0831
18.6151
12.4995
10.11
2.07012
7.10847
1.02061
13.9005
11.6444
2.36847
9.59595
12.7725
3.86041
0.352924
10.343
5.61182
5.13196
5.21652
1.68492
3.02525
5.74814
4.28164
12.4813
13.9137
4.72442
0.167338
0.769831
11.4792
16.2459
6.02026
6.22177
14.8069
1.33717
12.2956
11.7005
16.2974
7.80772
19.8419
3.04309
11.4858
8.20618
3.08761
12.679
19.4936
19.5515
13.1209
11.1291
11.3968
18.9604
6.54434
17.7426
18.1972
7.61006
5.74637
9.10757
7.40067
1.63091
4.93588
0.929586
13.3746
19.5748
13.5391
10.0334
9.90456
3.43076
17.2096
17.8095
3.146
0.529286
11.1078
16.544
7.96685
16.9494
2.82001
6.17849
1.66657
5.42311
1.9753
2.83095
1.30265
7.34392
12.1363
7.51294
12.0911
1.05471
14.4772
5.46944
1.66036
11.7826
14.5792
2.42046
8.42319
19.9737
4.79222
7.80943
14.1193
3.32021
11.1675
0.194455
13.9557
19.3791
9.02032
17.5776
14.2746
10.9801
2.49701
13.6948
3.63645
10.8302
11.0751
13.4511
15.0562
13.4118
3.01936
19.5305
0.546929
16.3626
15.0006
11.4033
2.03603
15.9468
17.7442
5.89554
17.9984
7.11407
19.9063
8.54629
11.0815
19.1496
2.56503
17.8968
2.71574
15.7606
1.51154
4.53796
18.2506
8.85081
11.7156
3.96967
3.95523
5.14429
4.13635
11.4758
6.55818
8.09336
3.62013
0.75409
16.9072
11.0368
15.2312
2.04739
9.0967
13.8875
0.59873
8.5207
9.18863
2.06451
17.2909
9.13534
1.08297
11.9674
11.6746
19.9104
14.0289
7.03736
1.4258
16.4192
17.4484
15.5449
7.09187
4.43145
4.98655
16.5694
1.16864
16.4127
10.3051
10.745
19.232
0.203567
4.69542
10.7793
19.9479
9.59068
9.53846
11.0821
2.32122
9.28535
3.54282
10.6501
17.3951
6.5409
19.5907
3.53939
1.31943
3.03034
5.05101
5.46571
12.3244
11.3188
13.3341
0.18158
1.78107
11.5525
14.3924
11.7833
17.487
12.5758
3.0254
9.60718
14.2192
2.16737
4.83766
11.6151
11.6114
0.0491749
10.0148
6.71201
17.1173
4.06554
0.785531
3.07605
11.408
16.7413
12.7994
14.9586
11.8361
9.8518
17.9891
0.887633
4.33152
8.56101
7.75591
8.10427
19.3899
17.2695
4.29846
5.38509
15.0664
0.824592
18.2065
19.2123
16.7305
18.9183
11.8777
9.08321
15.389
1.4618
9.81838
11.8786
15.8478
10.7948
11.8672
1.57683
10.1159
6.48147
7.2103
1.6442
19.1967
15.759
7.9273
18.5906
10.7787
12.0292
16.693
12.4762
1.00791
11.2966
9.17807
18.7001
6.34281
12.666
8.28104
15.0476
4.738
19.6184
4.35813
14.789
13.522
16.8997
17.7137
5.91356
7.27047
3.93808
13.3189
17.3254
10.8624
9.51236
17.304
12.0707
8.84529
0.541823
3.40168
4.44813
15.3884
8.86632
12.0552
18.303
10.2239
4.04417
14.4391
17.8059
12.2181
7.90335
13.5792
7.88279
17.2629
11.465
19.7291
18.0602
15.175
4.96298
4.2252
17.7506
7.24229
11.2953
14.2135
3.02387
3.02243
3.244
13.0952
13.6722
0.926539
4.88389
6.93019
14.6341
0.113337
16.3221
2.45523
19.1317
0.780927
13.3534
16.8525
13.8278
6.83055
15.1551
8.29463
14.3167
1.84636
5.13904
6.25264
11.0644
13.7457
1.56525
8.14015
3.30968
16.0134
5.3418
18.7806
17.1144
7.14221
16.7564
12.4839
9.34809
10.6021
13.0672
4.49046
4.28376
6.78626
7.83389
14.7693
3.8429
1.60714
19.6843
15.2769
16.6464
13.4442
6.92594
8.83998
2.49728
5.70852
8.37816
7.39868
7.53813
0.673935
5.8332
13.6366
11.8166
19.452
16.3471
5.30943
9.72017
15.8498
0.264399
16.3868
11.4056
14.3776
8.59148
15.3248
6.99567
15.937
1.58232
12.0618
1.09739
9.72886
13.9458
16.458
7.28482
3.88053
10.0911
13.9055
8.37563
10.7376
9.08852
19.8895
13.7329
9.1364
13.9027
1.50689
3.02508
13.5402
7.32367
15.1821
4.61599
12.6554
10.8034
2.26806
14.026
10.6666
12.779
1.64462
6.90917
12.9417
16.6429
5.00259
19.5037
10.6812
9.56743
0.277387
0.543588
7.46838
0.48811
15.719
19.8168
15.9585
16.2039
13.4371
0.242422
11.1978
13.3436
11.2631
13.6471
17.4159
17.3548
4.30919
1.22021
8.9997
15.9826
14.817
4.52997
15.5954
18.4024
13.605
14.1165
5.70462
16.0379
4.03654
14.2018
16.0756
13.3633
19.4758
7.59761
18.3102
2.77491
0.508106
13.5995
10.7489
6.62388
0.251547
18.7633
3.03177
14.4457
18.4189
10.8218
18.0396
7.00991
8.49667
1.47802
15.9173
4.68725
11.1678
1.50505
12.1847
15.3899
6.61452
1.32843
13.1438
16.3726
15.6384
4.95547
15.5986
9.90946
3.06455
6.09432
19.971
2.36107
1.48491
18.142
7.23998
17.3478
3.28821
14.3848
18.3216
8.7765
7.39517
16.504
15.2119
14.0489
12.456
11.3861
16.2589
19.5432
0.825563
11.1979
9.14922
2.54132
15.2021
11.7004
0.754093
13.7759
14.5576
17.4228
9.90214
10.7274
13.5585
18.4676
6.24361
2.89363
2.97869
14.438
8.83041
7.26446
14.0332
11.6313
9.40744
16.1587
6.7116
0.622034
3.65444
6.44924
9.11695
14.8418
0.87841
10.5985
18.0072
9.42083
0.568505
14.7104
8.03408
11.2807
6.56318
11.5116
2.77039
16.059
6.48747
16.9433
7.26678
12.0626
13.4566
4.82392
11.5149
16.1812
0.703087
4.90146
3.48132
11.9513
13.5043
14.5349
3.21438
11.3658
8.01929
10.1525
3.0939
19.2704
4.64844
6.85309
5.2517
9.12808
11.9271
11.8906
9.68956
7.00101
19.3697
17.5322
15.332
9.38628
12.8339
15.5038
18.5403
19.6854
2.89665
15.8941
0.463115
3.73535
18.7351
5.50783
10.2132
13.5156
13.2144
15.465
11.1847
3.25315
1.27412
14.4918
18.247
12.5663
16.6428
1.90739
12.3467
7.53497
14.8626
8.93924
2.93078
19.6403
12.1082
1.1135
16.4021
4.99624
6.94591
11.2885
3.42213
19.7934
15.1615
1.77292
11.9579
15.2532
14.0003
19.0421
1.5386
1.11202
17.036
10.3877
7.78027
0.401502
10.6205
16.7999
8.27633
1.30145
5.89835
19.8941
3.75011
17.2691
3.05748
1.35902
14.2101
14.3181
7.42141
16.8181
8.45334
15.6865
8.5252
8.16135
6.37443
17.8928
6.64531
1.97936
17.9955
15.7435
10.9096
2.19098
15.258
12.389
11.7321
11.1
16.5343
15.48
0.861656
8.1592
7.39418
8.70204
1.76843
4.06349
14.9436
15.7529
7.96879
3.96278
5.10059
11.4333
19.6458
15.2512
2.11237
16.7053
3.11706
9.12094
5.08881
16.4555
0.908121
18.973
12.6949
13.638
17.0466
11.6529
14.1232
1.80015
3.62923
5.09654
11.2181
4.47311
7.85667
17.0496
2.20311
17.435
8.60747
11.8624
7.15186
19.2594
5.38868
16.9928
18.7852
6.36114
0.900928
0.403211
15.7918
4.64544
6.2228
2.64206
12.3591
19.7615
9.43709
1.01594
1.54207
14.2321
18.102
10.7443
17.4013
13.6345
16.2108
4.01852
18.8965
1.82036
19.3153
7.75183
4.11027
3.72732
16.2212
2.04489
12.2915
8.83812
8.70345
9.20227
0.272883
1.38888
13.8613
9.91371
1.08644
15.7841
16.6568
1.43944
16.9341
9.36443
1.69832
17.8503
8.54243
7.20954
5.35576
1.6933
19.1082
4.78437
11.963
2.45439
0.270216
11.4994
0.111408
11.2343
19.8974
5.23421
19.0864
10.0054
16.1776
10.5484
3.61939
7.8975
17.8638
15.0475
8.23498
15.8809
2.04366
16.7654
14.0792
5.23744
18.7026
7.15958
11.1619
11.7708
1.9567
3.07195
12.5038
11.9391
16.5318
1.31741
5.30107
5.65603
3.12968
15.5363
11.018
12.1974
4.25215
18.0344
0.629949
19.7586
14.7328
2.11234
11.018
11.0444
19.2598
16.7356
19.3975
8.69493
15.6737
3.21415
16.7466
15.139
17.974
15.7424
11.8865
10.6048
2.78098
19.8589
19.2374
15.0951
5.47926
7.83144
8.54285
11.428
4.45417
14.9738
12.8224
9.88813
12.6758
12.4184
18.646
8.75089
8.88686
11.6978
13.5073
7.95001
5.78643
17.577
2.76018
14.0441
9.50822
4.04827
3.6525
12.5074
13.0618
15.7686
7.29215
14.6377
19.6425
18.3691
0.388631
8.00172
10.8462
1.56056
13.379
13.2684
1.46107
7.66535
8.86389
11.2345
11.876
8.83552
15.0212
2.41531
4.31832
11.2564
18.9657
6.48941
11.4091
9.12807
16.6392
11.8464
4.97455
9.2515
17.1201
1.24032
5.51902
19.7881
0.0346487
9.25286
17.1009
3.56873
15.5093
19.7491
0.0547319
17.4274
3.4069
3.2136
13.8991
7.45616
2.67996
13.804
18.7598
2.47346
2.95257
15.1887
2.71919
3.56263
18.5941
0.369341
7.03347
5.86169
17.5593
18.2293
14.772
2.83472
5.24631
7.07774
13.0723
5.89901
1.41603
15.2257
16.6287
13.2344
0.989659
11.3363
11.3691
14.1443
9.43593
12.4806
3.2341
0.892511
17.0743
9.46517
12.9169
11.493
2.21471
10.6665
17.855
3.67416
4.50889
14.4914
3.51096
11.3498
8.338
7.41221
18.2364
12.2422
5.83115
9.93276
12.2497
15.4712
6.1617
14.5791
0.188183
16.3069
12.3686
6.56576
13.5853
17.7669
15.3609
18.7194
14.9254
2.87538
6.68341
19.4898
19.6073
16.6456
4.28536
15.3385
1.88608
1.49787
11.401
16.6214
5.80903
6.58115
13.5373
7.90553
9.77153
1.37762
12.7739
14.1616
9.72783
18.8496
17.0452
6.43849
5.74482
19.3848
8.85427
8.699
7.22749
6.27703
8.501
16.5415
5.56602
7.74405
6.4759
0.560186
10.7826
18.2804
2.47011
12.3555
1.501
4.69156
18.1545
15.9484
19.6829
14.5554
12.0876
6.96807
1.1294
18.9675
10.3123
0.970056
0.0284013
2.50212
2.69511
2.36147
11.86
19.7677
18.2876
17.4457
2.90126
5.76657
10.6997
13.9722
10.6692
7.09828
8.6348
7.64592
15.8127
4.28404
12.2638
16.9458
7.738
18.6875
15.9074
0.335811
12.6788
6.10061
7.53839
7.59105
6.90951
19.9391
14.2063
0.368201
0.363339
19.1305
12.3334
9.08012
13.0523
13.8409
10.181
10.9369
18.2199
8.70194
9.05193
11.3403
15.3008
6.17324
12.1718
8.52134
10.1256
4.94978
2.43732
18.5516
5.14438
5.63014
5.7273
19.7182
10.9148
0.252931
13.3973
3.62345
17.5358
6.80226
15.9286
12.7329
10.566
0.0793596
5.79296
6.91346
1.75506
5.92184
13.3002
2.05555
3.37567
0.842873
8.3665
19.4642
3.35763
9.0262
11.1746
14.3
13.8833
12.2325
4.00394
0.281007
9.55532
14.8202
16.8042
6.664
6.46871
8.21369
19.2558
18.2543
15.4698
10.781
9.06109
12.0176
7.08634
9.11273
18.2938
17.2903
2.59169
8.65818
18.8168
17.6112
15.7919
0.793411
12.1053
7.0626
17.3311
18.4975
3.4374
8.82174
3.72716
9.27782
5.42824
8.14184
0.596646
3.35689
6.8555
12.7999
5.36666
4.31838
11.1167
5.68298
5.90905
1.50553
11.2944
6.45686
14.7608
14.0375
9.53011
2.97449
17.749
12.1999
8.88397
9.43038
11.0607
8.05619
5.3399
0.981631
7.31835
16.904
12.0282
3.69275
18.2292
5.85387
15.4648
11.1693
0.962485
18.3218
7.70175
0.388669
8.57672
14.4182
16.4485
13.1533
8.28574
18.3335
8.03133
12.7064
6.96589
4.84248
9.82851
9.39289
6.83317
18.9821
14.7846
9.52199
15.106
12.1713
1.62936
11.9625
13.1445
3.03457
16.2857
19.5052
13.6694
8.22209
1.55832
12.606
11.6247
14.6905
16.2545
13.4048
3.75878
9.23423
4.513
16.9932
16.7885
18.4347
14.4396
19.8771
16.2161
2.05757
9.3907
13.9833
8.97462
1.28522
17.4759
5.31573
10.5082
19.9796
5.98924
8.3917
10.1514
16.5819
9.39376
9.38363
16.528
11.1253
18.9938
2.74151
11.2365
9.90591
6.90493
7.46475
17.7488
9.89365
9.8419
2.41348
2.27651
3.23135
9.65982
6.71567
5.56755
10.6219
13.9474
9.70688
14.7749
16.551
3.88261
8.04608
9.29766
7.50944
17.4403
13.667
14.9913
15.9835
13.3257
12.898
5.29367
8.941
14.9816
3.2182
10.7108
14.5242
3.05737
14.2841
17.7861
17.2687
14.3312
0.860058
8.6267
12.8278
11.8339
10.6696
7.44152
10.0469
12.4965
3.7687
13.7326
7.51299
4.10346
5.90996
3.39567
4.17837
13.7927
17.4254
13.8742
13.0422
7.52357
16.1947
12.6892
17.1339
13.4819
13.0438
9.45166
9.15085
15.6398
9.37741
15.8457
12.7616
4.19198
11.884
8.53505
7.87055
14.2536
15.7973
12.467
8.39496
6.1895
9.29883
6.59937
1.02452
12.8831
15.3207
8.59027
11.1065
5.74248
5.63362
16.4497
12.7837
10.8896
18.9464
5.37132
16.1388
11.8385
4.18034
15.5172
12.9821
10.6344
0.40572
9.15466
12.8079
17.5168
7.93649
16.1725
9.03282
18.1514
0.73586
7.16886
11.9171
16.985
12.4496
10.9575
15.6172
16.9416
4.37934
11.9706
11.2517
4.48611
8.98272
12.4812
18.3993
12.904
0.497603
1.7646
15.0634
4.48566
9.475
2.93145
6.42267
18.2629
13.6601
17.3562
12.9279
12.5871
16.2714
12.6055
1.8999
11.0112
9.73047
17.8069
11.9861
5.80848
10.1427
10.1032
15.89
5.52674
0.900821
9.72627
19.2409
15.2394
4.18744
4.00741
19.0104
9.89582
2.23522
8.4662
8.02049
10.6215
17.6874
0.175797
10.6178
8.62048
9.26319
18.0972
18.5318
18.1649
10.7406
1.75843
16.105
12.329
0.342372
6.70869
1.93746
14.9917
0.044364
2.62757
4.84519
13.895
9.76545
18.2205
13.661
6.519
9.31866
13.9491
3.44058
12.5125
15.8091
9.91273
15.3983
14.9726
1.00294
16.9108
11.03
13.8659
2.53445
4.8449
3.44015
16.7072
6.17096
4.5375
7.40408
2.83163
3.80694
9.12644
2.75915
14.7917
17.4774
7.92635
6.21684
7.90163
18.4464
16.4161
10.4963
18.1516
12.3966
8.2932
2.02176
4.41287
3.20649
5.42139
9.14843
3.02812
5.74115
7.22346
8.95193
14.8963
16.0792
17.7064
0.648021
1.67203
16.5397
1.82234
9.61365
12.8279
5.27837
0.434224
16.3568
4.81543
11.0595
13.4269
17.2396
10.8084
0.985924
4.49259
15.5222
1.70067
14.1584
5.01181
3.38583
19.5406
3.39753
13.0698
3.31517
13.6466
9.20432
17.2101
14.8408
1.07328
19.8275
19.6015
11.6312
11.6306
6.6773
6.17351
14.1237
14.1685
10.8353
0.252207
16.9589
5.22419
8.93067
8.82518
11.8472
18.6797
13.6991
2.56122
4.80666
14.9804
19.7518
14.4249
2.6088
2.51445
5.79321
13.5282
7.1935
17.169
4.92205
15.8093
1.80898
15.8189
12.3359
1.27945
0.982292
3.77621
13.9398
18.9239
7.7515
15.7558
6.63422
15.0429
14.1605
6.74172
2.30763
18.9661
2.44051
15.3239
5.33772
17.5413
13.9084
15.2186
12.2266
14.7815
1.81845
15.2239
2.0946
8.10811
5.19889
9.23315
3.58239
17.1931
13.376
8.70941
2.53849
2.41778
16.3786
4.9164
17.8796
8.92197
6.51143
12.102
6.69172
18.8151
12.3601
13.5285
3.1465
13.0243
1.19994
8.51739
11.5011
14.097
9.69212
11.6001
7.88806
14.9359
9.83079
7.39791
15.0714
19.059
5.29413
18.7973
18.5627
18.978
9.83573
7.52931
2.92748
8.95082
5.55838
11.7331
1.28638
1.42904
16.1388
13.805
3.88306
16.0565
4.03455
19.2409
1.58754
16.3083
18.7732
1.25272
2.77459
9.1163
16.5593
19.6941
8.65095
7.70205
4.06316
9.22642
15.7829
4.77764
10.3363
11.8716
15.6479
2.03021
1.48621
12.9589
10.4051
15.2028
14.1401
15.5544
10.0131
16.8985
17.6202
10.2913
1.30772
8.09368
19.2803
17.0396
8.37307
16.1195
15.0852
1.43553
13.1037
15.8737
6.72016
8.2782
18.0034
14.4239
14.7093
5.40979
16.1023
8.45761
12.0476
2.29358
3.71132
14.7731
0.335879
8.89042
13.5046
1.8983
1.6473
15.5185
18.5669
17.8089
17.0257
11.4042
16.4518
12.6665
13.9116
12.5836
4.74035
9.12516
15.9829
18.0248
14.0586
18.5475
19.8827
12.6606
14.0461
6.30569
2.60128
6.13256
2.61559
19.6938
1.58092
11.4503
4.78418
19.5875
19.9942
9.57558
9.89325
1.37051
6.2859
16.1697
9.63494
14.3875
16.671
4.85222
0.87937
14.2115
12.8682
14.847
2.81185
10.9683
13.825
7.90692
5.09723
14.6444
7.07452
3.47654
10.8772
13.1491
15.2494
3.28585
19.8059
8.62554
13.8229
14.5462
15.9189
11.7915
9.55611
5.67404
2.45975
14.5022
6.07307
2.05494
2.6489
9.27094
6.63266
10.0174
16.4487
17.1474
17.0385
3.99232
5.01371
7.24706
17.3608
4.4245
8.38652
15.7627
9.59654
7.55253
6.20611
14.3432
8.75935
19.195
13.3611
8.48181
13.0195
18.8436
19.0494
5.04008
19.7007
5.53183
13.7503
5.11622
9.91508
8.32905
13.6234
3.7166
14.9199
6.44381
5.28935
13.2362
4.60487
4.53752
17.4014
10.1229
1.26332
9.61215
12.7792
8.66663
16.8723
12.2189
2.51006
17.7776
11.9898
2.64861
16.0491
0.851201
6.34669
4.75253
19.8994
18.7175
18.3915
19.978
5.83869
4.29135
9.78771
10.3931
11.2458
12.3859
8.67309
10.8641
2.24153
5.06581
0.351843
18.1628
0.303895
17.1628
16.4527
5.32466
7.52549
14.1063
14.9375
4.02843
15.3254
13.905
19.292
15.2297
16.1551
6.72533
3.74248
5.75123
1.56415
4.63599
0.0341164
9.80061
9.88787
7.20758
17.575
13.084
2.12388
4.43488
5.33506
18.1039
19.5066
6.07296
3.92486
14.0309
3.35631
12.9026
2.52045
3.11493
0.0752185
17.6036
18.985
9.02376
10.0281
7.89356
17.7407
3.36033
4.71748
6.44635
17.3836
3.33825
2.29385
14.8847
0.520856
19.9539
8.21194
12.167
9.6507
2.41788
9.04894
19.8954
2.6642
7.41365
17.189
16.3789
5.21899
4.58648
11.7022
13.5043
8.35554
16.125
12.56
3.23921
1.23519
18.1712
12.6501
1.03767
18.9317
19.5728
15.8701
1.46459
16.0526
16.1416
8.76035
17.7724
17.29
7.79592
2.87254
13.7948
19.655
12.5515
8.85244
13.6632
10.7565
14.0161
7.85628
16.6105
4.54938
8.75239
13.3326
9.08338
15.0525
14.9454
7.92781
17.3297
17.5909
8.83133
10.9074
12.0305
0.796527
8.24391
9.32447
15.327
2.32095
9.39986
5.15593
12.5461
7.35728
4.03212
16.071
9.60689
0.0785985
14.5726
14.4283
7.62697
0.95111
0.198367
17.7255
7.39934
8.71357
3.23793
10.142
19.2751
15.3401
6.08967
6.10672
15.0156
2.46315
9.62718
18.867
4.70577
7.41507
2.8415
9.53198
1.54309
9.27083
9.02036
16.111
5.1543
10.8222
7.7357
18.5352
3.24803
0.535651
16.231
4.64657
5.42839
4.53717
16.794
9.07582
8.26618
13.029
2.11872
16.4118
6.02752
14.1723
4.21175
1.58476
17.3044
12.7989
13.8764
16.6573
9.16604
11.4577
10.3062
4.26391
13.7405
16.3976
10.6488
5.91113
19.2121
17.4054
7.94145
12.5978
5.29939
6.71755
17.0992
5.52564
2.31378
9.86843
19.2103
16.2233
1.98135
18.3856
8.58484
18.0094
7.61171
10.5491
1.61452
16.5393
10.5209
11.8931
1.79639
15.9541
17.5263
7.54064
14.6528
13.7037
0.3438
12.3866
0.945258
10.3586
6.06984
8.08654
13.2385
4.82085
11.3245
2.62231
10.8451
16.8689
11.187
15.1456
5.52741
18.844
4.03255
16.2837
4.17158
19.2751
0.686172
7.65053
0.728695
11.5882
4.79813
3.78723
18.0467
11.4278
17.4531
8.5254
17.1668
19.3786
4.39177
5.37877
14.5944
6.31322
9.77896
1.39375
5.8655
1.45864
0.73973
11.0436
5.17931
9.37518
7.30879
5.29268
8.19159
19.0739
12.9016
11.8606
4.16017
16.1836
8.91744
8.88538
3.91149
12.6983
3.92038
17.9284
17.3029
13.8612
0.395137
14.3698
16.8477
13.8674
16.4478
7.08309
4.28851
18.0475
9.94218
5.02774
18.4367
16.8363
4.43127
11.3985
10.7695
17.2874
13.2457
6.09967
10.4245
13.6629
18.6066
10.9338
19.3505
13.6339
9.83932
6.26898
0.697651
15.0971
5.78141
3.09202
14.5332
18.2298
12.0783
19.6247
12.9223
5.3923
8.8645
19.3653
15.4634
1.42507
19.6249
1.77516
8.81364
11.3938
1.28776
11.4989
10.1047
3.48855
18.8138
2.36776
16.1424
12.9836
2.67825
16.6513
10.8391
10.8465
13.7666
14.6776
3.66981
13.4395
5.13043
6.92347
14.0763
12.5063
7.84574
17.9552
2.49029
5.93094
19.0831
11.3203
10.7301
0.316324
14.8583
12.5069
6.4207
12.5897
14.0802
6.95307
3.42029
11.0903
19.9301
0.0364353
3.78269
15.5409
4.68487
13.6755
15.1917
18.6365
17.5517
18.5042
10.1601
11.3465
2.79741
1.53758
18.163
6.5323
19.5791
17.1771
19.2928
12.5377
0.337561
3.22797
0.0110877
6.98021
12.3889
6.97607
5.81298
16.1388
14.1203
19.5377
1.09751
17.5781
16.9857
5.05046
4.2624
12.4685
12.2116
7.5606
4.2224
18.471
11.028
19.2018
7.31938
4.42836
3.11896
6.93357
13.0807
17.1669
0.655264
12.0236
0.117748
6.08228
19.7231
13.4524
7.85322
13.0113
15.278
7.15767
7.88593
17.9125
8.85934
0.56192
17.4165
2.42334
4.8611
19.0427
19.3728
4.32332
10.0129
8.297
2.00782
4.75304
17.7007
14.3973
7.64088
11.9477
18.2594
1.08688
1.41946
17.3573
17.5757
8.19247
18.6984
11.3356
14.7818
3.49439
14.2519
17.728
12.7673
9.26661
12.4655
16.4517
13.4224
9.83862
3.53736
13.6366
12.7989
12.1403
15.1835
3.05957
1.05144
2.882
5.81325
3.30802
13.8903
9.86533
18.7661
9.30964
16.8535
13.78
12.3562
0.596741
18.3583
1.77504
4.63507
0.0967665
11.7824
0.400849
5.14614
1.00497
16.8907
16.1557
9.88154
3.93969
5.45232
13.0392
11.9009
3.15816
0.751796
0.702282
15.4575
4.90101
19.3496
5.91263
11.9478
7.32683
7.4798
19.7875
16.2351
6.35309
19.7278
13.721
18.7396
17.8836
12.7778
2.86588
13.3637
9.46302
13.5017
6.90468
2.80245
19.9883
16.57
0.646187
19.8438
9.8245
0.581949
16.6365
5.95145
12.2889
7.94258
7.70585
15.254
19.901
15.012
0.131676
16.8275
7.59229
18.6726
10.9906
7.08339
2.05534
8.8829
18.9466
16.2811
12.9216
3.9725
6.91738
5.20815
12.3618
10.059
12.0346
16.787
11.8875
12.6823
1.11193
15.0473
11.8814
13.0143
6.08787
14.6169
0.387562
11.3109
10.1621
8.04369
6.90255
13.7524
19.6255
17.6431
6.76616
11.8314
9.30123
12.9633
6.30075
13.0327
6.37925
15.2527
11.9842
13.0519
18.2773
2.83178
8.24979
6.94759
5.15826
17.9191
12.1487
14.467
5.29122
13.3386
17.9942
7.80104
7.05933
7.27889
6.69587
8.7621
16.2499
13.862
12.0127
2.94958
17.0807
19.953
11.6443
14.467
7.08318
2.12754
7.61667
10.895
4.05105
15.8985
9.37006
18.8858
10.701
4.21939
7.90094
3.17134
7.03676
2.92194
11.1
0.70781
11.9019
15.1475
17.5875
8.73357
0.807141
11.4407
15.8539
16.2898
4.70839
0.398305
15.6173
2.5603
9.24623
15.6717
13.4143
3.37779
2.032
0.282104
17.3771
1.48598
7.6628
19.0616
9.35016
11.2832
9.08063
14.9252
10.2524
15.745
18.2461
6.66572
0.185207
10.8899
9.87514
5.51852
8.69191
12.0509
1.79839
9.4439
6.47777
12.2956
18.9113
17.9078
18.8282
18.6835
19.0825
19.1051
8.04299
4.1075
12.6393
6.78
18.8779
9.89626
17.5795
3.2543
19.4445
4.93659
6.22037
17.5661
14.8256
18.5949
11.6501
5.07389
15.1932
14.2535
17.5296
13.5662
2.68686
8.93284
10.6972
11.2729
16.2843
8.0643
5.87156
13.6076
16.4024
6.42513
4.46435
6.35479
8.55475
8.02106
15.4286
3.76587
12.8593
2.45029
0.0104621
7.09007
3.49458
6.59753
5.68102
16.2658
12.8294
2.98835
8.45868
15.4759
15.0986
9.9413
5.81315
13.4189
18.7194
17.3626
9.1126
19.5026
4.33924
15.5438
13.7713
6.27015
7.04921
1.8553
3.13077
7.02011
7.07407
3.84333
14.1107
0.143101
16.664
7.30244
19.9088
12.2688
17.939
9.35656
9.24746
14.116
17.1838
17.3484
15.7552
15.3266
12.7694
16.7252
4.73972
19.8743
11.6587
2.04206
14.4603
9.07446
3.5795
17.361
13.5136
5.49931
19.8292
17.3591
12.0492
7.53395
5.30022
14.169
3.16833
19.1428
15.5551
7.66495
13.054
17.6722
14.2876
8.81992
9.65867
7.18483
5.17126
3.26758
0.636455
5.92027
0.621176
6.05033
4.29406
1.3175
9.35392
12.4712
19.4263
11.1078
6.21676
6.13206
10.8235
3.75851
11.1763
13.6571
17.3108
2.0919
0.457741
16.3082
14.019
7.86834
12.9322
5.51805
1.77014
9.99337
9.55273
8.09813
11.7391
5.4802
2.75472
0.616455
15.6808
1.82734
16.0322
15.0953
9.48649
0.697243
7.66158
17.8983
11.5876
13.1361
18.1905
14.9317
11.7579
7.17843
4.71658
3.61633
15.0807
2.97173
8.60626
6.96071
11.6601
13.6678
4.53556
16.2262
17.709
5.53109
5.75413
9.83408
8.78632
14.402
12.7654
0.532685
11.1709
16.0592
8.28675
17.8856
15.5803
0.988921
1.80432
17.1417
11.6226
0.263105
3.55768
6.66721
14.1882
7.65973
11.7806
19.3135
15.566
19.3544
10.5887
15.9039
5.13907
18.9493
11.6308
5.97219
1.71075
16.1095
4.06083
19.9132
17.3482
18.1588
11.8415
5.80961
13.5968
4.18851
12.3075
3.36316
13.1573
3.51701
5.61468
10.6203
8.03104
15.2156
6.19817
19.273
9.05396
7.89414
0.556005
7.95255
4.44704
1.78339
14.1904
6.76978
12.5921
8.81807
10.6257
16.5283
13.8649
8.7378
5.34441
8.43113
17.0713
17.5356
10.5942
0.893404
19.7099
16.1852
15.6337
16.1278
2.35021
11.9955
19.061
4.47194
17.0214
9.38525
11.4154
3.65802
0.537308
19.7441
12.9807
12.1925
3.0033
15.4833
13.3307
5.75156
15.2625
15.2058
19.4386
9.02406
9.47064
8.5582
5.40828
4.99724
3.72118
2.85944
9.54513
18.2872
7.20437
8.79109
13.5347
7.13257
6.5382
15.5778
2.41985
13.8635
10.0531
18.5618
19.9212
5.48511
2.90302
6.44021
19.8985
16.3149
9.02131
6.27509
4.73236
18.6931
7.09883
13.8361
4.7272
8.13619
14.3659
7.40971
11.4303
2.33391
4.2213
2.51017
9.82015
5.11337
16.1744
19.1917
5.47782
6.9839
7.62859
0.497496
9.01906
17.6351
5.95456
2.1989
0.875678
2.82349
5.04559
15.1541
1.32458
8.89521
11.9777
17.3353
6.97787
10.533
0.66423
6.95406
8.70346
13.694
13.9139
6.35767
6.9034
6.3425
2.77859
12.8835
10.1106
2.00908
19.4768
3.6951
3.2136
0.758558
16.9201
12.1829
5.51462
12.1479
13.7912
4.27785
2.59716
3.98294
16.0917
11.8413
0.964415
16.2928
5.24188
6.93642
3.28293
19.4355
1.77052
1.14318
19.9934
1.1376
3.63581
6.64478
1.76137
15.5664
9.26953
18.3071
10.246
10.5493
19.1448
15.8128
3.45971
19.2124
6.25862
7.92601
14.2713
17.0563
10.7909
16.6729
12.4169
16.0019
14.0976
19.812
17.2546
6.48914
1.11148
7.45151
19.5784
15.1938
3.58714
15.9017
4.32122
13.4904
16.3737
8.67884
6.1313
6.47622
3.34033
12.0128
10.2433
1.39888
8.90521
19.4301
15.8408
14.4474
9.79558
7.67441
5.01349
18.8309
15.6804
13.6955
7.09738
2.75327
0.42055
12.4254
17.394
0.92317
17.2206
19.2787
19.6926
5.62166
12.3376
16.7274
16.2015
18.2234
17.9552
2.99716
19.4813
13.3266
15.4458
15.9592
12.2369
3.66576
19.3467
0.589087
4.49674
1.64161
5.68411
16.755
5.63295
4.47572
4.74926
1.26716
17.5047
15.5216
11.4841
18.8198
12.8987
10.4864
11.5975
5.67533
13.1865
12.1193
10.1808
1.35382
19.2679
14.2448
18.3388
15.0198
8.54784
19.151
8.90044
18.2869
19.3195
18.9799
6.08148
11.6471
5.02307
13.1525
1.68303
3.82459
8.15761
9.45331
13.5505
0.777125
12.9918
19.2087
15.1773
19.6759
13.6996
1.39601
6.22574
13.4372
15.075
4.17254
11.2108
0.176476
5.87723
3.10038
13.5545
10.7123
2.16767
10.2228
11.4098
9.72159
16.3812
5.48581
1.51357
1.44023
11.1463
17.9988
13.2697
7.25382
3.52732
5.94774
1.66619
1.39283
13.8819
13.3466
13.4464
16.2942
3.43196
12.2337
6.31744
18.1881
11.3374
10.3382
0.490233
0.336459
12.5588
14.5907
17.0455
14.4721
17.876
15.4591
4.57091
8.23522
4.86514
17.1863
10.811
13.562
5.00436
16.4671
1.04173
8.9687
13.9414
0.795942
14.9297
15.9174
5.79123
13.4584
17.9932
3.77582
16.4556
10.5061
12.2726
13.1161
17.6183
6.63038
1.35365
14.6734
3.40141
19.1991
15.5548
16.0903
11.3288
3.50918
19.9296
2.62156
12.3116
18.8218
4.72084
10.5776
16.5173
13.9381
14.9469
5.7377
19.8227
0.937159
0.884013
2.40535
19.4422
9.40674
6.09436
5.09222
18.6575
13.9106
1.93913
2.42926
15.978
2.25224
13.879
5.59826
0.829877
17.1603
1.54582
8.8379
6.97293
11.1326
16.9106
5.13049
14.648
13.2185
13.5206
12.456
15.9019
15.0479
14.5865
2.67305
1.85252
8.34534
2.71789
7.78262
12.843
18.4967
12.5188
15.0931
3.31412
2.71792
1.60242
11.4321
6.39736
13.2943
0.507346
9.68369
0.30775
7.95639
11.9922
10.1139
1.17006
3.23075
13.7111
3.01948
9.31333
7.76609
1.97503
3.70883
9.67
6.39357
5.72368
8.69239
8.8743
17.1659
0.434185
15.0077
7.9331
15.7606
12.1755
9.94562
5.68636
5.21703
13.3688
14.3181
19.8026
5.59485
18.7083
5.01341
12.1577
8.2276
8.11574
11.9053
16.7348
2.36632
3.20883
13.3557
14.1348
7.73085
0.0440495
6.93117
12.2369
1.85051
5.05323
6.07241
12.5004
7.77871
8.24799
15.0806
7.33224
11.2403
6.48119
15.4641
9.79239
4.42615
7.42745
19.2798
8.6274
3.37876
8.17292
15.0942
8.58552
0.876805
7.18098
1.62421
10.9196
8.94767
11.0464
13.2291
12.9066
5.24535
3.18723
9.073
14.9747
11.831
17.7848
15.0821
6.19938
15.0516
1.99586
4.74252
7.74478
3.77162
19.8711
8.51216
3.16421
16.6418
1.88177
7.65178
16.466
10.879
18.0637
18.2199
6.14815
13.1665
18.6447
4.70339
7.80009
16.7145
2.86857
4.1829
14.404
6.06409
7.13951
18.549
7.61699
7.3098
13.9913
15.803
4.45106
3.38931
3.02352
5.75148
4.63965
8.11738
6.00763
14.398
7.97676
8.75505
12.5893
1.4594
0.237091
12.3334
6.06327
17.8988
11.1456
17.6379
2.13168
0.374769
12.0897
18.6784
11.179
11.916
19.399
12.1193
15.2681
9.71494
11.5668
14.9625
17.5942
1.24005
14.6013
9.99703
11.4681
0.655742
1.06781
18.7785
14.367
2.99888
2.1501
2.15041
11.4009
1.68419
7.99921
12.1257
5.42769
17.1883
5.92964
11.283
11.3581
0.632273
15.5174
8.63619
7.01159
6.26408
10.7664
13.535
15.2366
13.8842
16.2447
13.7156
4.01189
16.5249
17.1323
18.253
10.5561
14.664
12.4723
9.67201
2.30913
7.06811
9.11763
17.7141
1.39789
16.273
2.14417
17.3265
0.131083
11.24
15.3691
9.3538
11.6856
12.2455
3.65307
18.0766
8.19273
19.4536
11.1055
18.0026
19.6678
6.23673
15.6045
16.8056
17.4427
15.9364
13.7238
19.2361
13.5555
8.23999
13.7889
16.896
12.7224
10.8227
12.2141
14.2862
16.2185
4.9997
1.02338
5.23608
18.4358
4.68758
6.57204
8.91977
3.16088
12.0725
7.45783
9.18656
14.7376
2.18305
14.0421
10.7553
11.1892
13.904
6.34609
6.6208
13.9903
9.32791
13.0443
3.08751
5.83681
14.6623
4.36299
1.44586
0.506664
8.48106
8.40789
4.75479
13.4633
13.0415
6.57064
3.93998
2.78677
10.202
5.91536
18.6031
7.70403
11.6676
10.0118
9.76668
19.9603
9.78606
7.27997
9.76126
4.30652
7.18943
10.4873
0.461906
15.4666
12.117
16.7519
5.11876
17.0903
7.95619
9.7173
15.649
13.5277
11.7623
0.565081
13.4267
16.0776
4.39533
16.6398
13.7509
19.176
12.278
18.0111
5.90445
10.5469
14.8539
1.62511
8.3545
11.2931
3.57341
19.7669
0.66183
7.36411
19.7607
2.38902
4.02894
14.5886
5.43607
13.5142
1.27834
10.3373
7.01581
16.3404
7.57735
5.48253
19.7153
11.8287
1.48868
17.4562
15.8856
3.95283
15.2924
10.8908
19.4578
8.51317
14.3146
1.67208
9.90239
9.61278
0.751131
9.40043
16.3454
2.59993
16.3868
2.50091
3.91615
13.3217
12.5458
12.052
14.1339
12.1608
8.86647
12.6227
12.8787
13.1059
5.2343
10.3101
14.1431
9.9022
10.1422
15.6925
5.91179
18.4773
3.95057
19.4056
19.8582
17.464
16.2393
9.85815
12.8658
6.04436
4.41458
10.2715
7.03514
2.79467
13.5442
2.25699
15.6614
15.6361
18.7665
6.20588
18.6556
0.885223
9.75513
5.99774
2.47814
2.9619
5.45544
14.0707
4.72622
3.67611
5.75218
7.95144
3.8276
17.9215
15.2221
11.1255
16.2286
17.2938
19.2144
0.343182
1.23457
16.5131
10.4908
15.4363
9.24945
5.57112
9.59396
15.0181
3.53705
9.43987
17.0919
14.5653
1.87331
13.6826
6.88266
17.9795
18.945
16.1548
13.3043
17.2973
19.0236
0.93036
18.2441
10.6013
10.3324
3.84869
19.798
10.1296
7.27825
9.47171
8.90113
2.91523
5.65882
17.5355
4.6695
14.8026
7.81646
11.1927
10.1826
14.6385
18.9151
8.76517
12.5505
12.8856
11.0002
1.41348
6.64142
11.2198
5.24417
0.839045
18.6667
12.0468
18.369
14.5848
10.7329
17.8406
8.99664
6.8068
5.5387
10.7779
16.797
0.377835
10.2992
14.5092
19.443
19.2755
6.59814
17.2373
0.832014
11.6479
13.4593
5.4818
18.0902
6.26859
18.9435
6.67314
10.1982
17.3807
14.9767
8.94832
16.0258
10.5141
19.0782
7.28492
6.54256
18.1996
8.26399
8.31025
17.2122
5.97862
16.2448
16.5779
19.5329
10.7467
8.0649
11.6789
3.55252
18.3912
16.4112
10.0266
3.31075
11.4383
6.54469
15.6305
5.09717
6.67442
7.48099
13.7156
2.04586
11.8331
10.5667
5.92123
6.45062
4.43505
0.620055
19.6514
17.7706
12.0274
13.5426
2.38329
6.0518
12.4341
7.65329
10.4421
12.9049
1.86205
9.52079
17.2135
15.0952
16.2068
8.33112
19.5453
19.6549
15.445
3.18238
12.4353
14.2338
4.42547
11.7119
7.72407
4.02158
0.272238
6.7476
6.03005
16.1291
5.09006
16.7476
10.2382
8.53626
6.58581
4.59081
1.78195
8.78136
15.5817
8.02373
9.25397
2.45342
6.6824
7.809
10.6057
9.26877
16.9704
8.82709
18.0544
2.30695
9.63168
7.15906
4.22477
8.44264
17.7303
15.3018
13.0854
17.2015
19.5024
11.3446
13.0431
18.5302
8.12218
10.1373
8.349
17.8855
12.3664
7.58494
16.8752
11.4926
9.42798
17.4162
7.73483
6.08792
18.2062
9.25198
18.0234
17.1994
2.66815
17.707
5.09803
12.2885
9.72658
13.3808
7.94205
15.9734
5.3915
3.87321
6.9024
18.7203
17.8655
10.6599
16.9588
18.6545
5.27463
1.67175
0.445214
15.4938
2.29821
1.93473
1.49456
14.5168
2.15532
0.128072
11.157
7.38301
10.3781
7.4062
18.2952
17.8931
7.40888
19.6828
17.7619
2.94127
9.5607
7.07643
11.8972
6.50097
16.5815
13.349
7.25322
7.12493
8.051
16.4849
3.49701
17.7918
17.5435
18.0424
0.180593
5.18934
10.7495
2.5083
8.99807
3.9183
13.9649
0.118624
13.1593
18.6123
18.2332
5.11428
10.006
6.13886
8.53376
3.37323
13.8004
6.96136
11.305
14.1445
5.59205
5.54406
10.5153
13.483
10.0233
4.12052
10.2286
3.564
5.12437
16.5923
19.6596
7.54665
10.1026
2.1817
17.9625
2.84256
12.1449
7.36923
6.99704
18.2095
5.46587
3.95503
6.6923
18.0088
4.96358
19.2578
4.17087
0.259611
0.489678
9.30576
11.0773
10.3672
4.18956
1.14956
13.1962
0.260993
2.86541
1.31656
7.84937
17.5395
3.57283
2.63425
13.4362
0.826855
5.53459
3.79112
11.1916
2.82016
3.97008
4.17905
19.7233
2.40253
15.2285
0.0611934
11.9674
