6.92466
10.8943
0.202377
10.3406
9.00076
0.304677
2.13467
8.82752
14.2008
7.55395
4.74166
2.06915
11.3237
1.5018
5.29331
1.27102
10.9199
4.42151
13.6514
7.45998
13.7232
15.7899
0.979969
12.0534
11.3118
7.40454
19.6773
1.92656
18.4936
16.8003
3.40117
4.6759
15.7049
19.2131
4.95398
10.5076
13.3572
0.15191
5.82693
15.474
5.99219
19.3182
5.54601
3.65653
15.062
4.20138
13.5396
14.8627
4.09056
15.9506
8.93751
7.63781
0.182896
13.8442
2.07389
2.48474
10.5343
1.60546
7.87618
1.69514
9.69873
3.32173
12.1746
16.7143
9.10626
10.5132
6.85163
13.7576
13.0358
16.4082
14.1505
13.6712
1.28692
16.9438
3.49986
10.1514
0.310675
12.3348
14.9343
3.98515
15.1535
7.80109
10.5011
9.15581
17.4599
1.04183
11.8464
12.5038
8.25519
4.46895
16.7141
9.64118
6.46862
4.26576
15.77
10.8784
0.0506226
19.0076
8.70267
1.08551
15.486
15.0386
13.1538
17.7371
4.12604
2.05369
17.7762
11.3906
2.89055
12.0562
2.05031
9.89225
18.415
15.8347
6.92667
17.5737
4.39209
0.423547
5.65627
7.19723
18.6179
12.7405
7.96989
12.4851
4.19205
15.2397
6.04686
7.51497
18.5083
16.164
4.53889
4.6148
18.373
15.3634
7.77733
15.5802
3.29739
17.0245
8.46206
11.874
6.6097
2.57406
0.567879
4.58451
15.8511
5.40756
5.33066
11.7901
10.2419
14.0883
1.5462
7.85162
8.51221
19.0486
4.41003
16.3301
11.1132
10.5064
19.9434
0.545146
9.94659
12.3803
5.3388
9.05019
10.673
10.5243
1.05017
5.59835
13.076
11.9807
6.79949
3.74812
17.5579
5.06046
12.7335
16.337
18.061
6.16805
7.45415
11.9574
13.1625
0.449394
12.2282
1.35892
5.11443
5.96128
4.93811
12.7263
18.9279
16.7579
17.0442
17.1809
18.1368
5.01447
2.28966
14.2697
9.68482
15.631
13.7352
10.7081
8.405
1.62535
7.44843
13.9017
1.91894
17.3995
10.4707
16.8097
14.2001
17.9216
17.2139
10.3544
15.1873
4.61999
17.823
5.06824
4.55643
7.49668
18.972
4.05341
0.668737
10.3008
10.1145
5.75676
17.7319
18.7852
1.85888
18.3719
2.27129
15.2501
4.16658
15.8213
2.08205
19.9802
15.7372
5.06377
2.04698
15.1506
5.48597
16.559
1.47693
19.5329
14.3764
11.971
1.48713
19.4063
10.3918
7.60337
4.84955
11.5652
19.143
10.5198
1.29038
10.154
16.3857
8.51381
4.78029
6.81548
9.28434
1.06703
10.2721
10.4347
2.15472
18.5445
3.90078
10.9922
18.2687
7.56831
14.5364
13.7055
17.8121
0.364434
10.7799
18.3055
14.2971
5.15897
19.7552
18.1296
18.4263
12.3678
19.9859
9.6434
0.936472
6.38956
14.9116
15.217
7.15213
5.02674
5.61927
13.0063
3.78025
18.6439
13.8208
17.0517
5.83411
19.1431
3.81564
7.09391
9.46099
8.74102
4.11815
8.28178
18.301
16.4089
18.6734
18.5795
6.53013
11.017
6.37111
14.8973
16.8237
11.7793
11.7523
6.22568
6.89642
4.01317
0.13005
12.8623
11.2679
11.6502
3.76339
7.77357
6.26373
1.76725
14.353
14.0993
10.7737
17.3845
5.0609
12.8391
7.90522
17.7733
4.38967
7.93597
0.0278705
11.6797
11.9014
6.07295
13.4828
16.4339
8.68027
11.9384
14.0251
15.2975
12.6397
15.4921
2.84313
2.75311
13.1216
11.045
9.16146
4.12217
9.63653
18.4749
10.6014
16.8757
8.534
6.81635
0.386083
15.0556
14.0951
13.106
2.19447
10.808
11.102
11.4795
14.5868
4.93022
5.87405
8.7633
16.0341
18.9478
4.15941
1.05217
8.3999
0.136416
2.69636
1.24892
1.44109
3.94101
4.22144
18.0846
4.74363
7.72224
7.33916
10.2506
5.76536
2.16304
14.5784
13.7875
8.77251
0.139488
17.3679
17.655
3.24589
7.96825
1.94913
4.71568
3.65873
6.94742
5.78906
19.5304
16.111
14.4216
7.73462
12.6247
3.44911
18.6263
15.6275
13.8094
13.8048
19.474
0.678462
15.8172
15.1369
16.5126
5.83913
2.02663
19.7619
6.94123
13.2316
4.74037
15.6872
17.9039
0.242498
12.3812
11.2801
18.1775
15.3978
14.2246
9.43521
15.6947
4.90888
9.84399
3.96679
5.43521
17.4099
10.4307
10.5422
7.20475
10.8112
18.745
15.7462
7.68406
19.3167
2.29554
14.0847
12.9517
1.64616
15.2885
4.86459
0.470453
16.933
19.1848
14.2488
5.63561
8.23527
15.7484
6.14791
2.17195
11.4439
13.6769
14.7472
19.4054
16.3025
14.4078
6.88698
7.43425
19.2656
12.2112
5.706
15.6827
18.4127
9.15745
10.5221
2.69113
5.3893
6.70195
14.3265
19.1555
15.7755
5.59759
19.2672
0.623335
4.27733
2.32474
0.529287
16.8125
15.6363
19.2877
4.31185
18.8085
13.8639
7.3921
4.38643
13.7444
2.79898
9.90755
19.5939
14.0844
7.35301
15.6043
18.2474
18.416
3.48546
15.2293
3.31492
0.94621
19.7641
10.9379
18.2187
16.7539
15.7935
17.8134
16.6677
14.1281
17.7271
15.6381
5.62771
7.52654
19.6673
19.5028
6.16754
19.5635
16.416
0.890399
11.9683
9.24693
1.24792
7.02946
18.3564
7.98241
17.5823
17.8824
2.9567
4.77707
0.44125
19.4613
14.7762
2.01276
19.3834
7.95732
14.1339
9.91222
6.57244
19.3185
9.77671
18.6541
19.0912
8.36584
1.07884
17.763
11.8243
8.66544
17.3355
0.187348
16.0191
11.1617
7.89978
6.11664
5.88127
7.2809
9.83399
19.5819
18.779
13.4244
14.5552
9.43823
14.6369
9.70587
17.5078
11.52
9.76039
4.10048
5.51525
0.234522
8.43586
2.29311
10.7809
6.26652
10.0856
19.2438
11.7946
7.71184
18.2818
3.16927
15.3096
8.36478
8.16779
2.77856
0.554399
3.40347
13.3113
2.91993
8.19524
15.32
15.0062
10.6773
6.72088
19.9914
10.019
6.9148
3.29873
18.0652
4.32428
17.3488
8.20187
15.6431
6.32163
19.2568
19.7354
5.26708
7.69111
0.872923
1.32201
0.121972
0.549045
19.0395
14.2683
18.9904
5.48427
14.7346
0.992938
11.206
19.5736
5.96626
14.4414
12.8007
15.5241
11.3367
18.6148
1.98748
14.863
16.4852
19.8498
1.95165
14.3027
3.89399
11.6118
7.10119
5.59119
18.5941
8.5161
10.9131
7.4672
17.5004
7.49949
17.9657
9.48811
14.1698
11.3511
8.51119
18.5693
0.861333
1.96702
6.97894
10.0729
15.6335
6.03539
2.2535
18.3675
0.878059
1.66116
11.7997
8.6245
10.7052
11.7567
7.30019
6.53516
1.97985
14.8084
11.3348
5.35253
17.9889
9.52595
10.5789
12.2289
1.43442
14.0817
0.23753
11.3717
7.65436
15.7019
9.48712
8.24503
4.47996
9.54636
1.27442
4.52967
3.22235
7.10028
11.5346
11.6863
3.28325
18.5006
4.62783
18.8636
8.87412
13.5552
14.8263
4.86617
18.4059
3.08291
9.22899
11.9986
15.0416
4.82636
11.5193
1.71554
13.5239
9.47065
2.85614
13.9305
2.9221
11.3126
9.89208
19.2392
18.2606
0.793244
5.57579
6.52195
17.7618
13.8994
13.0379
11.194
13.717
4.58826
7.60257
16.8487
19.7913
14.8844
14.314
10.5266
4.83808
4.1821
0.691494
5.6367
5.31032
3.27892
11.9247
6.3658
12.5438
17.211
1.43751
0.874411
18.263
19.5674
1.04217
9.2165
14.6931
16.6208
10.0998
2.03199
19.7102
9.61001
3.21817
1.11819
11.5401
17.3939
17.6228
6.47135
8.91032
12.0748
14.3068
16.7617
6.10786
1.8462
13.1453
5.57028
10.3001
3.71877
2.46671
5.58847
17.6746
1.78554
13.5431
11.8612
6.03466
6.58618
11.7591
1.82618
5.76846
19.0119
12.4343
1.38088
13.7525
14.2374
6.607
10.1957
17.9769
16.0298
19.678
2.16877
15.5076
12.0494
9.50933
10.7189
19.065
14.45
13.022
12.4875
12.2183
8.14973
18.6923
4.63275
4.35192
2.64619
19.0143
5.89951
2.03187
13.6467
17.822
0.960271
15.916
11.982
8.11879
11.7997
9.01936
3.5294
16.0734
10.4066
10.7735
19.9233
12.6707
18.8432
13.2714
2.87841
4.81406
15.1719
7.28603
10.1235
12.249
8.20533
17.9915
7.17388
17.3911
11.3512
3.93075
2.77465
14.9411
10.0263
0.387471
3.33366
13.8931
0.465917
17.593
11.1673
15.2437
6.78843
17.6365
2.8286
10.0935
17.3398
8.96767
12.79
15.386
3.72866
19.2758
10.3191
15.6011
10.1255
12.8855
14.9752
10.5604
5.88803
15.4544
18.9687
18.722
0.0148362
0.237461
12.579
18.0711
2.81715
0.370716
6.66866
15.8178
4.97656
9.72214
0.730062
0.712496
1.21902
5.5242
9.50957
16.4832
1.65716
7.81293
15.9692
10.5001
18.0429
4.70004
2.76917
8.78805
10.564
16.9563
9.38018
15.4951
5.44596
9.02642
19.9291
2.15111
16.9941
10.6705
12.1991
10.1102
11.1837
15.6244
7.60692
17.6701
13.48
17.695
11.5279
5.49192
15.668
17.655
2.03258
12.5753
1.51465
15.4306
0.738454
11.455
13.558
15.3431
8.53589
18.4065
10.9333
0.818522
8.82851
4.85136
10.3149
9.00305
12.5855
13.4262
18.101
12.6007
6.7027
7.37985
8.59707
19.7945
4.76558
4.99787
9.5723
7.58702
8.83766
19.8494
13.5474
10.1912
7.9065
17.7085
7.22998
11.0351
3.84941
10.0218
13.0009
13.8106
4.40761
6.84073
8.05009
1.34053
0.7358
6.22916
16.4304
7.99635
18.7323
17.7216
6.40661
13.1666
13.993
7.56067
0.165149
12.5182
8.0643
12.7235
6.0577
13.3234
18.575
0.359586
19.8812
3.53281
4.57039
4.19047
10.812
8.98412
6.26948
10.445
13.6678
18.1006
3.66126
3.83137
2.97306
3.65819
2.83967
15.1201
2.22826
16.9808
1.66796
1.43121
3.34357
0.745971
18.1298
12.0799
19.2914
19.0354
15.2186
5.84075
15.5054
16.3203
12.6429
0.59116
12.6593
14.2986
19.1746
8.81111
12.51
13.715
13.5462
13.7897
18.2178
16.4097
13.6399
12.694
4.787
11.4049
9.49855
19.2381
14.819
2.17343
6.78183
17.2189
13.0046
13.953
4.53291
5.98297
2.23296
3.5658
1.22594
12.4029
14.1234
1.94287
0.630989
7.15866
0.202741
8.70844
0.00660009
12.8871
15.7754
4.50551
6.78212
18.227
17.4279
4.42956
7.76278
17.6117
16.109
13.9156
6.79129
5.28147
9.04762
18.1184
5.25504
13.5817
6.68117
15.7411
18.5557
15.0931
14.8219
8.46621
9.39048
15.9606
10.8364
8.23521
5.86322
9.44088
3.8363
13.7632
17.0114
16.2598
3.67182
1.35932
8.02339
5.47388
4.48609
11.5362
10.038
4.25251
10.2557
5.05903
12.0527
4.3412
2.21495
9.19029
12.9499
16.7359
11.6457
9.57035
14.2086
17.2507
10.2474
11.7429
5.27147
19.5949
7.35226
10.2998
15.085
11.0856
6.90968
11.2774
4.84794
10.2449
4.71711
15.7431
12.1728
15.3811
15.4451
12.5301
3.44713
8.84411
3.79038
16.2318
5.65939
4.40347
1.80713
15.7629
4.01952
6.503
17.755
11.947
14.8653
14.9193
11.1566
12.0025
13.5221
11.5413
9.25066
19.8728
6.47406
4.89629
15.488
17.9643
4.70571
11.7088
18.9264
19.9487
17.7392
14.3938
4.64545
14.6365
3.58078
2.18822
2.42864
6.82935
17.8004
3.39679
18.6586
10.6221
14.5723
9.75987
19.1124
19.1668
4.57565
17.694
15.8876
5.38917
17.7167
10.0884
15.4028
3.463
19.7651
14.1648
11.4274
10.4612
8.58559
7.71617
17.3453
10.6059
12.914
4.54028
12.4188
9.80933
0.214259
4.672
8.02053
4.26313
12.0111
0.853235
2.63069
9.16584
9.50421
18.5465
14.5722
0.101077
7.5973
6.7583
9.28683
9.89258
11.6942
9.33008
19.1175
19.9661
4.37037
19.3814
12.5644
5.27994
13.4298
1.67921
1.83066
14.1401
12.7472
12.5169
2.74173
7.69255
4.7373
7.13472
14.7811
7.59444
0.468679
14.665
1.63296
4.31177
0.385167
1.99551
6.58712
7.58529
3.9498
1.29147
3.07842
15.78
13.7478
10.8938
3.20764
0.174748
8.75101
4.76659
14.4459
2.48098
3.16879
13.2859
12.1122
5.51599
10.8462
16.9581
14.9317
12.7867
18.8704
5.60466
18.592
12.5284
5.82109
1.02752
16.9191
14.0762
11.3538
3.30617
13.2201
11.9252
10.8312
7.32107
13.5059
19.4168
3.67394
4.0694
9.2766
14.3827
4.48502
12.0869
1.13038
9.45677
2.80557
2.7742
10.6082
4.19344
18.9788
10.0843
6.82002
4.5878
0.540294
8.45802
17.1473
18.2045
12.4709
14.1306
2.43072
11.7299
6.01543
8.05625
7.44468
19.1469
3.00513
13.3137
3.31962
4.8054
16.2627
7.96175
14.4729
3.94472
11.0597
15.6647
1.40672
19.7049
9.92321
3.62875
2.451
11.8032
3.65841
2.7144
3.59005
0.103338
18.8925
12.9373
13.971
4.11866
13.8953
19.9711
3.33199
18.8129
5.96223
9.52865
10.314
11.2972
3.9876
6.17229
9.34327
11.5979
17.4426
0.422203
15.0764
15.6264
13.9649
4.72182
3.56667
11.6386
9.53947
5.88492
16.8294
17.0613
0.0478717
13.5524
5.79013
18.7897
6.72485
10.6961
19.2847
17.7345
9.22376
0.471895
8.98701
8.17815
1.39327
4.28345
17.5051
17.3821
11.3403
6.51733
14.8344
16.406
1.52558
6.14857
0.310298
13.7135
8.40791
3.20475
11.4737
12.4148
10.5208
6.90523
15.3721
8.763
8.36735
17.6111
0.326427
12.3937
16.2451
16.8185
9.41086
15.3075
16.0541
8.60956
9.69694
16.1655
18.4867
16.7093
10.8129
1.32094
2.44403
16.1664
15.5772
5.57016
17.6826
8.18437
16.0347
12.9542
7.52899
0.401723
4.16395
14.9401
1.50974
19.0364
18.005
13.9809
19.0152
7.3312
10.3037
11.6357
7.49096
12.4371
16.164
10.4331
19.167
10.895
9.06976
5.62687
12.0018
10.8094
9.57079
14.0245
12.4736
11.4618
7.91596
5.08817
14.3157
5.27072
3.46612
18.8888
3.31669
13.5278
11.1633
1.24281
18.7896
0.184061
1.44482
7.82956
6.92893
1.48749
19.9571
18.5495
19.1617
5.55227
14.3985
17.3065
7.93832
16.782
9.27026
12.8078
12.624
19.3683
9.26857
14.9197
16.1416
11.6702
18.3129
16.682
0.309622
4.245
4.79805
6.46952
6.06492
11.9533
3.83891
4.74647
10.9886
17.606
4.31131
15.782
0.593462
7.37821
14.9034
18.4013
4.79179
7.41475
2.62267
8.52212
14.6594
11.1829
18.3585
8.54131
11.4251
1.44498
2.73364
13.0714
5.34173
11.2946
15.8289
2.5966
10.8927
9.97302
19.6627
0.128567
2.29989
14.8137
18.7449
12.2994
6.93958
17.8217
19.617
14.683
15.4505
18.9751
11.3869
13.9138
8.96257
5.41573
9.19183
3.99846
10.795
17.2931
12.3726
16.1107
1.20073
17.2401
17.3781
14.1132
18.5589
3.08771
0.445872
14.4173
17.1131
11.2015
5.29702
7.77105
3.97827
3.42013
8.02292
7.13119
11.2764
1.67415
18.7939
9.00468
9.48875
4.02078
7.04825
12.1047
18.7649
0.10959
4.65181
0.348662
15.2892
6.50025
13.9845
18.9808
17.6157
7.89072
12.4536
10.3632
15.9986
18.2503
15.9504
0.187539
12.7871
3.37541
18.7187
3.64389
7.38388
5.06392
12.0146
5.41395
3.14087
19.0333
13.8755
1.29787
4.39368
13.6925
7.45228
17.3952
18.6362
0.528924
14.0975
13.6182
14.8694
0.60426
3.35594
19.0381
1.0842
10.459
5.07881
1.41618
9.12504
1.17087
19.1153
1.169
4.39825
6.61535
9.84681
9.07268
1.97437
19.8346
10.1544
10.773
9.10743
12.736
0.984097
17.4045
7.38869
5.42645
13.1877
2.91061
15.6839
4.48852
12.7703
18.9529
19.7365
18.7049
14.4598
18.8947
8.40332
13.6001
6.84246
10.219
5.64524
2.73472
0.310351
13.361
4.6461
13.1681
9.17573
6.9033
7.84191
17.2832
11.7525
15.9586
12.7031
12.5978
12.4832
17.3041
7.93923
19.142
6.91743
5.87918
18.7538
19.1692
1.41163
4.19788
0.111386
3.63332
3.9543
7.92559
13.4897
16.9984
3.64433
6.93539
15.2566
2.04637
12.1148
2.04774
11.6297
13.3731
10.7887
13.493
19.8758
18.6612
18.9553
16.1257
5.96381
14.4162
10.4991
4.64193
3.05593
3.68145
18.4134
18.8578
18.6673
6.80512
10.2752
4.44609
18.5084
18.9705
14.2099
9.83355
1.06846
17.3914
15.8812
12.1824
11.7992
8.00572
1.39694
3.32758
5.78212
15.7275
12.6949
2.10578
4.38582
10.4055
7.06255
13.9586
1.31477
13.1859
12.2218
19.1852
6.94453
17.9007
12.3549
15.7897
7.62699
4.6135
9.08798
11.3563
7.85886
6.85695
17.0624
10.2006
14.5289
11.8388
9.78214
17.2957
5.39825
1.81054
9.18812
15.1975
13.4081
19.1034
18.918
9.72041
19.9941
3.91008
5.51583
19.3614
2.29344
13.9204
14.195
1.99824
3.31161
14.8711
11.2998
17.8293
8.95865
19.1143
17.5268
18.6514
9.93136
12.9144
8.76764
3.49735
13.7417
1.08508
5.50484
2.1722
15.836
16.0759
19.7188
15.6523
5.83936
6.46974
10.4633
4.02823
13.6342
1.78713
19.2173
3.10072
3.12332
19.5418
18.3499
9.75401
6.79202
17.4468
8.67795
13.6977
17.878
0.87943
4.56187
7.28548
2.31436
9.06407
15.4965
18.9568
18.4242
9.37522
4.9443
17.487
6.28377
5.09608
12.0167
17.0927
12.8558
6.4837
17.758
17.1271
9.05984
16.4156
12.5122
7.05401
19.3365
7.82495
9.64114
19.9226
15.387
11.2632
4.6296
11.2271
1.60741
5.33572
2.31077
1.5017
3.11706
8.42099
15.1006
3.13335
4.17436
8.12621
14.0412
12.189
19.4427
16.1494
19.7402
18.9628
17.6054
18.7163
10.9116
8.40714
16.7076
3.88428
19.8558
2.31469
7.37224
8.35608
6.8357
17.8228
13.4061
18.5644
0.638078
15.8418
8.60521
6.24309
7.91041
17.9806
12.0555
7.51854
1.83148
2.67925
17.5025
10.1034
8.34616
13.788
12.415
3.73038
5.8224
12.6029
4.50176
14.3628
19.3052
6.67354
17.9673
3.0816
14.8508
8.10344
13.623
2.72229
17.6827
9.46326
18.1433
11.3883
16.0429
3.29408
19.6665
3.83531
4.86476
3.49497
9.8336
9.33374
15.6412
10.8873
8.85076
18.1187
17.6324
8.2487
18.576
10.5504
16.9845
5.16595
8.61807
9.00965
17.2373
17.3558
19.1336
13.1096
16.7693
1.1607
19.7461
0.876669
1.70443
1.14712
1.7529
10.1063
2.87602
7.75053
4.50934
1.8944
10.5893
19.0083
4.60829
14.9972
17.1999
14.3218
3.72198
0.227175
15.3103
4.01253
7.40287
7.63119
10.3008
12.3345
17.1014
14.5019
5.44413
15.2275
12.045
8.49365
17.6854
5.90936
6.90386
6.64477
8.10136
0.832225
0.873484
11.4449
14.1014
8.79436
0.247451
3.27158
1.01492
2.41177
18.9608
16.6038
15.289
5.33935
5.97841
1.85029
10.0904
4.377
1.97817
15.145
18.7314
19.7744
13.2869
13.7701
8.85977
11.5709
7.21029
13.2502
6.86095
14.5259
4.32567
13.3207
14.9824
13.0075
18.8894
0.401659
5.60086
3.16338
19.0982
4.17526
0.573889
8.12332
13.4231
14.6394
18.2989
18.6248
2.10559
4.30288
5.82548
5.8498
17.4753
18.1837
13.4135
0.663412
19.5021
7.04198
14.9127
9.09483
13.076
9.91818
11.3586
12.1091
13.0605
9.44217
16.4828
6.65416
19.4043
8.4848
6.9705
2.51723
9.16254
8.11297
1.56092
2.74291
0.139515
5.3911
11.1226
5.85645
12.3089
16.8561
19.5145
0.185483
0.820022
4.98935
8.3194
9.41054
11.2168
13.3342
11.1272
15.0512
0.615186
7.9671
3.88321
15.2427
16.8095
18.7578
13.7655
11.5148
12.8765
6.40599
0.971928
14.6615
10.4839
11.523
7.41929
10.8571
6.86313
13.3715
0.868576
14.8891
10.3003
14.9244
12.8643
10.777
16.1995
4.62953
13.0523
4.51171
7.44863
17.0762
6.00882
6.59221
6.76971
1.75461
14.0945
5.67133
4.388
15.1836
1.10778
10.6437
16.0301
16.3552
0.626017
11.9847
5.21699
11.6532
18.0444
13.7005
6.20273
9.42903
16.3186
15.1228
17.5032
10.4414
11.8085
5.67228
0.0718559
14.2275
18.4823
7.70182
15.7748
16.81
5.69692
18.0169
5.38815
4.23133
11.3262
12.3767
4.02926
15.188
5.63964
0.0862893
14.8575
12.9327
12.187
6.52164
4.96171
4.45019
5.20132
3.27093
9.84028
17.5412
14.1311
14.4347
19.3131
0.670185
9.9029
15.0896
16.4716
2.54631
1.31015
2.50801
14.679
1.73052
9.97874
11.3416
11.3217
19.473
12.2265
16.8546
19.7237
17.1316
6.22983
13.3554
9.81714
18.3591
18.9108
19.372
11.1693
17.5699
8.9889
7.68804
0.819064
8.26157
14.7472
16.2159
7.8234
10.6239
16.9324
18.6876
6.34409
17.078
3.64456
4.93968
13.9288
11.2458
19.4889
15.2036
8.94766
8.36807
3.29085
17.5134
9.81771
18.9827
15.2615
14.7575
9.22325
9.1359
9.47912
8.02922
5.64378
7.30684
1.89102
13.1697
10.6643
8.7677
9.97177
4.19568
6.21221
12.9767
7.55434
17.7865
12.2672
8.80822
1.12326
6.05613
15.9801
12.6591
15.4583
3.1056
6.29399
13.8526
9.65766
6.42348
5.88666
9.51278
17.0536
3.77966
17.1362
0.84991
13.8354
14.7294
0.181215
10.109
17.4471
4.36296
8.73996
11.5728
11.7868
19.3553
10.858
4.98224
13.7726
16.0427
14.1311
14.7252
5.97478
2.74544
5.03148
4.73438
18.7122
18.0493
17.5621
3.10953
5.72431
2.30401
6.3616
16.9392
8.25934
5.23556
6.13177
16.3614
16.2603
19.1948
4.19103
4.72238
2.6738
8.79975
11.6342
19.032
9.50938
13.77
15.3377
3.32012
5.90309
18.0166
3.04504
5.95744
11.3552
13.3294
13.3218
18.6947
5.99934
4.11867
2.79245
3.61122
6.82534
3.92078
5.25791
3.09174
19.9437
5.62362
18.1362
5.01387
12.1003
11.6101
6.30967
13.4335
17.8857
9.31904
19.186
2.49734
8.61703
13.2093
14.4656
17.2389
14.0008
15.2792
12.9176
8.99271
17.7955
3.17391
16.2124
10.4391
7.21004
8.18192
3.66777
15.2283
19.8915
15.7325
7.91261
1.53894
5.82681
12.6976
13.6289
10.6255
12.666
5.41971
4.19163
12.9227
1.19459
17.7102
19.5592
15.0861
0.242883
9.38956
16.0762
13.5459
0.952308
19.5814
14.3863
0.22983
9.62441
14.4247
7.92852
5.24941
4.18919
19.4682
15.6363
14.035
17.0096
8.00083
10.9295
19.6723
4.93293
10.4236
1.04333
5.57983
10.1523
1.33236
11.6066
0.965596
5.00062
18.4248
4.53466
8.29737
6.04214
5.81769
12.0726
8.25711
4.63296
15.7428
9.61405
2.53645
14.662
11.5472
6.91671
19.7088
4.28258
9.08929
9.63756
19.5174
10.0372
1.53237
1.32824
5.96826
17.5057
13.7068
3.20689
7.7541
6.22582
2.09391
6.02025
17.3834
18.74
11.1581
2.3772
5.87442
11.4643
10.0923
1.88139
18.1574
17.1898
0.786391
14.6239
11.8215
11.7455
0.194476
4.30524
7.37315
9.50376
8.52167
8.07395
2.78151
10.0504
4.29031
0.764246
16.309
17.9474
17.5304
0.997069
17.5892
7.01476
11.8033
10.6918
15.841
11.5624
5.95384
4.12972
8.29437
6.53124
6.87396
18.9816
0.994617
8.96692
18.6548
14.5414
15.0665
4.53096
19.5799
6.87819
2.58845
12.2035
0.618057
3.82424
12.1195
2.62451
3.8021
11.0781
6.18863
5.36393
13.0544
15.0237
3.25056
2.36925
4.74973
3.38216
5.39008
17.9281
2.0456
18.1102
3.73811
3.79245
17.611
15.1975
0.238164
15.1262
16.5084
11.8657
8.23633
15.9968
15.1072
14.8918
12.7747
7.89414
7.1934
10.7292
6.82001
6.06264
0.51192
19.5841
18.6865
0.31362
13.9232
19.6476
4.61962
16.8596
10.0749
2.42873
6.3663
16.9953
14.8926
9.28604
13.9674
18.1964
18.7288
6.47897
0.967849
1.30854
15.2856
11.6472
1.73507
16.4151
12.3081
5.46376
16.508
13.6065
0.814839
0.369399
3.16266
18.8457
7.92747
8.11116
1.64928
11.7811
13.1439
8.50216
5.15134
15.6494
7.44152
5.15858
0.989583
7.88781
15.3526
13.8909
0.634172
8.45947
0.408066
5.9732
18.6528
0.0711
2.08242
19.8169
7.04864
11.6347
18.6352
11.7462
8.067
1.70688
4.87855
12.8712
19.7945
12.9359
19.2169
19.2653
2.82628
0.70957
11.0071
2.23059
3.24525
15.2053
10.5519
3.01129
19.2476
14.1771
14.9805
2.96873
10.6055
13.0178
0.746589
0.993797
18.0605
3.23316
11.8306
9.69201
19.5753
2.62413
2.96419
13.6646
9.02908
17.8507
12.9564
18.3578
3.70717
2.72941
17.368
2.35757
1.83007
5.75722
0.401836
2.38348
1.28327
13.6078
9.71132
17.5756
4.79221
12.308
7.684
9.48739
12.7004
9.61045
0.590899
11.3059
9.25557
13.7963
3.27386
10.0281
2.57039
8.75573
11.2785
11.9722
4.46564
1.25661
14.3748
14.3209
14.3093
17.866
16.067
5.86605
13.019
