5.13956
5.33338
17.577
10.8684
2.77133
19.5332
2.69507
17.3974
4.46322
3.83609
4.67827
12.6362
17.9814
17.5743
9.86957
1.462
0.161762
14.906
6.38613
10.5966
8.57197
10.2296
17.9787
2.23743
12.9833
3.03356
16.5639
9.51764
18.7558
3.80679
19.824
14.3591
7.43115
10.1541
15.7352
2.94174
11.6463
2.53689
9.51028
2.00515
18.5206
9.85131
1.7904
3.64622
10.7461
15.1716
2.49897
19.9614
14.6066
17.2639
12.1133
5.55472
8.05125
5.04907
11.4965
13.6163
2.90056
1.7726
13.3012
14.1598
18.7047
5.14299
17.2841
3.41111
4.72063
17.8745
7.79356
10.7686
12.4011
9.589
14.4039
10.461
13.947
14.0788
14.8122
3.07711
12.8521
3.2107
0.83697
9.60243
7.60139
11.1493
13.8666
13.0498
8.60856
15.2878
2.99522
9.30372
8.09028
14.6863
15.1322
6.38713
15.3597
0.154186
17.3977
2.13871
1.45599
3.06266
15.2198
8.02951
14.5048
2.04342
19.646
10.5497
14.6234
8.32102
19.4326
15.7816
18.5091
19.8996
13.8101
19.3204
14.3849
2.70093
15.183
3.27378
6.05625
16.202
3.7576
6.71712
7.51982
1.95901
2.33405
17.1609
5.38655
18.269
1.22849
0.365737
17.591
7.95581
9.70291
11.1283
