4.55018
18.934
4.06092
2.13979
2.30122
1.06247
12.9491
8.74739
15.7421
15.3959
15.1227
6.88109
3.79104
17.144
9.33835
15.0009
17.6565
18.5488
7.82715
9.81295
7.14754
0.119894
10.7657
12.2318
11.8273
10.0579
12.7897
16.2709
19.821
18.4103
18.3941
18.7869
9.52411
17.2385
8.94601
12.2957
19.4648
4.56496
6.14939
12.0379
3.86911
7.27016
2.98797
2.63419
11.7243
0.696416
19.2498
3.4034
2.33555
19.721
16.1741
19.6281
4.40841
17.0787
5.43292
4.07901
8.76951
5.56839
7.50231
7.88062
16.6576
19.5221
15.4518
7.60637
13.027
4.33613
7.19549
0.0555745
9.5821
17.3692
18.0959
17.1834
14.7806
4.1711
2.42771
8.49771
15.7448
6.70392
14.6458
16.3331
11.2919
1.69149
2.19387
4.59301
6.43166
10.5868
0.478538
19.4269
9.07449
8.5106
17.5092
19.1929
2.71378
2.7232
2.86395
6.89445
7.62369
8.66449
16.1525
11.9506
12.9088
14.5304
7.71905
3.9052
9.90617
11.9509
0.535083
10.586
16.5476
15.6549
4.48795
6.19693
17.9609
14.501
6.46354
16.1526
6.12037
11.0079
13.6273
10.1997
9.91163
15.8285
3.82419
17.6033
11.1352
11.8287
17.5971
18.1704
0.339504
16.8042
5.40244
11.7533
13.3936
12.9638
8.78219
15.1675
13.2461
11.0202
5.69617
9.14813
3.1849
8.21164
15.3063
5.02634
2.47207
7.42141
10.4701
8.17455
16.2332
18.9713
17.072
1.32337
15.2698
7.13841
14.1437
7.50087
15.2202
19.55
2.66232
9.76583
15.7666
3.01611
7.45079
15.5816
14.0316
16.5428
1.04491
5.48377
12.5055
13.6384
14.0909
10.335
17.7663
11.8018
7.6812
2.90786
18.7237
9.30135
2.99704
5.38995
11.7997
8.93139
8.27979
19.5864
13.694
15.0823
2.31242
12.0963
19.8613
4.59551
6.3806
10.3367
17.1393
8.25771
10.4875
9.17191
9.68436
16.8441
18.3628
14.5602
2.69007
5.04838
7.07758
3.75254
4.51344
15.6103
5.95581
17.8589
0.207147
1.7781
6.99634
12.8177
9.1502
11.3844
8.75998
13.7634
8.96197
15.9165
5.41729
15.6676
0.298353
19.8079
16.7637
7.02256
1.62655
3.97501
19.5265
17.3394
14.6169
18.1949
17.1941
5.96821
9.40279
8.57511
18.708
19.7507
17.9121
