4.38387
1.95667
13.826
19.8222
4.20228
18.885
16.283
14.3227
1.66061
1.28759
17.2885
9.7268
7.97364
16.6649
7.29482
4.25905
9.29374
19.2704
6.94188
1.34252
4.0509
13.7058
9.49512
18.3603
0.646497
19.5697
10.4545
17.2591
7.76847
2.87181
8.37936
5.33083
15.2094
18.618
17.9621
16.5407
17.8997
16.0825
19.7738
1.18696
9.33462
17.052
0.0762639
1.24716
0.469151
2.61555
6.79309
16.8726
12.3862
11.9819
19.0905
1.68084
8.82419
9.70635
0.411404
14.6108
0.17569
11.4
7.04388
15.2845
17.6364
2.38933
17.2268
14.9516
12.5981
4.24187
8.53015
19.7381
9.67884
14.927
14.6278
18.041
11.9531
15.2172
2.146
1.51288
13.8643
5.85565
5.60644
8.82308
15.8328
3.64944
18.5484
17.227
9.74136
13.8285
4.5017
7.59367
17.5664
16.9543
0.927934
15.2753
16.3496
16.1713
8.47728
1.18049
12.2227
19.877
0.249767
2.33219
14.4184
17.3073
14.352
2.67518
6.67088
3.25747
7.03959
8.88088
2.58463
15.5104
13.1883
10.0345
15.1848
2.87594
15.3709
0.312989
13.3398
13.3237
13.2064
0.0960967
11.6457
3.29882
14.6587
6.38736
1.43552
2.4194
10.6582
9.85507
19.1625
12.5968
19.1707
13.6446
14.8029
11.6353
16.6246
17.8108
5.28829
1.49063
13.4259
10.4189
8.87656
9.65914
7.6176
15.4061
2.19949
4.81294
12.3497
7.47521
12.2181
16.564
8.81733
13.76
8.52104
