18.8684
13.4953
16.6165
11.5643
17.7338
11.9878
11.8598
11.0139
0.896395
15.6504
4.41803
1.33221
11.2746
9.05971
13.8892
1.0503
1.42176
13.3689
16.6675
10.7964
10.4487
3.48361
15.3067
12.7237
19.2593
16.6362
1.65327
4.34549
4.62918
18.2544
11.9744
19.5588
13.8705
4.26007
17.6879
10.8999
10.7506
18.9159
13.6946
4.01726
16.0834
11.3845
18.2227
0.945534
3.07079
0.488049
19.2971
1.11034
11.0231
3.62246
4.3976
12.7071
17.0873
17.1485
7.62519
16.5198
6.71477
14.205
11.1181
0.670855
11.3039
2.66823
4.45993
17.7037
10.3551
7.21608
11.487
8.22782
6.63334
8.46843
2.46148
5.74538
5.68482
10.6113
0.549273
15.5506
9.85465
19.1888
6.5513
5.89907
19.3648
1.84347
1.20598
9.8373
2.00874
2.30182
9.61808
18.3433
6.10874
16.663
2.42145
1.96867
11.1643
5.93127
4.37636
3.98097
1.48568
13.6411
6.44036
17.2445
8.98214
15.9911
8.12929
7.01714
2.55023
4.16734
0.427134
0.231542
14.4793
14.9819
19.6246
5.78831
14.1716
14.7238
1.6583
4.57168
7.87509
3.07895
11.3206
8.28322
13.9342
14.788
5.34229
11.7799
6.19097
14.5486
0.388861
5.65838
3.09132
11.7578
14.9405
2.6586
5.45487
16.2539
12.1646
16.8572
4.98267
7.22472
17.6723
3.07858
12.0591
18.8468
12.8944
12.4114
12.0997
3.09398
7.1809
14.6112
0.0802543
4.29801
0.955806
3.81303
8.37868
7.54291
4.98851
14.5929
2.90488
19.0288
14.7371
8.22855
17.3624
10.4913
12.6477
18.9752
14.9103
15.4153
11.3883
11.6903
9.80533
1.2677
12.8993
8.70016
7.01332
3.09786
9.15288
4.39662
0.925218
12.5501
18.1969
14.4013
4.77992
5.8622
12.0002
4.99051
0.382545
0.0997443
12.2676
18.2054
2.64381
11.6422
16.9668
14.8827
11.6879
4.53583
16.85
7.08658
8.93502
4.01449
17.4929
3.22944
9.34659
18.5561
0.481243
7.00956
11.5749
13.6382
10.4074
0.536186
17.6023
4.17404
14.8839
11.0491
10.2353
18.067
16.479
11.1326
8.97316
11.9212
4.10756
19.7973
18.3962
11.5663
1.6713
13.8673
10.2496
6.16891
17.0455
15.7772
14.5012
13.8491
11.6676
6.14378
0.918632
5.71755
17.4103
2.32176
13.1746
17.5168
1.53884
16.2707
14.8112
7.50904
3.57139
7.6931
0.195451
18.1007
14.5708
12.5845
16.3732
1.20272
12.6965
7.40793
10.45
6.89345
1.42496
19.03
13.1233
3.69517
13.6647
2.90027
12.4608
10.942
3.33596
5.37671
8.53308
9.36884
0.459622
10.7345
4.03736
4.97999
12.5318
8.89367
14.2582
9.99196
16.5327
14.7409
11.6284
2.78318
3.68542
16.1545
14.3161
8.053
2.51819
10.7738
1.12925
13.4308
2.59213
4.0316
1.82547
18.3368
2.58595
3.64558
6.48693
12.9769
10.9034
12.8773
11.8796
2.77265
15.8707
10.3711
18.6515
12.3244
19.4465
16.4105
11.7855
2.29778
10.7968
10.1357
17.7215
7.87739
10.4635
13.6654
3.60516
11.0787
9.90565
17.1687
13.9134
15.7871
11.0671
0.0465565
2.10251
6.67816
10.7176
8.98829
14.7951
8.20961
14.1109
2.69527
14.9686
4.15257
1.7165
5.41485
18.5811
2.63871
2.55369
1.14122
14.2707
14.3224
16.4366
15.0848
12.2813
19.5373
5.63617
13.1264
5.65527
8.7688
11.9104
8.09787
5.03333
17.4942
17.4171
8.34489
2.91128
14.7244
11.7666
5.95543
11.0157
0.41907
2.49933
13.0944
15.1319
7.09837
19.6494
2.68879
7.55349
18.6763
14.0408
0.507736
18.3142
0.996487
4.18797
5.75515
0.540679
2.79051
5.03534
6.14539
2.79731
11.3869
16.4827
11.5787
5.01986
14.4374
4.7732
16.6881
13.3866
4.01034
19.0576
8.29895
12.8816
1.49285
11.573
5.94668
11.985
10.4149
1.69048
2.74103
14.7291
3.14746
5.51845
18.8916
5.69372
11.66
2.03181
12.365
14.8558
4.91856
0.441592
4.58888
13.9891
16.1313
3.56631
10.9381
10.4596
7.61001
17.3776
3.78834
9.25931
1.75565
9.44777
1.01278
0.130475
17.5594
7.38117
5.08474
5.14855
1.02782
1.45231
5.13223
9.78074
7.67475
0.809205
16.8406
6.18209
4.28491
17.0022
12.4689
15.6592
15.0975
17.041
10.5687
17.6165
19.0472
1.57396
15.2306
15.5723
18.4768
19.861
13.4679
8.4254
15.3678
12.1019
17.9347
8.91779
18.5474
1.51219
4.26575
17.0661
6.45583
6.96579
18.2577
0.323821
16.8873
12.1468
0.658363
2.07458
3.75501
1.95523
5.04807
17.9783
9.6383
3.62892
4.62963
17.9661
1.98076
17.4793
2.38124
16.2278
3.40467
18.1007
16.742
5.19068
10.0309
14.6374
18.9072
9.34624
8.8795
3.16854
2.46023
7.69323
9.62434
3.22545
15.3083
6.30311
0.0617666
17.4159
4.09952
6.96507
12.3769
7.85128
5.76416
3.97104
4.14865
9.57466
18.1254
7.98672
8.03067
9.9694
0.854073
15.2847
7.77119
16.5278
6.6856
6.64031
5.52706
0.658648
10.5803
0.826804
15.1117
7.38853
0.670467
1.63972
1.67094
6.41718
10.0258
1.00294
13.0612
18.8826
8.46242
12.1334
5.41642
16.838
0.539816
6.13162
8.55063
6.42489
1.57202
0.317339
4.73562
16.7337
2.29304
3.46832
11.0544
2.46472
4.8577
0.529816
12.5928
0.177849
12.8045
15.6076
4.67855
11.1502
2.79536
9.53913
3.43565
6.18307
17.5158
12.5895
9.47471
5.36251
4.71707
11.4241
1.10389
12.3169
5.97083
10.1021
5.25059
3.43727
12.885
5.7594
17.4846
12.1069
7.29564
16.1597
0.328268
16.8987
13.1309
11.9242
17.586
8.3581
0.293619
1.06747
17.9735
7.08238
4.9237
1.90519
4.7454
3.06893
7.72011
7.6395
8.03491
2.33802
13.5498
6.00244
17.5922
9.5957
19.8902
0.456342
15.577
14.033
2.17015
1.49531
10.8409
4.89046
15.3225
0.717456
2.61144
19.0012
15.1966
14.905
13.2566
17.2994
8.82365
2.4067
16.8591
6.68699
8.34584
17.5661
8.94332
3.49014
16.6973
11.1575
14.6022
16.8853
15.2328
2.12657
16.011
14.5947
11.5273
17.959
18.8144
1.66334
18.5101
13.0449
5.59285
16.6632
10.5962
8.17595
7.74762
16.3114
16.2038
5.79397
13.7294
16.8787
17.0302
4.67354
8.97057
11.6986
10.8743
15.4106
3.50599
6.38692
0.88431
15.6424
12.914
0.373696
17.2416
10.3664
5.38916
7.24451
7.58386
15.8281
3.68758
3.82619
11.4098
15.2029
5.24419
12.0006
2.498
17.2399
18.0012
8.22472
3.49158
17.4248
13.7617
10.261
16.5844
5.6002
5.44135
15.9119
11.1208
19.8861
9.72596
17.1508
9.32414
6.25641
16.4452
17.765
17.985
5.7327
18.4577
18.2957
2.01218
5.79312
1.28006
1.19794
6.12254
4.74062
16.8729
11.0908
4.04127
